% # columns="iteration, evaluation, min max(neg(.)) min(pos(.)) max correlation, correlation matrix principal axes lengths  (sorted square roots of eigenvalues of correlation matrix)", seed=42, Tue Jul  1 16:23:38 2025
1 24 -0.11808157141706897 -0.09138872784263713 0.10562130581408218 0.219886030920744 0.835013955928978 0.9697986680932973 1.0441734842660024 1.1278049350504287
2 48 -0.2672369759545943 -0.26385963220454267 0.1616961525993289 0.21425984683318391 0.835013955928978 0.9697986680932973 1.0441734842660024 1.1278049350504287
3 72 -0.28323457754457537 -0.2815861062869664 0.20689218236594198 0.22272412814930864 0.835013955928978 0.9697986680932973 1.0441734842660024 1.1278049350504287
4 96 -0.3876343046132029 -0.372460964791437 0.32170159101038487 0.3896086990840788 0.835013955928978 0.9697986680932973 1.0441734842660024 1.1278049350504287
5 120 -0.5878814139912879 -0.4577804095839996 0.3908280987354356 0.3960169988109962 0.6021593082634169 0.7473794871841573 0.9937029829827785 1.446161281192107
6 144 -0.5395488661239893 -0.4183643875263758 0.23754971226444935 0.26222617216500155 0.6021593082634169 0.7473794871841573 0.9937029829827785 1.446161281192107
7 168 -0.4637372649614536 -0.4411156073879534 0.12114817993844251 0.13183199181860775 0.6021593082634169 0.7473794871841573 0.9937029829827785 1.446161281192107
8 192 -0.48969531222916934 -0.3302815461634128 -0.051858213315399075 0.2929713916544248 0.6021593082634169 0.7473794871841573 0.9937029829827785 1.446161281192107
9 216 -0.5185836042041085 -0.49581806656904276 0.014542531320898725 0.2661717370883955 0.6375534573445607 0.674880175845114 1.228858058796743 1.2759193581921884
10 240 -0.5847667243689217 -0.5319315554440393 0.04185739444737192 0.24474542015102654 0.6375534573445607 0.674880175845114 1.228858058796743 1.2759193581921884
11 264 -0.718235457632616 -0.6719710774161404 0.16927794039815733 0.17664881108266894 0.6375534573445607 0.674880175845114 1.228858058796743 1.2759193581921884
12 288 -0.7527065486818005 -0.6442125697164931 0.15172565713172992 0.18181095154410515 0.6375534573445607 0.674880175845114 1.228858058796743 1.2759193581921884
13 312 -0.725439760484343 -0.6678752855383375 0.15570032198615535 0.18875711175207888 0.3922479083690774 0.5298286571222777 1.1930839123745736 1.4635484107145438
14 336 -0.7373128890788482 -0.7299824466991894 0.27931961177084025 0.31431221601361065 0.3922479083690774 0.5298286571222777 1.1930839123745736 1.4635484107145438
15 360 -0.7040744273470018 -0.6891747276754046 0.16035077706956385 0.18894001416528602 0.3922479083690774 0.5298286571222777 1.1930839123745736 1.4635484107145438
16 384 -0.7342156841578684 -0.6509712874242999 0.07759520748384023 0.23555612515730215 0.3922479083690774 0.5298286571222777 1.1930839123745736 1.4635484107145438
17 408 -0.7293128480276025 -0.506992571547136 0.1908019354304745 0.2725750310743872 0.4664318637669421 0.5821287803029468 1.1959686200552526 1.418882116121362
18 432 -0.7237287738122876 -0.5412399708298558 0.22484762535515287 0.3080486142193277 0.4664318637669421 0.5821287803029468 1.1959686200552526 1.418882116121362
19 456 -0.7456427918556595 -0.5994965153193409 0.10939667742086681 0.3558078665810696 0.4664318637669421 0.5821287803029468 1.1959686200552526 1.418882116121362
20 480 -0.7715797723718204 -0.5467111816443897 0.16158390239254183 0.3380605041887671 0.4664318637669421 0.5821287803029468 1.1959686200552526 1.418882116121362
21 504 -0.7858950180752986 -0.570537747938203 0.15847016323912075 0.3442262047037558 0.4387487069808504 0.5560791555399187 1.2180970304387073 1.4193361720653237
22 528 -0.7361939241522276 -0.5509737390674031 0.0373281942741497 0.40008904032452036 0.4387487069808504 0.5560791555399187 1.2180970304387073 1.4193361720653237
23 552 -0.7431988409825018 -0.43456536980185706 0.19274212931241033 0.46422243423737425 0.4387487069808504 0.5560791555399187 1.2180970304387073 1.4193361720653237
24 576 -0.766519910242335 -0.4286074241137827 0.2311274068198979 0.382093574251819 0.4387487069808504 0.5560791555399187 1.2180970304387073 1.4193361720653237
25 600 -0.6578716969518787 -0.3433443391109837 0.29197556737947006 0.3508121764015354 0.3821020154946321 0.8467721294787259 1.1636801001939472 1.3352241890055805
26 624 -0.7032029036149207 -0.26636961538221443 0.19945976615150054 0.4450232981792303 0.3821020154946321 0.8467721294787259 1.1636801001939472 1.3352241890055805
27 648 -0.7377781082085788 -0.2437605061193583 0.09396510122146354 0.5275270042262737 0.3821020154946321 0.8467721294787259 1.1636801001939472 1.3352241890055805
28 672 -0.7349269684594306 -0.1684281075600999 0.19085711286506968 0.5196278173377337 0.3821020154946321 0.8467721294787259 1.1636801001939472 1.3352241890055805
29 696 -0.6739495100317249 -0.2901392645984059 0.18241467508870324 0.5003288720180341 0.3054576333461533 0.8748841884280012 1.129674517977074 1.3656898529690074
30 720 -0.6871050578003945 -0.25905577729848583 0.1923242004206306 0.6665536625359108 0.3054576333461533 0.8748841884280012 1.129674517977074 1.3656898529690074
31 744 -0.6901047554362612 -0.3310549953258937 0.30141308345735107 0.634955939068475 0.3054576333461533 0.8748841884280012 1.129674517977074 1.3656898529690074
32 768 -0.6682920787573778 -0.4633713590846844 0.4483568119166086 0.6762654292086347 0.3054576333461533 0.8748841884280012 1.129674517977074 1.3656898529690074
33 792 -0.6664404430558999 -0.5031771650597261 0.5119643895953636 0.7152709697146857 0.18240509947142025 0.7356684290122046 1.0136439480700572 1.5485626525208736
34 816 -0.5341073937096985 -0.5284505227295246 0.4777178764216589 0.7663369427116258 0.18240509947142025 0.7356684290122046 1.0136439480700572 1.5485626525208736
35 840 -0.578968530386597 -0.5101931000425144 0.4528505074117801 0.8296957885037374 0.18240509947142025 0.7356684290122046 1.0136439480700572 1.5485626525208736
36 864 -0.5982356909024605 -0.5333608147840168 0.44367245988151804 0.8004790905202711 0.18240509947142025 0.7356684290122046 1.0136439480700572 1.5485626525208736
37 888 -0.5672610495616192 -0.47842281808332365 0.5557264421416559 0.7589904672841361 0.12956410562234394 0.640403140311033 1.142850605638506 1.5056525009462667
38 912 -0.7158464121188048 -0.5419620487813224 0.5880945982827157 0.608765087878584 0.12956410562234394 0.640403140311033 1.142850605638506 1.5056525009462667
39 936 -0.7373258200816215 -0.5023048132238457 0.5471968701777253 0.7037001030184121 0.12956410562234394 0.640403140311033 1.142850605638506 1.5056525009462667
40 960 -0.8129041096470249 -0.5599826691404175 0.6418613301468666 0.7146368354533026 0.12956410562234394 0.640403140311033 1.142850605638506 1.5056525009462667
41 984 -0.7998908525304168 -0.5021745864013918 0.5006843346336667 0.7798063652575857 0.07877052191479542 0.45800625962114755 1.217319798137348 1.5172863869711488
42 1008 -0.8126518184401885 -0.39069657211214015 0.38957820409212013 0.8470429814433382 0.07877052191479542 0.45800625962114755 1.217319798137348 1.5172863869711488
43 1032 -0.8442218947690326 -0.3726006020450785 0.36131041018748383 0.8930002798045785 0.07877052191479542 0.45800625962114755 1.217319798137348 1.5172863869711488
44 1056 -0.8635746185261489 -0.4121884906437868 0.39563848190335876 0.9093372738598207 0.07877052191479542 0.45800625962114755 1.217319798137348 1.5172863869711488
45 1080 -0.8781406758220625 -0.44670646100268346 0.44514466183193246 0.9131931889170559 0.05396455285030728 0.35629376026931636 1.1921701219037963 1.5648875307410133
46 1104 -0.8841111912060254 -0.4267682087900064 0.4597749809779946 0.9191461088706281 0.05396455285030728 0.35629376026931636 1.1921701219037963 1.5648875307410133
47 1128 -0.9058141449661152 -0.46162913938963157 0.4859790117151361 0.9351996918315918 0.05396455285030728 0.35629376026931636 1.1921701219037963 1.5648875307410133
48 1152 -0.9348146743350636 -0.49984938158450204 0.5017721225559532 0.9307179664272578 0.05396455285030728 0.35629376026931636 1.1921701219037963 1.5648875307410133
49 1176 -0.9192830608681006 -0.43794069225566734 0.3393571283433377 0.958062724867767 0.03293900370657276 0.28253297510533987 1.2025902991526458 1.5725351227864177
50 1200 -0.9187999649672575 -0.4531661623291399 0.3543391964710334 0.9578413902619334 0.03293900370657276 0.28253297510533987 1.2025902991526458 1.5725351227864177
51 1224 -0.9373755385947785 -0.34670571288297153 0.272127047508497 0.9507069702103665 0.03293900370657276 0.28253297510533987 1.2025902991526458 1.5725351227864177
52 1248 -0.949935298192918 -0.38763850615596207 0.37054814575657524 0.9211149905051818 0.03293900370657276 0.28253297510533987 1.2025902991526458 1.5725351227864177
53 1272 -0.9605497665870651 -0.21888901878917083 0.21784082578012437 0.9430961965969689 0.021977485269806647 0.2022742244100438 1.3659078907674618 1.4466850943518132
54 1296 -0.9653775973190051 -0.17167781415927685 0.14092058062705312 0.9572204411419313 0.021977485269806647 0.2022742244100438 1.3659078907674618 1.4466850943518132
55 1320 -0.9617900088607075 -0.19471009849207122 0.11565327672838788 0.9745672977892605 0.021977485269806647 0.2022742244100438 1.3659078907674618 1.4466850943518132
56 1344 -0.9626870235190778 -0.17048712237970062 0.051264602875979254 0.9808467067522729 0.021977485269806647 0.2022742244100438 1.3659078907674618 1.4466850943518132
57 1368 -0.9786318934149149 -0.36781248474100225 0.2889579381991736 0.9725097493151234 0.011722896919953816 0.13403570589324165 1.250113867938705 1.5553495814191847
58 1392 -0.9823141343801737 -0.42733812457920783 0.36271509826094106 0.9762248424573352 0.011722896919953816 0.13403570589324165 1.250113867938705 1.5553495814191847
59 1416 -0.9781365417938666 -0.37200903640864613 0.28541499184376984 0.9751026445742258 0.011722896919953816 0.13403570589324165 1.250113867938705 1.5553495814191847
60 1440 -0.9824582306168115 -0.3834097758429384 0.30156011807991745 0.9747199401301346 0.011722896919953816 0.13403570589324165 1.250113867938705 1.5553495814191847
61 1464 -0.9794348828825421 -0.35661363099911625 0.2698347578780615 0.9681804090820401 0.011162863450435177 0.12865501864821038 1.2696338939938971 1.5399198199510613
62 1488 -0.977172430968259 -0.37622412631466895 0.27228363025564456 0.9712182367646796 0.011162863450435177 0.12865501864821038 1.2696338939938971 1.5399198199510613
63 1512 -0.971792356035413 -0.49424293892813315 0.3871737300667808 0.9823656904622445 0.011162863450435177 0.12865501864821038 1.2696338939938971 1.5399198199510613
64 1536 -0.9760392307905863 -0.5420371810392501 0.45431000679855216 0.9806106356727289 0.011162863450435177 0.12865501864821038 1.2696338939938971 1.5399198199510613
65 1560 -0.9806159664722508 -0.40181837697464085 0.3194264269331374 0.9777106307329683 0.007773240833017809 0.12488420820707723 1.2144065291380348 1.584159175479016
66 1584 -0.9760146336919423 -0.29710377761990825 0.18548195123263161 0.9854134372722302 0.007773240833017809 0.12488420820707723 1.2144065291380348 1.584159175479016
67 1608 -0.98132598257831 -0.3224704902548963 0.23556099946994813 0.9869340088422419 0.007773240833017809 0.12488420820707723 1.2144065291380348 1.584159175479016
68 1632 -0.9761115061249653 -0.3010052597816984 0.20455413019053628 0.9905172472333764 0.007773240833017809 0.12488420820707723 1.2144065291380348 1.584159175479016
69 1656 -0.9845972419726736 -0.1985305545005581 0.15218071905598604 0.9879189906957875 0.005201320181841738 0.11986113102889501 1.3400055390021306 1.4798619567312525
70 1680 -0.9868208041227889 -0.1162780668127358 0.09981346125663972 0.9834511386535483 0.005201320181841738 0.11986113102889501 1.3400055390021306 1.4798619567312525
71 1704 -0.9871281791280179 -0.17384668850632812 0.16101392268096407 0.9804181261327735 0.005201320181841738 0.11986113102889501 1.3400055390021306 1.4798619567312525
72 1728 -0.9906502217127793 -0.20672334257646538 0.20177771669056768 0.9731496562204796 0.005201320181841738 0.11986113102889501 1.3400055390021306 1.4798619567312525
73 1752 -0.9936989863866561 -0.1825199989937763 0.18969113710046578 0.9675957682473882 0.005462894790299198 0.08025833336308782 1.369288444383897 1.4555335491781076
74 1776 -0.9941822983537716 -0.1983521451051939 0.1931034991830113 0.977255665314 0.005462894790299198 0.08025833336308782 1.369288444383897 1.4555335491781076
75 1800 -0.9963747107743854 -0.38406835134489176 0.3864020335376283 0.9726664267152465 0.005462894790299198 0.08025833336308782 1.369288444383897 1.4555335491781076
76 1824 -0.9969197630969724 -0.5990685358021952 0.6077652831988986 0.971097006185378 0.005462894790299198 0.08025833336308782 1.369288444383897 1.4555335491781076
77 1848 -0.9958081764812788 -0.683992381438879 0.6927539591520419 0.9732301912891189 0.0035682874516300713 0.06503474851129996 0.9018578950178056 1.7839310765847394
78 1872 -0.9965705549014628 -0.6953604910106892 0.7031638706481201 0.9697391338009462 0.0035682874516300713 0.06503474851129996 0.9018578950178056 1.7839310765847394
79 1896 -0.9971996782045404 -0.6711684379915747 0.6843220149583086 0.9668048680722267 0.0035682874516300713 0.06503474851129996 0.9018578950178056 1.7839310765847394
80 1920 -0.9977166529150786 -0.7275567309541536 0.7337468439643622 0.973354428040205 0.0035682874516300713 0.06503474851129996 0.9018578950178056 1.7839310765847394
81 1944 -0.9974929162424371 -0.6362702996768769 0.6489973070044182 0.9672586782035342 0.003055550503970295 0.04942680726603648 0.9679920908753448 1.7494396149445628
82 1968 -0.9978936725002171 -0.7340204983176859 0.746353069285019 0.9797840143434493 0.003055550503970295 0.04942680726603648 0.9679920908753448 1.7494396149445628
83 1992 -0.9980961780626139 -0.8341588462788414 0.8424812311142399 0.9870936469694277 0.003055550503970295 0.04942680726603648 0.9679920908753448 1.7494396149445628
84 2016 -0.9981972907945024 -0.895077301353645 0.9041720949165832 0.9927480272807758 0.003055550503970295 0.04942680726603648 0.9679920908753448 1.7494396149445628
85 2040 -0.9965656699562908 -0.878082272310119 0.8903926580017482 0.9912015089765673 0.0020735408982522205 0.0563187957556876 0.5503162011857977 1.92197189687706
86 2064 -0.9965323832471602 -0.885426397197076 0.8931561477806735 0.9905184130234223 0.0020735408982522205 0.0563187957556876 0.5503162011857977 1.92197189687706
87 2088 -0.995858080184342 -0.8824389870726034 0.8907839176061303 0.9888789127561949 0.0020735408982522205 0.0563187957556876 0.5503162011857977 1.92197189687706
88 2112 -0.9960315494682791 -0.856150407919614 0.8612654751988382 0.9855671811998089 0.0020735408982522205 0.0563187957556876 0.5503162011857977 1.92197189687706
89 2136 -0.9967240192895617 -0.8422265513915034 0.8484462076626741 0.984730464220085 0.003224443777205636 0.05744044119291031 0.6472956428442854 1.891480517857029
90 2160 -0.9967798564924761 -0.8033660506496141 0.8129645423916042 0.9815215722337679 0.003224443777205636 0.05744044119291031 0.6472956428442854 1.891480517857029
91 2184 -0.9964244948878745 -0.7804087648197819 0.7896071885999967 0.9805304280964008 0.003224443777205636 0.05744044119291031 0.6472956428442854 1.891480517857029
92 2208 -0.9968848246983105 -0.7951108738137064 0.7994448619706926 0.980833206280503 0.003224443777205636 0.05744044119291031 0.6472956428442854 1.891480517857029
93 2232 -0.9968172840882844 -0.8238849679619138 0.8342954319709553 0.9893341042969325 0.0023555606590926876 0.05544895842233459 0.659021624688716 1.8874878443413892
94 2256 -0.9971650753997845 -0.8443376408209696 0.8623020993346507 0.9911910104144408 0.0023555606590926876 0.05544895842233459 0.659021624688716 1.8874878443413892
95 2280 -0.9961976760722805 -0.8398475515096466 0.8588463074443574 0.9908114035764652 0.0023555606590926876 0.05544895842233459 0.659021624688716 1.8874878443413892
96 2304 -0.9955229262222476 -0.7882222665158122 0.8097778990355504 0.9897008728194872 0.0023555606590926876 0.05544895842233459 0.659021624688716 1.8874878443413892
97 2328 -0.9966645294094413 -0.8387108311469881 0.85151746031637 0.9903312880001358 0.0022069361851146884 0.05584790052002511 0.6277132133731448 1.8981180846293362
98 2352 -0.9972879451613824 -0.8383382866010737 0.8520647602868727 0.9897465392845054 0.0022069361851146884 0.05584790052002511 0.6277132133731448 1.8981180846293362
99 2376 -0.9979876148679011 -0.8908266288853619 0.8972596447808565 0.9925697439434412 0.0022069361851146884 0.05584790052002511 0.6277132133731448 1.8981180846293362
100 2400 -0.9979251610993012 -0.910686839910975 0.9158288523406432 0.9937834006219641 0.0022069361851146884 0.05584790052002511 0.6277132133731448 1.8981180846293362
