% # columns="iteration, evaluation, sigma, void, void,  stds==sigma*sigma_vec.scaling*sqrt(diag(C))", seed=42, Tue Jul  1 16:23:38 2025, <python>{}</python>
1 24 0.6159343168611805 0 0 0.5281725841539605 0.8144869842640204 0.33333333333333337 0.5420103238695158
2 48 0.6074268960236877 0 0 0.4734015391342263 0.8144869842640204 0.3333333333333333 0.5057855873426466
3 72 0.622439632223146 0 0 0.48791930806906164 0.7906654174820706 0.33333333333333337 0.5101129982638888
4 96 0.625375079928446 0 0 0.4928853452387987 0.6514807462356341 0.32724219930628895 0.528566520802846
5 120 0.6446508911765381 0 0 0.5090633482951421 0.5566057381001376 0.3333333333333333 0.5789842903115864
6 144 0.6600798316385919 0 0 0.5618077988484349 0.5091342105301745 0.2864689799843718 0.5040755887202087
7 168 0.5375589416010866 0 0 0.45045557206463166 0.3539066010859438 0.21076945010959558 0.38177491241645517
8 192 0.4600671000323647 0 0 0.3921231354758994 0.2651227779008639 0.16558857708906388 0.3334840322377976
9 216 0.4265991942969581 0 0 0.33683316980185807 0.20374977932852817 0.14523872777450206 0.28439857243325006
10 240 0.3926837802008836 0 0 0.28839731262592433 0.1560940752280359 0.13040799751389465 0.2513595554198367
11 264 0.43175112237053 0 0 0.3392070519845255 0.15641536485804178 0.1754288050686154 0.2924011170708426
12 288 0.39033946529641067 0 0 0.2686595793235058 0.11940334273559779 0.14599821608914382 0.26476064400678234
13 312 0.37036395297899716 0 0 0.2348753581095794 0.0975488678764471 0.14396880488759015 0.23420223778310092
14 336 0.36133629197350786 0 0 0.2047858762297927 0.073773764773087 0.14590480053886734 0.23552116567752043
15 360 0.3895445550044349 0 0 0.18786815451812533 0.06859400254028306 0.14394761659907715 0.2661846716195544
16 384 0.33966157707616096 0 0 0.15093498795135374 0.052701243985879984 0.1107588138376413 0.2271520124563611
17 408 0.3160472373828598 0 0 0.11560267214719974 0.04257402534565036 0.08855284391925461 0.1955431825022158
18 432 0.3162054053551487 0 0 0.09926243963883578 0.03811637504224041 0.08272630779684743 0.2019381626195632
19 456 0.3892033474855957 0 0 0.11530964819557683 0.04158056900312193 0.09556038029128085 0.31468265727455885
20 480 0.3527697416129858 0 0 0.09620090239626315 0.033546169766789556 0.08312789810623473 0.25215733283651104
21 504 0.34728043718939694 0 0 0.08302533400236355 0.028175063090336284 0.08571868935758709 0.2180134942198576
22 528 0.31641115580433943 0 0 0.06689367232733225 0.02117218087704829 0.07132198616466214 0.1632040905831532
23 552 0.26506454281267006 0 0 0.05191175943291471 0.017355183742780868 0.05580421821604692 0.12368753574900428
24 576 0.23236492528868039 0 0 0.04331498708985087 0.01419572790671291 0.04361195675420299 0.0896849505529975
25 600 0.2537689435048526 0 0 0.04365687340505919 0.014999585120135862 0.042192604462299034 0.08871453518171588
26 624 0.2540269637503613 0 0 0.040666051925280985 0.015508637198376064 0.03749177203450165 0.07360068710511894
27 648 0.24164409836721634 0 0 0.03579743970509138 0.014566581717094173 0.03377050246635508 0.06230011456543891
28 672 0.22396096307435204 0 0 0.03244403602133416 0.012853844721908888 0.03143263867252416 0.04653228266615434
29 696 0.2361818264187695 0 0 0.03542210186022722 0.012484572991512498 0.032888572540462666 0.040045906522362326
30 720 0.27155958762039817 0 0 0.03910666043229573 0.015562607422596545 0.04360497638041217 0.03848767037145622
31 744 0.27786702139462954 0 0 0.03787498358589352 0.0147766653322679 0.045121451213576844 0.0369335804051849
32 768 0.2687277134850475 0 0 0.036013707193909096 0.013480589723963165 0.04119723712706117 0.033740025295006554
33 792 0.21947841953356162 0 0 0.026782669104738043 0.010174416712698198 0.03119226288006671 0.024095355993242692
34 816 0.23399355158743612 0 0 0.028838591788809653 0.010975667265401367 0.03539083521658489 0.02273725967691173
35 840 0.24767494126817713 0 0 0.030733237156972685 0.01232794417040669 0.04078149125807943 0.022253449852292117
36 864 0.21858885135981218 0 0 0.028669220314902072 0.010468603676825656 0.03489076730105742 0.018132205116744862
37 888 0.23616313018300558 0 0 0.030093674199862634 0.009716844678202973 0.03636588209716198 0.0179727917216801
38 912 0.2695785796345424 0 0 0.03592081504635208 0.010032976079087758 0.03973408551393255 0.022462835732382898
39 936 0.23562443366513727 0 0 0.028761166956586457 0.008994461376673445 0.037166562815680294 0.017658189218688135
40 960 0.2395310847773184 0 0 0.03095936264549058 0.009908441095075448 0.037738458661134164 0.01709406362405027
41 984 0.26216613851066234 0 0 0.03067155671883338 0.01068979168383315 0.04378580702274597 0.01690126673486319
42 1008 0.25122862668102053 0 0 0.026070629958336467 0.01054914529519781 0.04522708164095331 0.014183498114120459
43 1032 0.23468708292472504 0 0 0.021970736178226077 0.010705153665500903 0.04535272597898569 0.011980569080696368
44 1056 0.18337642879388363 0 0 0.01523952276430702 0.008060063994834568 0.033473556377898964 0.008215350891048889
45 1080 0.19468043880168545 0 0 0.015162045766364748 0.008590419550585615 0.034752543064369416 0.008180078431524133
46 1104 0.18853655321182386 0 0 0.013197586437114878 0.007739976417945917 0.0314364132012306 0.0070167508871325605
47 1128 0.16799119142828664 0 0 0.010980368461365797 0.007012281356562001 0.027867257208794714 0.005793823776279834
48 1152 0.14141557116259992 0 0 0.00884008501983907 0.005629892654745559 0.02201858576928517 0.004704881739501257
49 1176 0.16278013643450465 0 0 0.009127036126791667 0.007539499577225642 0.030418430171783434 0.004955652187939976
50 1200 0.15213854682468206 0 0 0.007871213491100941 0.006553981831743827 0.026330700988426086 0.004311985992953787
51 1224 0.15974878408763885 0 0 0.008355961100542252 0.006586854636680996 0.027412359481318222 0.004383844396545028
52 1248 0.17469330235268815 0 0 0.01018549978688514 0.00645505707785737 0.026590667959837826 0.0048746569116138155
53 1272 0.14729358639474174 0 0 0.00813790695038981 0.005910723663977177 0.026069851213966124 0.003796302111427069
54 1296 0.1399609903983325 0 0 0.007146765682775171 0.0059723264957726434 0.026790927891347332 0.0033198123014215237
55 1320 0.15044025482879606 0 0 0.00695303547444845 0.007619225307692311 0.03374953052508405 0.003095902102701733
56 1344 0.14031545053935582 0 0 0.005416423254342702 0.006834034471307978 0.030475546169260053 0.002523117567653457
57 1368 0.15950109992568784 0 0 0.007019051111842079 0.007135774102542516 0.03375264258973759 0.0032222254055575134
58 1392 0.14893461541681913 0 0 0.006194750578424001 0.0065662504353916126 0.03171777933477499 0.002817099054030779
59 1416 0.12795926738426372 0 0 0.004695573403861484 0.005027063963720566 0.023838644058725246 0.0021130799977801588
60 1440 0.1204737989839398 0 0 0.004270458884520422 0.004500302197613739 0.02142751223147465 0.0018820349803711294
61 1464 0.10065813479934975 0 0 0.003338615785211696 0.0031963515567926945 0.015107830401174924 0.0014543845491472725
62 1488 0.09760992303203185 0 0 0.0031132020836760303 0.003187390386406121 0.01510933007747325 0.0013452352658074658
63 1512 0.09801810833933806 0 0 0.0027755169648644258 0.003507124025133749 0.017014599075947174 0.0012120214115596683
64 1536 0.09001102780989222 0 0 0.0024585316160719074 0.0029006305398205285 0.014353210625801294 0.001062418796534099
65 1560 0.07479192636084349 0 0 0.001967377510667579 0.0022842246162245164 0.010982085724383523 0.0008316166273927942
66 1584 0.09210972687564024 0 0 0.0021230878635138607 0.003158939705577636 0.01481806815470998 0.0008882546608069569
67 1608 0.08107261560966439 0 0 0.0017223337845763225 0.002662189387778179 0.012607796913904679 0.0007315349171338462
68 1632 0.06874502774198794 0 0 0.0012072495659810804 0.0022273663686903406 0.01048456559751864 0.0005056054574923478
69 1656 0.05996662404131925 0 0 0.001075407353292215 0.0017803460125222063 0.008331116311808206 0.00044888733956411546
70 1680 0.0638008116143587 0 0 0.0011635269275974323 0.0016557207657612741 0.0076817062595245416 0.000498187485974719
71 1704 0.054337181714833545 0 0 0.0009328142505104487 0.0012151524543689777 0.005709166846530091 0.00039707282520342474
72 1728 0.05830903612161213 0 0 0.0010867660492028203 0.0011934677307880398 0.005656602521719026 0.0004644510195068975
73 1752 0.06285293216221675 0 0 0.0012277381244203609 0.0012293138689565702 0.005815344868913486 0.0005097881456895116
74 1776 0.0698948909924864 0 0 0.0012657512625331706 0.0015058738860708955 0.007155680103624066 0.0005278823664233703
75 1800 0.0728579483725687 0 0 0.0015574667123365723 0.0015839644177162216 0.007909481855696355 0.0006472675692509988
76 1824 0.08418491464405908 0 0 0.001915195772482976 0.001628011274344181 0.008781804527570982 0.0007794981164728094
77 1848 0.11094573781629205 0 0 0.0025691626177507827 0.002053516220759886 0.011470727806476918 0.0010208339722709773
78 1872 0.10628988480460343 0 0 0.0024176168014776044 0.0017876780223440077 0.010134828760605057 0.0009513600101466007
79 1896 0.0997315065525658 0 0 0.0021177968511303727 0.0015345030655088035 0.008671399882822516 0.0008300364838284808
80 1920 0.09943077517554484 0 0 0.0021310850488114913 0.0016037108587068298 0.009176341830822594 0.0008295133338189186
81 1944 0.10273850838138779 0 0 0.002024137741726708 0.001532332069957812 0.008516923260850812 0.0007933030955979707
82 1968 0.09452369328117236 0 0 0.0018402033382257672 0.0015413510459507322 0.008718613914231323 0.000716735226745951
83 1992 0.09881690410893905 0 0 0.001956328160939937 0.0016497892459712174 0.009597999713201619 0.0007574304349016693
84 2016 0.15108836772223722 0 0 0.003146953272227795 0.0027986903522158354 0.016432273602738183 0.0011989945738816723
85 2040 0.19284811347981434 0 0 0.003341850659151263 0.0028719709293558984 0.016909023498128832 0.0012640180930942498
86 2064 0.22552529693072454 0 0 0.0038356025680412386 0.003141558374345246 0.01869905521697011 0.0014296475519537074
87 2088 0.24779238097128486 0 0 0.0037889460508201203 0.0028913176917204405 0.01745338745254833 0.0014054136858715851
88 2112 0.23873092915072805 0 0 0.0031820701411836927 0.0023811067289083963 0.014294471815249926 0.0011785197602690552
89 2136 0.2346848883789606 0 0 0.002988392813060417 0.0022485937616972917 0.013443492581857034 0.001095044914646835
90 2160 0.20237016021520615 0 0 0.002404881537827448 0.0018028463170549848 0.01066512448619262 0.0008755866324918318
91 2184 0.18522863774955178 0 0 0.0019624485779235 0.0015031954028239924 0.0087996736038477 0.0007111166079590594
92 2208 0.17493324995051945 0 0 0.0017661859881496899 0.0013314740229989875 0.007844408500444324 0.0006373561461705552
93 2232 0.1738994528591503 0 0 0.0016392441165882555 0.0015066070454917866 0.008674813200831763 0.0005871904038988056
94 2256 0.19185012831578718 0 0 0.0018083414226712077 0.0016730132396044924 0.009701677380823412 0.000635835082813859
95 2280 0.1720546223916221 0 0 0.0014013237338941253 0.001280727599696188 0.007439251044523308 0.0004877417658744325
96 2304 0.15444180321743017 0 0 0.0010459343350387223 0.001034881439802829 0.005863089276334436 0.0003622292580457009
97 2328 0.1572394145500066 0 0 0.0011190091826312118 0.0010093651881811325 0.005866238782905646 0.0003891523204274454
98 2352 0.1364464496370855 0 0 0.0009383092358362299 0.0008174707950472018 0.004781088715120289 0.0003273322920013034
99 2376 0.13740802852534423 0 0 0.0009826616474100794 0.0008473538183017782 0.005028141935233878 0.0003449588404322364
100 2400 0.14903475695692886 0 0 0.001085631805532608 0.0009252044266864706 0.005531077924576674 0.00037522995391425155
