% # columns="iteration, evaluation, sigma, beta, void,  sigvec==sigma_vec.scaling factors from diagonal decoding", seed=42, Tue Jun 24 13:36:01 2025, <python>{}</python>
1 24 0.6280916782701531 1 0 0.5273312517540306 0.977938590371807 1.0 1.0
2 48 0.8253411800702563 1 0 0.41866545567539587 0.8598517076465583 0.8034335563120587 1.0
3 72 0.9503095581054753 1 0 0.36984822986393917 0.8598517076465583 0.6769450411186734 1.0
4 96 0.9249829221632243 1 0 0.36984822986393917 0.8598517076465583 0.6769450411186734 1.0
5 120 0.900821066690122 1 0 0.36984822986393917 0.8598517076465583 0.6769450411186734 1.0
6 144 0.8898732805092677 1 0 0.36984822986393917 0.8598517076465583 0.6769450411186734 1.0
7 168 0.8322295825807607 1 0 0.36984822986393917 0.8598517076465583 0.6769450411186734 1.0
8 192 0.6654770552266617 1 0 0.36984822986393917 0.8598517076465583 0.6769450411186734 1.0
9 216 0.9532287701474838 1 0 0.36984822986393917 0.8598517076465583 0.6769450411186734 1.0
