% # columns="iteration, evaluation, void, void, void, xmean", seed=42, Tue Jun 24 13:36:01 2025, <python>{}</python> # scaling_of_variables: 1, typical_x: 0
1 24 0 0 0 0.7867675842242803 0.26703995269094405 0.13950654914213273 0.041618250268452485
2 48 0 0 0 0.7607537700999087 -0.08859101503354566 0.5164715638253619 -0.40428521382148336
3 72 0 0 0 0.8601371846302039 -0.02433002087518385 0.9515758570963025 -0.42908751956228225
4 96 0 0 0 0.8184778090866218 -0.19603332739888604 0.8945402010094718 -0.9439703836846534
5 120 0 0 0 0.8759749127014872 -0.5143723904534763 1.0037884630115441 -1.127469333535772
6 144 0 0 0 0.7720854603516608 -0.31726042183204345 1.1454944203022663 -1.4470535413584866
7 168 0 0 0 0.7114840156250707 -0.32924725793653536 0.9881403760244336 -1.7050820412791863
8 192 0 0 0 0.7369129116802877 -0.3694964572928482 1.0971391256649954 -1.5002015188046571
9 216 0 0 0 0.9438034879654634 -0.6613304508299821 0.9854013477616215 -1.3876742509203746
