% # columns="iter, evals, sigma, 0, fitness, xbest" seed=42, Tue Jun 24 13:36:01 2025, <python>{}</python>
1 24 0.6280916782701531 0 -0.6340436948841444 0.8030854868705384 -0.008866470754042233 0.3620460357976535 -0.19254836063629824
2 48 0.8253411800702563 0 -5.675561588358903 0.9933159707661662 -0.43568051420729703 0.9915861677341398 -0.6337865548157853
3 72 0.9503095581054753 0 -3.1291151280114105 0.9004430003422578 -0.41079678528700914 0.7781080480262296 -1.9916800439105373
4 96 0.9249829221632243 0 -4.140152920965759 0.6334552396430383 -0.3200613790850938 0.9017171426947517 -1.4861385974405716
5 120 0.900821066690122 0 -4.705968622858503 0.9883849163621896 -0.7594774151805492 0.9009372717168812 -1.8741440952879966
6 144 0.8898732805092677 0 -4.990453877339087 0.8131741388656172 -0.35711881007385726 0.9753091054213383 -1.796888749067057
7 168 0.8322295825807607 0 -5.171066982548875 0.7438933153159365 -0.35114928342689267 0.9851766170794714 -1.628970898546391
8 192 0.6654770552266617 0 -5.645672899751528 0.7841684636987728 -0.4316011907411585 0.9986137795735127 -1.7697670762707907
9 216 0.9532287701474838 0 -8.082661837081416 0.989776687605801 -0.7831681306196402 0.9779199354970063 -1.3371953531943688
