% # columns="iteration, evaluation, sigma, void, void,  stds==sigma*sigma_vec.scaling*sqrt(diag(C))", seed=42, Mon Jun 30 14:40:46 2025, <python>{}</python>
1 24 0.5891438502548884 0 0 0.3 0.7597929622264118 0.3333333333333333 0.003333333333333333
2 48 0.6857241134620357 0 0 0.3 0.8144869842640203 0.33333333333333337 0.0033333333333333335
3 72 0.6276571860437192 0 0 0.2501765770640615 0.6843329604270106 0.3333333333333333 0.002838115947270868
4 96 0.5559957599371681 0 0 0.20103286733423953 0.5292643009653297 0.30122517454159903 0.0023147385962111636
5 120 0.44327563698994715 0 0 0.15579964060377044 0.33244248217524297 0.2747335544991088 0.0018501968268239584
6 144 0.43210983767393374 0 0 0.14887839889970764 0.28898135384961965 0.2839146275473681 0.0017957057963581156
7 168 0.37747487572185806 0 0 0.11351707970576312 0.2126725198738898 0.2808593957214512 0.0014130765772715466
8 192 0.5137630080552349 0 0 0.1416142723965869 0.2568071953889341 0.3333333333333333 0.0020887782513512605
9 216 0.5744083208461357 0 0 0.14701885357296002 0.24509684872671073 0.3333333333333333 0.002145594206865996
