% # columns="iteration, evaluation, void, void, void, xmean", seed=42, Thu Jul  3 09:26:05 2025, <python>{}</python> # scaling_of_variables: 1, typical_x: 0
1 24 0 0 0 0.5184786392602809 0.29126622368252364 0.10452765251633987 -0.0610417141886658
2 48 0 0 0 0.30610344543355933 0.24086352395011051 0.2427066459849651 -0.3107624357018897
3 72 0 0 0 0.17965298375402305 -0.10869531249003225 0.33228557213208226 -0.6331248624659493
4 96 0 0 0 0.21867615136786353 -0.1829151385735499 0.3405027023302479 -0.8610607915137113
5 120 0 0 0 0.08439661249359859 -0.04831299613164661 0.373931526962968 -0.6742422901243338
6 144 0 0 0 -0.00165999923229539 -0.06844050597048142 0.18707797518816696 -0.3945886471840012
7 168 0 0 0 0.00800482797967255 -0.10622161467049501 0.0605110577514144 -0.37066167321468146
8 192 0 0 0 -0.13662551860916752 -0.14712152685305915 0.2293820738926627 -0.5660247694933825
9 216 0 0 0 -0.20692602371627428 -0.14778283577943177 0.36804731766766335 -0.7731930215460625
10 240 0 0 0 -0.18676830365011676 -0.19498162302664684 0.3964652132452782 -0.9723709752624566
11 264 0 0 0 -0.1464862856279138 -0.2304466706851998 0.3655431054814225 -0.9456584655507861
12 288 0 0 0 -0.02997931252290171 -0.19476366128992348 0.38726334977159127 -1.0117702885005218
13 312 0 0 0 0.09540636660300073 -0.15184759884925725 0.460385182917913 -1.1319968380705503
14 336 0 0 0 0.04947822541124969 -0.2000359076458099 0.5370853242729656 -1.4486802281676012
15 360 0 0 0 -0.08194280169036966 -0.23456855626716203 0.5378381038348646 -1.5955972397915494
16 384 0 0 0 0.15683689414654128 -0.16489635714782677 0.5089677099631277 -1.5583068578189525
17 408 0 0 0 0.15364362565617573 -0.16629597930832196 0.4784231584970451 -1.4930212303095678
18 432 0 0 0 0.1664887444441161 -0.19040617819694683 0.5213026811200031 -1.5707616819386283
19 456 0 0 0 0.17519704580301845 -0.20372549075388788 0.5481742235941984 -1.789370170633872
20 480 0 0 0 0.20604828944290388 -0.22903546041585923 0.5658402876922454 -1.835740816799651
21 504 0 0 0 0.24624503261205624 -0.2295847210457549 0.568884410194156 -1.8425067996767082
22 528 0 0 0 0.2457835025667545 -0.211562564727946 0.5523346592766193 -1.8628803198267907
23 552 0 0 0 0.2355929554889013 -0.20379622841749387 0.5184810660978236 -1.8059335840725828
24 576 0 0 0 0.2091579228814307 -0.22745444140922336 0.5457990426805077 -1.8457247643713153
25 600 0 0 0 0.20327516610623134 -0.24672210463231914 0.5937721770047621 -1.8535201972432866
26 624 0 0 0 0.19327750486849615 -0.25368472810996634 0.5562418139434012 -1.8342238337181112
27 648 0 0 0 0.22593044629684314 -0.24334925287003892 0.5654701425396834 -1.8517416597539804
28 672 0 0 0 0.2075380125268743 -0.25895054113395816 0.5906555977796153 -1.8719365838087232
29 696 0 0 0 0.21105514886029303 -0.2600686394467938 0.5716584470295476 -1.8554810371621182
30 720 0 0 0 0.2355898599015036 -0.25296267613293544 0.5593444934317948 -1.8600227326391285
31 744 0 0 0 0.23552978012787118 -0.2558447409708462 0.5335020298629846 -1.860529651053264
32 768 0 0 0 0.22791927131690934 -0.26235009870762876 0.5503220433674498 -1.8484801175001877
33 792 0 0 0 0.21368207986311633 -0.2638979942728805 0.5697543613982492 -1.8625974713440363
34 816 0 0 0 0.2284503772386881 -0.26551260500842205 0.5554924327843955 -1.8546989445052877
35 840 0 0 0 0.24213384411152694 -0.2629505091958592 0.5556968631368335 -1.8515402312519442
36 864 0 0 0 0.2415635848303797 -0.2630636804852395 0.5591323763908815 -1.8559886586127625
37 888 0 0 0 0.24903056230341122 -0.26735777330960464 0.5377967390622446 -1.8569158620242365
38 912 0 0 0 0.23568913674362463 -0.2683425804387343 0.5507322487690749 -1.8570349746390709
39 936 0 0 0 0.23462452959080576 -0.2700543198839102 0.5465800914127218 -1.857939742114032
40 960 0 0 0 0.25372047434440687 -0.26906348819454556 0.5302532171963972 -1.8551240864677772
41 984 0 0 0 0.2504560298436612 -0.26902696824785 0.5373938049659421 -1.8529433726757774
42 1008 0 0 0 0.25232297633883355 -0.26895499331609046 0.5303346863061957 -1.8531561187715724
43 1032 0 0 0 0.25209903595944255 -0.2694759955403549 0.5351594298795234 -1.8525317957293923
44 1056 0 0 0 0.247103305116527 -0.27020198571999493 0.5325904137092167 -1.852121064809721
45 1080 0 0 0 0.24283512844886188 -0.27053862957088864 0.5348244694899771 -1.8520688029318122
46 1104 0 0 0 0.24849482403416556 -0.26991704440256836 0.530531542602134 -1.852559277490684
47 1128 0 0 0 0.2469552672943434 -0.2706605515540456 0.5299175147246651 -1.8524650536411014
48 1152 0 0 0 0.24647785389236315 -0.2707693203869919 0.5299922394181029 -1.8526459645330082
49 1176 0 0 0 0.24701132909047308 -0.2710073443247959 0.5310529016992124 -1.8525646861057918
50 1200 0 0 0 0.25066867141183025 -0.27066213338162165 0.5304504279019034 -1.8523154853297883
51 1224 0 0 0 0.248565449927322 -0.2715689980262095 0.5389709562250523 -1.8524681945215566
52 1248 0 0 0 0.2511757296747519 -0.2714140695910598 0.537322277638327 -1.8523963590479238
53 1272 0 0 0 0.25299109008254916 -0.2711238900359108 0.5329387088769931 -1.852917618083846
54 1296 0 0 0 0.25448736294846974 -0.27156383127225947 0.5355163345899456 -1.852993602778584
55 1320 0 0 0 0.25723625945732426 -0.271293387525906 0.5327891040566523 -1.8531396771653417
56 1344 0 0 0 0.2527680351770112 -0.271440345696603 0.5357712514768521 -1.8527056758339497
57 1368 0 0 0 0.2532402268553033 -0.27152112029506514 0.5367009413677695 -1.8528721934298988
58 1392 0 0 0 0.25264750740083114 -0.2716100631304191 0.5376410133785772 -1.8529686906066818
59 1416 0 0 0 0.25398874803442995 -0.27134040815514254 0.5335040153237228 -1.8528290736980275
60 1440 0 0 0 0.25484221287124176 -0.27131335257874223 0.532285472302716 -1.8528439216478036
61 1464 0 0 0 0.25264693572833674 -0.2714567557476645 0.5352614178136091 -1.8527357772310065
62 1488 0 0 0 0.2519832262146777 -0.2713110046440459 0.5329403708985236 -1.8525588850853885
63 1512 0 0 0 0.2526757826697362 -0.27158637116864226 0.5359906440675725 -1.8528744311775862
64 1536 0 0 0 0.2526274810014202 -0.2716935345113606 0.5374095744845035 -1.8529770297890003
65 1560 0 0 0 0.25184561588868315 -0.27150194087516194 0.5349342412800108 -1.8528555319118916
66 1584 0 0 0 0.2516305209084353 -0.27133708683773855 0.5326177168111357 -1.8526251370919065
67 1608 0 0 0 0.25170410200115895 -0.2713969885908518 0.533428756095252 -1.852471146713915
68 1632 0 0 0 0.25084825037461134 -0.27139504017543875 0.5332605161558323 -1.8525739025962855
69 1656 0 0 0 0.2508347799919551 -0.2714577781156447 0.5344132571851339 -1.8525151551699237
70 1680 0 0 0 0.25114031750182575 -0.2713463590315026 0.532876074441158 -1.8525104739328238
71 1704 0 0 0 0.2519873003324772 -0.2714322485822779 0.5336749006515294 -1.8525391429532765
72 1728 0 0 0 0.25114210206588095 -0.2713929570830569 0.5333790126543243 -1.8523843496375165
73 1752 0 0 0 0.2517371471756016 -0.2713541538695359 0.5326938290908626 -1.852403679163574
74 1776 0 0 0 0.25208305511105256 -0.27140744207348 0.5333040640181906 -1.8523857468074651
75 1800 0 0 0 0.2517915032427277 -0.2714567064983717 0.5338694823707993 -1.8523902615021344
76 1824 0 0 0 0.2514614799833922 -0.2713993576195811 0.5332364794542103 -1.8524188490294122
77 1848 0 0 0 0.25146091770403634 -0.2713885913805655 0.5330856085379162 -1.8524373690832896
78 1872 0 0 0 0.2512076321292165 -0.27134138787427037 0.5325948663889197 -1.8524322303366951
79 1896 0 0 0 0.2510361424375501 -0.27135139371157246 0.5327276849457949 -1.8523889564578935
80 1920 0 0 0 0.2506125737610131 -0.27134593537044843 0.5326993435093559 -1.8523745303469346
81 1944 0 0 0 0.2506082285867173 -0.2713264445653147 0.5324468928848783 -1.8524221011350241
82 1968 0 0 0 0.250488677531618 -0.271303445234308 0.5322097159134391 -1.85239852302693
83 1992 0 0 0 0.24998922263795292 -0.2712744014143969 0.5319011416437139 -1.8524272231161953
84 2016 0 0 0 0.2495896471194457 -0.27124065612248915 0.5315460272620133 -1.8524313062187185
85 2040 0 0 0 0.24970880879288396 -0.2712251133596638 0.5313625033557257 -1.8524561483917803
86 2064 0 0 0 0.2492983320540451 -0.2711612605921039 0.5307034288117117 -1.8524559036220907
87 2088 0 0 0 0.248872133504838 -0.27113767657398263 0.5304794940895597 -1.8524081322829535
88 2112 0 0 0 0.24890093755565768 -0.2711399191532293 0.5304980003600749 -1.8524045612636082
89 2136 0 0 0 0.24928967863717583 -0.27117771412774333 0.5308962014245179 -1.8524087204823991
90 2160 0 0 0 0.2490213196648951 -0.2711342163392644 0.5304293051307776 -1.8524417646565643
91 2184 0 0 0 0.2490552130594498 -0.2711281543230746 0.5303662939686968 -1.8524494253560664
92 2208 0 0 0 0.24905025646367568 -0.2711094013171193 0.5301869627508711 -1.852434731611332
93 2232 0 0 0 0.24894853812646867 -0.27110507391739763 0.5301338309122056 -1.8524541279922844
94 2256 0 0 0 0.2489508303108979 -0.2710975658757865 0.5300655898090175 -1.852438462667836
95 2280 0 0 0 0.24898856199038327 -0.27108940835550754 0.5299874718282008 -1.8524433145516448
96 2304 0 0 0 0.24902255114957272 -0.27109121689469307 0.5300060515660309 -1.852447551523025
97 2328 0 0 0 0.24924947453409238 -0.2711038064055016 0.5301449647608281 -1.8524431223516533
98 2352 0 0 0 0.2491986803489706 -0.27108798211876933 0.5299874551977597 -1.8524429236660005
99 2376 0 0 0 0.24926170647677254 -0.2710832713544114 0.5299444439157339 -1.852445846826382
100 2400 0 0 0 0.2493427863310716 -0.27108308510253737 0.5299493807517607 -1.8524359682759792
