% # columns="iter, evals, sigma, 0, fitness, xbest" seed=42, Thu Jul  3 09:26:05 2025, <python>{}</python>
1 24 0.6159343168611805 0 -0.48147698810760875 0.5544317975023777 -0.10718268395754715 -0.24272868296614347 0.09843430915194419
2 48 0.6320545393011275 0 -0.6668239947566178 0.30184897314270287 -0.07350787939338327 0.45450423892812564 -0.527895314343159
3 72 0.7242838154951042 0 -0.4980283438054954 0.7358540504087927 -0.019948352492387245 -0.10045196400025591 -0.3832774555366765
4 96 0.6979013178901858 0 -0.7239623871373774 0.4562354928813548 -0.22227698768054088 0.48027560558426985 -1.3934992415923708
5 120 0.5865170244879621 0 -0.5970595205127326 0.5376779980403082 -0.01406965569751975 -0.18243957513539616 0.28191415532623176
6 144 0.6273235484792168 0 -0.6282519378542847 0.35163465340843564 -0.030977425724340875 -0.12286302328211157 0.11823031883542667
7 168 0.6240164890182412 0 -0.6473578059418926 0.3032249528422628 0.052258714989129845 -0.4022288174529859 -0.10746472614241392
8 192 0.5214381749578857 0 -0.5445547452272651 0.5424407152291713 0.056591059792159004 -0.2648799812729568 0.2520243003867496
9 216 0.4810982372447053 0 -0.6609415384409775 0.324544947172226 -0.07149731925626204 0.3860830137355361 -0.5940527028909119
10 240 0.47531187737529174 0 -0.5883353593653461 0.5962978463442717 -0.004623192811810617 0.19556247189796552 -0.740575020254278
11 264 0.4257512207142621 0 -0.6501530804929433 0.7042644570894486 -0.37210821253096027 0.4991568122232752 -1.4980884612846146
12 288 0.4220161828250146 0 -0.6723923358666392 0.30237707516797885 -0.0067021637630633735 0.11590909220247986 -0.3031711104095016
13 312 0.5169362679611929 0 -0.7361043206766624 0.5542305573031643 -0.25982709018329136 0.4711194745892375 -1.5731617375180496
14 336 0.5967843104292551 0 -0.8422477840194109 0.4671694243534072 -0.2518976301560017 0.487554697674258 -1.7965373997544094
15 360 0.6054794368885499 0 -0.887119307834048 0.6041360132917822 -0.2926648000857015 0.36937029827709544 -2.0017151826855937
16 384 0.6250270552524612 0 -0.9488870788202801 0.302495897690724 -0.21400275902358407 0.455569749989692 -1.8622890455985803
17 408 0.5132536422288008 0 -0.9578304603247186 0.3093348104090676 -0.24411128690046208 0.4891720436976258 -1.849973593456413
18 432 0.4385177696985173 0 -0.8132843035282218 0.4159573300680674 -0.20921416633476458 0.4888572978414264 -1.6593225437325536
19 456 0.4764476231008672 0 -0.9172260820030145 0.30646667513907067 -0.20272816085669887 0.4902994045214818 -1.895825768120267
20 480 0.4919917793276935 0 -0.9576138746142835 0.30933674058562005 -0.24875597151765658 0.4987871146455567 -1.8472726843090574
21 504 0.4490674258938669 0 -0.9564456486595839 0.30282848342393626 -0.244683496074172 0.4998929209669173 -1.8295592275474706
22 528 0.39559259966741817 0 -0.9224667946357872 0.3143786734783483 -0.216127503977297 0.4984227825138732 -1.8602159378015222
23 552 0.3758952045742067 0 -0.9196210251027873 0.3005993090218847 -0.20191575325832642 0.46436132384971074 -1.760420180026975
24 576 0.3435948263692039 0 -0.9437801143972132 0.30491185681978866 -0.2600078244127069 0.4812461939204414 -1.825273724090104
25 600 0.4093762113906008 0 -0.9807012321782236 0.32769472984222436 -0.2621494046992174 0.45311262037288247 -1.8744733293918776
26 624 0.4215602889787244 0 -0.9792876864791203 0.33769186925171035 -0.2951567678713865 0.4939095270619444 -1.8723305365159706
27 648 0.375733817793425 0 -0.9785735931645138 0.30866687618784366 -0.2685514139793239 0.4952310140548086 -1.8512137469069938
28 672 0.3531176314885832 0 -0.9668489802282191 0.3000063050132025 -0.25782494569651043 0.4836517814373746 -1.8721730480717618
29 696 0.3100346172911948 0 -0.9772912549301136 0.31661031015227775 -0.2687620871724088 0.47919049995843166 -1.8530610594307144
30 720 0.3025627119506676 0 -0.9800887959340198 0.30151642762832176 -0.2661711826455701 0.49992149390418134 -1.8614400805078677
31 744 0.3242063136428392 0 -0.9832729280309548 0.30646364295389705 -0.24306517285865661 0.442785398635054 -1.8618015195911908
32 768 0.3271712322116459 0 -0.9791359006716593 0.3027873377748575 -0.2683140921398741 0.48880049322524893 -1.847809087221099
33 792 0.3025158170305353 0 -0.9811616956068857 0.33462561730617735 -0.27350132564836604 0.46166336295530536 -1.8763621011015155
34 816 0.28466000174020506 0 -0.9833422444241655 0.3128503576038468 -0.2764755889803557 0.492097103253679 -1.85587389679302
35 840 0.26149428349449244 0 -0.9830602741600467 0.30001000582943155 -0.2671481018578487 0.4995819544426233 -1.851505595549492
36 864 0.22120582164554758 0 -0.9829457857831974 0.3033571988708203 -0.26893643540373724 0.49784777949013653 -1.857930493244951
37 888 0.25477748005982087 0 -0.9864477178114833 0.300372312019717 -0.26960701244021534 0.4959089625173596 -1.8541302886918574
38 912 0.2289994705720147 0 -0.9835797319066781 0.30124406080358385 -0.2690379344799842 0.4999562829095879 -1.852038603205511
39 936 0.1992501520686307 0 -0.9861161957960174 0.300748103248854 -0.2677741527763713 0.4919926298483951 -1.8554473405951468
40 960 0.21448492555665238 0 -0.9858751495142298 0.3002075479045481 -0.26878040019544086 0.49419522990075154 -1.855860516128039
41 984 0.20684956970948187 0 -0.9853712846312078 0.3008063631271107 -0.2711303133676565 0.49720382610018543 -1.8480317419516645
42 1008 0.17195261722702504 0 -0.9857791082860973 0.3003229018256183 -0.2706324368945684 0.4996570651295776 -1.8542979343601516
43 1032 0.15344817846575845 0 -0.9865973906391889 0.30081409546229965 -0.2695919196667592 0.4946267795771113 -1.8513372315491563
44 1056 0.1612829794466294 0 -0.9862496946770858 0.30008034870337874 -0.2702923955808379 0.4982081854270291 -1.8512079431512534
45 1080 0.14860335344624734 0 -0.9864093860276822 0.3012625882640645 -0.27177699232057334 0.4988812670757514 -1.853284951663523
46 1104 0.12558425113544278 0 -0.9866087193424654 0.30018523430301153 -0.2684540708567912 0.493659977352304 -1.851331048221582
47 1128 0.13608878102865626 0 -0.986816167452787 0.3000376329235586 -0.2698567863315771 0.4955028388021412 -1.8524057454276814
48 1152 0.11809082364391796 0 -0.9870094064697702 0.3000035186268169 -0.2696568618758081 0.495365290665167 -1.8516684445219436
49 1176 0.10446179868693653 0 -0.9870138030585354 0.3002403946449225 -0.27039605375986575 0.4963709145727106 -1.8531242474762841
50 1200 0.10380051832221511 0 -0.9870204393576263 0.3000799390464687 -0.269921974033781 0.495753901067952 -1.8519917638175751
51 1224 0.13500283582179187 0 -0.9869966603313959 0.3000260358305913 -0.2720430328249182 0.4997617748927163 -1.8530820866884705
52 1248 0.12868981604975344 0 -0.9869583432252166 0.30000426762223675 -0.2718929895466769 0.4996923497399956 -1.8531688052310669
53 1272 0.13613424875715632 0 -0.9869449836190335 0.300053305345729 -0.2712595200726853 0.49856667178209624 -1.8523473674451025
54 1296 0.14718272447992953 0 -0.9870188979121235 0.30003197116910385 -0.27194292886888705 0.49957079590329534 -1.8528576492827875
55 1320 0.13638119915067343 0 -0.9867872501377477 0.30082095156030786 -0.27152568179632514 0.49815660725065725 -1.853504465292816
56 1344 0.12384128068830502 0 -0.9869494595586105 0.3000000667109637 -0.27153582038767704 0.4991527034996494 -1.8527189424107522
57 1368 0.09949363161473924 0 -0.9869477934953362 0.30032684743677274 -0.2720890807750989 0.49964349182819967 -1.8530111410840577
58 1392 0.08185083843954215 0 -0.9870160886309183 0.30006806893242 -0.27200008782837387 0.4996984370748619 -1.8529316942100553
59 1416 0.09741333006054262 0 -0.9870311870894051 0.3002079640206997 -0.2708001771614396 0.4972102428004889 -1.8525159793338213
60 1440 0.1020346266367224 0 -0.9870040883540483 0.3002101664652735 -0.27135983245524986 0.4983324678301084 -1.8527134947695336
61 1464 0.09212649994806339 0 -0.9870157562087181 0.30000092671089595 -0.2720097087050541 0.4998745998089447 -1.8526667986032974
62 1488 0.09918006767273943 0 -0.987044147293853 0.3000065206069024 -0.2715008381858556 0.49884268263403986 -1.8522905434814987
63 1512 0.09909312680107184 0 -0.9870318592012373 0.3000119627235172 -0.2719161800664988 0.49959509022309245 -1.8528948008090775
64 1536 0.09007729095398384 0 -0.9869938750592457 0.3001302674997663 -0.2716970075998778 0.499082314992129 -1.853008338554555
65 1560 0.08776539965384811 0 -0.9870209729199313 0.30004312073487444 -0.27163989182852905 0.4990245703408324 -1.8530019665885666
66 1584 0.10001765502364353 0 -0.9870616456491094 0.30000865705150626 -0.27117846670019663 0.49815496343006227 -1.852713855611686
67 1608 0.09842822047345309 0 -0.9870587706342385 0.3000096777194434 -0.2714507003751238 0.4987005859096867 -1.852196367962096
68 1632 0.09683836789178671 0 -0.9870560667304246 0.3000000949179303 -0.2712780662944514 0.498351204319324 -1.852623333755935
69 1656 0.08766276220102177 0 -0.9870591821334807 0.3000129540669876 -0.27180510990001155 0.4993672105781193 -1.8524489538344713
70 1680 0.07487747601710305 0 -0.9870670820981149 0.30000194079595194 -0.2709805811545698 0.4978031821385408 -1.852362161828612
71 1704 0.0720284983279562 0 -0.987060684125147 0.3000224828297511 -0.2712505556547813 0.498293610491005 -1.8523758848225633
72 1728 0.07549834818283811 0 -0.9870624608954094 0.30000395863870755 -0.2712443786472816 0.49831205223083386 -1.852388407179501
73 1752 0.0718457343692842 0 -0.9870612330374343 0.3000295442475242 -0.2713315406828329 0.49843033365206263 -1.8524180524282705
74 1776 0.06436327228761059 0 -0.9870595337583983 0.3000073359757119 -0.2713809158095298 0.49857250702747796 -1.8522363226204697
75 1800 0.06382239771261308 0 -0.9870598144087119 0.3000052235637402 -0.27145886252901047 0.49871550448328683 -1.8522450790768192
76 1824 0.05843768013296926 0 -0.987061181070643 0.3000030870649004 -0.2713085324287708 0.4984383839747675 -1.8522869172080023
77 1848 0.049804605113198674 0 -0.9870625581950903 0.30000736542928497 -0.2714848915591355 0.49875270150406226 -1.852471524782961
78 1872 0.05000065557817475 0 -0.9870632805086976 0.30000148002880844 -0.2712924408667775 0.498405180974204 -1.8523961722836269
79 1896 0.046153814145038385 0 -0.9870650487810072 0.3000017060587674 -0.271357208466512 0.4985227962605203 -1.8523997857036543
80 1920 0.05099204043737091 0 -0.9870640019170649 0.30000089020766896 -0.2713824274259611 0.49857475275516383 -1.852408785541588
81 1944 0.054672782927267856 0 -0.9870667535542832 0.3000000178136861 -0.2713096700032632 0.4984305732490379 -1.852415887489353
82 1968 0.04740845534811951 0 -0.9870665734153887 0.30000035822288657 -0.2712327089150365 0.4982850648211224 -1.8523824687017707
83 1992 0.05845080984848111 0 -0.9870670865131822 0.30000214902621386 -0.27122890160307433 0.4982698083648068 -1.8524243672864589
84 2016 0.06108300488839904 0 -0.9870658382601039 0.3000012586589051 -0.27124315539040245 0.498300181851407 -1.8525030302116159
85 2040 0.059719428288027815 0 -0.9870666563243393 0.3000100226266307 -0.27112865299607974 0.4980610738516736 -1.8525351313437344
86 2064 0.0777862639978449 0 -0.9870683310261236 0.30000109822404575 -0.2711488315154672 0.4981195427624414 -1.8524352620768898
87 2088 0.08456437067352907 0 -0.9870662760639353 0.3000234079941493 -0.27101612274792813 0.4978297467397244 -1.8525024474353118
88 2112 0.0693451240699444 0 -0.9870674887816548 0.30001111128713054 -0.2711588228468652 0.49812186506722284 -1.8524664030744464
89 2136 0.058097227285908264 0 -0.987066536483332 0.30000093415072593 -0.2712360382064767 0.4982900736333509 -1.8524266570685455
90 2160 0.06239372127137186 0 -0.9870681299249849 0.30000160343480964 -0.27115971586684706 0.49813995001784406 -1.8524311193862417
91 2184 0.05890791001089161 0 -0.9870687280025521 0.300005961126811 -0.27110819520280466 0.4980320027325422 -1.8524539978842194
92 2208 0.06310693119317581 0 -0.9870686102365641 0.3000047422027238 -0.2711077448145969 0.4980318513808995 -1.8524519443677145
93 2232 0.053408023702038156 0 -0.9870688171075837 0.30000698048321484 -0.27108235404411385 0.497980278494822 -1.8524547238805935
94 2256 0.04839875468557126 0 -0.9870688181469626 0.30001073269830747 -0.2710506955480054 0.497915835626796 -1.852435250983923
95 2280 0.0504850194883559 0 -0.9870690710446761 0.30000387526869704 -0.27108867406243414 0.4979968440519199 -1.852471041183842
96 2304 0.04313443641536193 0 -0.9870692519052697 0.3000045988255062 -0.2710787042953228 0.49797719260747064 -1.852453054994613
97 2328 0.051347230717825966 0 -0.98706902772046 0.3000014351339302 -0.27109278493817107 0.49801140935200955 -1.8524147827559547
98 2352 0.05272638065049971 0 -0.9870691771615533 0.3000042795292168 -0.2710809313638535 0.49798239562459085 -1.8524425283533323
99 2376 0.05287706216160823 0 -0.9870694186854279 0.3000013446526064 -0.27109100532822417 0.4980063422649463 -1.852438153073439
100 2400 0.051068214982184515 0 -0.9870691474910865 0.30000105131149296 -0.27109610052815825 0.49801762986675374 -1.8524310349903392
