% # columns="iteration, evaluation, min max(neg(.)) min(pos(.)) max correlation, correlation matrix principal axes lengths  (sorted square roots of eigenvalues of correlation matrix)", seed=42, Mon Jun 30 14:16:49 2025
1 24 -0.27231106756059803 -0.07836389645548741 0.036760078238223956 0.10529415714713831 0.8325784312111679 0.9672397035869245 1.037062347372966 1.1383155095790893
2 48 -0.27231106756059803 -0.07836389645548741 0.036760078238223956 0.10529415714713831 0.8325784312111679 0.9672397035869245 1.037062347372966 1.1383155095790893
3 72 -0.27231106756059803 -0.07836389645548741 0.036760078238223956 0.10529415714713831 0.8325784312111679 0.9672397035869245 1.037062347372966 1.1383155095790893
4 96 -0.27231106756059803 -0.07836389645548741 0.036760078238223956 0.10529415714713831 0.8325784312111679 0.9672397035869245 1.037062347372966 1.1383155095790893
5 120 -0.3022671518071895 -0.1358415288405499 0.057663071423296186 0.3086279042601019 0.7863254086423463 0.9140681099583451 1.0158172512005152 1.2305637546442096
6 144 -0.3022671518071895 -0.1358415288405499 0.057663071423296186 0.3086279042601019 0.7863254086423463 0.9140681099583451 1.0158172512005152 1.2305637546442096
7 168 -0.3022671518071895 -0.1358415288405499 0.057663071423296186 0.3086279042601019 0.7863254086423463 0.9140681099583451 1.0158172512005152 1.2305637546442096
8 192 -0.3022671518071895 -0.1358415288405499 0.057663071423296186 0.3086279042601019 0.7863254086423463 0.9140681099583451 1.0158172512005152 1.2305637546442096
9 216 -0.2892321587414475 -0.08234418044460502 0.056093935792154395 0.24466296714296645 0.8413404817759587 0.8614237141070739 1.1048488887426338 1.1529979668425874
10 240 -0.2892321587414475 -0.08234418044460502 0.056093935792154395 0.24466296714296645 0.8413404817759587 0.8614237141070739 1.1048488887426338 1.1529979668425874
11 264 -0.2892321587414475 -0.08234418044460502 0.056093935792154395 0.24466296714296645 0.8413404817759587 0.8614237141070739 1.1048488887426338 1.1529979668425874
12 288 -0.2892321587414475 -0.08234418044460502 0.056093935792154395 0.24466296714296645 0.8413404817759587 0.8614237141070739 1.1048488887426338 1.1529979668425874
13 312 -0.45832536299069926 -0.15921465080463093 0.0856816569808602 0.3548584111928912 0.691168567080314 0.9175337375957733 1.007415680263851 1.2905547254619618
14 336 -0.45832536299069926 -0.15921465080463093 0.0856816569808602 0.3548584111928912 0.691168567080314 0.9175337375957733 1.007415680263851 1.2905547254619618
15 360 -0.45832536299069926 -0.15921465080463093 0.0856816569808602 0.3548584111928912 0.691168567080314 0.9175337375957733 1.007415680263851 1.2905547254619618
16 384 -0.45832536299069926 -0.15921465080463093 0.0856816569808602 0.3548584111928912 0.691168567080314 0.9175337375957733 1.007415680263851 1.2905547254619618
17 408 -0.582027010055682 -0.2900594193195519 0.06849473900962405 0.24668907711957885 0.5750331204257477 0.8668104248788139 1.0658280247638392 1.3349109406109643
18 432 -0.582027010055682 -0.2900594193195519 0.06849473900962405 0.24668907711957885 0.5750331204257477 0.8668104248788139 1.0658280247638392 1.3349109406109643
19 456 -0.582027010055682 -0.2900594193195519 0.06849473900962405 0.24668907711957885 0.5750331204257477 0.8668104248788139 1.0658280247638392 1.3349109406109643
20 480 -0.582027010055682 -0.2900594193195519 0.06849473900962405 0.24668907711957885 0.5750331204257477 0.8668104248788139 1.0658280247638392 1.3349109406109643
21 504 -0.7194431323485907 -0.4632858179734214 0.25644304102324245 0.28048411239032717 0.409228312813383 0.88229273936372 0.9900386913539072 1.440109405455092
22 528 -0.7194431323485907 -0.4632858179734214 0.25644304102324245 0.28048411239032717 0.409228312813383 0.88229273936372 0.9900386913539072 1.440109405455092
23 552 -0.7194431323485907 -0.4632858179734214 0.25644304102324245 0.28048411239032717 0.409228312813383 0.88229273936372 0.9900386913539072 1.440109405455092
24 576 -0.7194431323485907 -0.4632858179734214 0.25644304102324245 0.28048411239032717 0.409228312813383 0.88229273936372 0.9900386913539072 1.440109405455092
25 600 -0.899980639209676 -0.5205070437037718 0.23090343379714323 0.37166835270084153 0.2857571047044935 0.7958506761283223 1.009421280984796 1.5053349314727311
26 624 -0.899980639209676 -0.5205070437037718 0.23090343379714323 0.37166835270084153 0.2857571047044935 0.7958506761283223 1.009421280984796 1.5053349314727311
27 648 -0.899980639209676 -0.5205070437037718 0.23090343379714323 0.37166835270084153 0.2857571047044935 0.7958506761283223 1.009421280984796 1.5053349314727311
28 672 -0.899980639209676 -0.5205070437037718 0.23090343379714323 0.37166835270084153 0.2857571047044935 0.7958506761283223 1.009421280984796 1.5053349314727311
29 696 -0.957166039941274 -0.4671439318843554 0.28385201981371166 0.31301563589214704 0.16804966460573 0.7022698190319712 1.1216352036334172 1.4901378733100263
30 720 -0.957166039941274 -0.4671439318843554 0.28385201981371166 0.31301563589214704 0.16804966460573 0.7022698190319712 1.1216352036334172 1.4901378733100263
31 744 -0.957166039941274 -0.4671439318843554 0.28385201981371166 0.31301563589214704 0.16804966460573 0.7022698190319712 1.1216352036334172 1.4901378733100263
32 768 -0.957166039941274 -0.4671439318843554 0.28385201981371166 0.31301563589214704 0.16804966460573 0.7022698190319712 1.1216352036334172 1.4901378733100263
33 792 -0.9878760910563918 -0.42263641334222624 0.343007523528733 0.4188496920154291 0.0796101953658341 0.6576599643679997 1.1541287272282732 1.4930279532037376
34 816 -0.9878760910563918 -0.42263641334222624 0.343007523528733 0.4188496920154291 0.0796101953658341 0.6576599643679997 1.1541287272282732 1.4930279532037376
35 840 -0.9878760910563918 -0.42263641334222624 0.343007523528733 0.4188496920154291 0.0796101953658341 0.6576599643679997 1.1541287272282732 1.4930279532037376
36 864 -0.9878760910563918 -0.42263641334222624 0.343007523528733 0.4188496920154291 0.0796101953658341 0.6576599643679997 1.1541287272282732 1.4930279532037376
37 888 -0.996099169293924 -0.7212489014052306 0.5757708226933242 0.6942433008105531 0.04653959966133752 0.5038774617172082 0.8982991608003369 1.713767833442499
38 912 -0.996099169293924 -0.7212489014052306 0.5757708226933242 0.6942433008105531 0.04653959966133752 0.5038774617172082 0.8982991608003369 1.713767833442499
39 936 -0.996099169293924 -0.7212489014052306 0.5757708226933242 0.6942433008105531 0.04653959966133752 0.5038774617172082 0.8982991608003369 1.713767833442499
40 960 -0.996099169293924 -0.7212489014052306 0.5757708226933242 0.6942433008105531 0.04653959966133752 0.5038774617172082 0.8982991608003369 1.713767833442499
