% # columns="iteration, evaluation, sigma, axis ratio, bestever, best, median, worst objective function value, interquartile range, further/more values", seed=42, Mon Jun 30 16:45:06 2025, <python>{}</python>
1 24 0.6079066843808483 1.0000375007031337 -0.4527790995276927 -4.5277909952769269e-01 1000000.0 1000000.0 0.0   
2 48 0.5298560642042252 1.6385674524539027 -0.6872975778876879 -6.8729757788768786e-01 1000000.0 1000000.0 999999.8791145195   
3 72 0.5538072903220268 2.3755995797876492 -0.6872975778876879 -5.4011388057352205e-01 1000000.0 1000000.0 1000000.0425165158   
4 96 0.5141189658011899 2.699831090034696 -0.6872975778876879 -4.4460839412534686e-01 1000000.0 1000000.0 999999.5984079269   
5 120 0.5925576162194142 2.642721718503251 -0.6872975778876879 -5.5118406215325566e-01 1000000.0 1000000.0 1000000.0221914083   
6 144 0.7164612486670664 2.2094653937744306 -0.6872975778876879 -3.7409964194607698e-01 1000000.0 1000000.0 999999.9691384387   
7 168 0.9028326205780011 2.778357410824855 -0.6872975778876879 -5.5605693317104488e-01 0.1604259106378131 1000000.0 1000000.2413908514   
8 192 0.7147002381551643 3.152924531728639 -0.6872975778876879 -5.4251189035783287e-01 -0.014850668853098417 1000000.0 1.3753870442055196   
9 216 0.7442414171177705 3.2082360900419586 -0.6872975778876879 -5.7714355399967598e-01 -0.04181114879481444 1000000.0 1000000.3225153574   
10 240 0.7792371295409934 3.3619699743606213 -0.6872975778876879 -5.6813925500006535e-01 -0.1562167520350937 1000000.0 1000000.3514364186   
11 264 0.6710677000889106 4.4761840081026545 -0.7263179563900561 -7.2631795639005614e-01 0.08551632048797825 1000000.0 500000.50373440154   
12 288 0.5957210990891947 4.733355066941411 -0.7263179563900561 -6.1870313750471162e-01 -0.1613820724749464 1000000.0 500000.38576544554   
13 312 0.5442575065032405 4.840978651664823 -0.7263179563900561 -5.8796560044347979e-01 -0.2654579562849904 1000000.0 0.45915210240310866   
14 336 0.48626444526117435 4.8480412591049005 -0.7263179563900561 -6.0896494883139607e-01 -0.34675907829876784 1000000.0 500000.4979910364   
15 360 0.5471506779302951 5.548403622786228 -0.7263179563900561 -6.7160043957289217e-01 -0.4662938199727742 1000000.0 0.184165218777809   
16 384 0.6089729677606276 6.006586077297865 -0.7263179563900561 -7.2224700974090128e-01 -0.5054417803289161 1000000.0 0.2745414807335683   
17 408 0.5519332721676349 6.351226684410413 -0.7263179563900561 -7.1193269073906640e-01 -0.4929896326573668 1000000.0 500000.8659213032   
18 432 0.5241778734466298 5.627856459976318 -0.7375852383654007 -7.3758523836540069e-01 -0.5824927648738492 1000000.0 0.15343499828650198   
19 456 0.6134708020499184 6.208271693342015 -0.878041635923869 -8.7804163592386897e-01 -0.6341983509445207 0.11151752540323485 0.2236017139084659   
20 480 0.7112993065068315 5.458303444044616 -0.9104768473714416 -9.1047684737144163e-01 -0.6094502390841472 1000000.0 0.3458755272284103   
21 504 0.6676149810390656 5.183926501760374 -0.9104768473714416 -8.8944847801741600e-01 -0.6035673327611845 1000000.0 0.31660264846139474   
22 528 0.636879852512234 5.827476477017373 -0.9155814306191145 -9.1558143061911446e-01 -0.7109730985719466 1000000.0 0.2496154451800081   
23 552 0.5555077760234465 5.3230909021768715 -0.9181479105941468 -9.1814791059414680e-01 -0.7231255865726173 1000000.0 0.3128695177981745   
24 576 0.5978939263910598 6.059624217519335 -1.0958000513201605 -1.0958000513201605e+00 -0.7807943989342575 1000000.0 0.2593050223748221   
25 600 0.6002594321056582 6.400548067997586 -1.1091275617403662 -1.1091275617403662e+00 -0.8526644993462993 1000000.0 0.20876293371160692   
26 624 0.5505910808180687 7.016299352901421 -9.319441053854082 -9.3194410538540815e+00 -0.861385547797282 1000000.0 0.15280801192692817   
27 648 0.46455682287975925 7.885338368066681 -9.319441053854082 -1.5555562934731288e+00 -0.7537882753426802 1000000.0 1000000.9450650123   
28 672 0.4837110231495522 9.00088696588999 -10.403348182635245 -1.0403348182635245e+01 -0.9313863687717434 1000000.0 0.40023579107185614   
29 696 0.5215419489530558 11.119628818249778 -10.403348182635245 -4.2689673931061209e+00 -0.9218542590536632 1000000.0 0.3841989140850779   
30 720 0.5409520681956516 12.368150412884173 -197.13981254238684 -1.9713981254238684e+02 -0.903694525982694 1000000.0 6.494872501533593   
31 744 0.5845416876998497 14.432686641862903 -197.13981254238684 -2.0480765111390046e+01 -0.6607730470429135 1000000.0 1000002.0994778881   
32 768 0.5258764826865441 16.388521367957356 -197.13981254238684 -9.7274358073316748e+01 2.478708988989052 1000000.0 1000000.8664041999   
33 792 0.4774376999194591 15.03979908635091 -197.13981254238684 -5.2449368498942725e+01 -0.9261846404812333 1000000.0 2.310331825728273   
34 816 0.46179114764881357 15.887429436018218 -197.13981254238684 -6.8557067324148955e+00 -0.8342494011434477 1000000.0 14.210441589535048   
35 840 0.43543896879945265 16.968196948380516 -197.13981254238684 -5.3886436188974747e+00 0.9858967288231899 1000000.0 9.900614405562848   
36 864 0.4216068629311875 18.23939160379407 -197.13981254238684 -9.3271987170797502e+01 -1.0674734709967502 1000000.0 5.23782217239256   
37 888 0.4754726704316097 23.17618363594794 -197.13981254238684 -1.2460459159209130e+02 -1.6642663960123736 1000000.0 10.917010911803299   
38 912 0.4700058487309911 25.276859260179723 -197.13981254238684 -2.6496301434646213e+01 -2.753571161446678 1000000.0 6.165424319557574   
39 936 0.4216023900970893 23.958407153786656 -197.13981254238684 -4.1637772402463206e+01 -2.0448669249401363 1000000.0 14.187531217040984   
40 960 0.47460332296702573 27.481395962930524 -197.13981254238684 -5.1155383213465370e+01 -3.4644479067852743 1000000.0 26.26304957959548   
41 984 0.45432210095284836 36.751387757216534 -197.13981254238684 -2.5668259239969611e+01 -5.271652462107883 1000000.0 25.065883681839175   
42 1008 0.3918119774283221 38.80642748348876 -197.13981254238684 -3.5758539935244102e+01 5.3393763571982165 1000000.0 500038.0463468026   
43 1032 0.33535210032275564 34.1304866076172 -197.13981254238684 -7.6243182494058033e+01 -8.70330798671055 1000000.0 48.029827040378926   
44 1056 0.3604126363070119 38.98086103771681 -197.13981254238684 -1.1763349831266963e+02 -18.338983759714306 1000000.0 39.206365885458496   
45 1080 0.4535460860662729 38.16528251829803 -197.13981254238684 -1.7272829846722183e+02 -11.07203039703882 1000000.0 89.624677593585   
46 1104 0.4425941207153724 44.06170689352722 -1751.5823747786858 -1.7515823747786858e+03 -9.176658353035238 1000000.0 1000027.2589918145   
47 1128 0.4491187209011552 42.98165931850971 -1751.5823747786858 -5.7443867062511072e+02 -13.140779070176796 159.72255230189992 54.546209407311686   
48 1152 0.47190895897397445 53.62299640991771 -1751.5823747786858 -1.5816487575743949e+02 -10.5932348338591 1000000.0 55.45315871109475   
49 1176 0.4208819690871831 57.75764728372782 -1751.5823747786858 -2.5433171646466761e+02 39.86305742142865 1000000.0 514.6596181462576   
50 1200 0.42465471605536165 54.12962996111992 -1751.5823747786858 -4.3466617273515385e+02 -21.689270504858317 1000000.0 75.60230195674956   
51 1224 0.4188063535218735 51.62608737827933 -1751.5823747786858 -2.2405558636648260e+02 53.523401628675316 1000000.0 182.84208575148847   
52 1248 0.4145187140478711 43.726955564781775 -1751.5823747786858 -2.7981193558919375e+02 -16.820287364950364 1000000.0 215.81369860565115   
53 1272 0.4508538745198828 49.318473015632094 -1751.5823747786858 -3.6586801271295042e+02 -23.697273154825556 566.2597226150207 138.0520356130342   
54 1296 0.43554627574457655 56.982567053181725 -3270.1871054365697 -3.2701871054365697e+03 -28.68043608759533 1000000.0 45.94245819733228   
55 1320 0.5121376183922633 59.353782011013344 -3270.1871054365697 -4.1404408625764211e+02 -63.956755872790104 246.89610301538585 131.0933613575685   
56 1344 0.529183551518117 79.9026041146665 -3270.1871054365697 -4.6225191824204643e+02 -45.25717092245539 1000000.0 57.405958091638496   
57 1368 0.4836627347720577 85.59437360820897 -3270.1871054365697 -6.2115330900060621e+02 38.54640357803882 1000000.0 1000076.2899225358   
58 1392 0.4236945667098325 86.31791477527709 -3270.1871054365697 -1.6836192225676452e+03 -83.6340486489056 1000000.0 265.3752590503497   
59 1416 0.3901372737803646 90.45863585407702 -3270.1871054365697 -1.0503105218638716e+03 -74.51597649102406 421.05236135144514 100.30725112985269   
60 1440 0.45811864905393695 105.0538036548484 -3925.9371543069283 -3.9259371543069283e+03 38.15191605290375 5608.238919618164 415.5122131573859   
61 1464 0.4836344236328711 119.2422050992959 -4524.283229207702 -4.5242832292077019e+03 27.157791589499443 1000000.0 264.8124476383326   
62 1488 0.46831783489606066 146.12140033900258 -4524.283229207702 -5.2699682708194950e+02 50.67574067679965 1000000.0 251.7914476903966   
63 1512 0.41784127959701406 173.20486797585755 -4524.283229207702 -1.6845955697547347e+03 27.029896626766952 3334.6262150036373 228.7978127466459   
64 1536 0.44516304840274196 161.3904905159769 -4524.283229207702 -6.0503647049256915e+02 -57.490731399297 1163.8573246083647 377.1053867795664   
65 1560 0.3806082860853555 158.18231801883329 -4524.283229207702 -3.0687777507162577e+03 -104.0682368421857 900.547885457162 335.25932420912056   
66 1584 0.3262053604346428 186.64872225986943 -8262.700380687065 -8.2627003806870653e+03 -127.31746407442319 4418.290065334338 185.270829391677   
67 1608 0.2869255872777664 196.11347466306236 -8262.700380687065 -1.7560959561839638e+03 -105.37318740094739 1690.2789444305877 195.42848837175325   
68 1632 0.2818780308952362 212.2212783469348 -8262.700380687065 -2.5691873726792055e+03 -91.88996746481482 1686.6900733454556 433.60070590359595   
69 1656 0.2766489525756827 209.61044723658318 -51824.287338046925 -5.1824287338046925e+04 -119.221848713271 91.46925402971246 102.1729471563311   
70 1680 0.2689860684722565 225.3552095142996 -51824.287338046925 -1.6982108395220384e+04 116.2995580096583 1180.9594193962287 649.0021504302975   
71 1704 0.3074625836648105 239.08086423342542 -51824.287338046925 -2.3565222816867463e+03 -81.40559428320616 1222.3991735971822 298.57231990624064   
72 1728 0.2784050071967527 233.14395891962147 -51824.287338046925 -6.7827379072085796e+02 80.53324555158314 2719.36398815861 320.1438603499621   
73 1752 0.2921142094540894 220.35948133211798 -51824.287338046925 -4.8420679135653136e+03 -112.84817613207676 1534.8226444279826 419.46204126902524   
74 1776 0.33590011911543116 209.8863454068347 -51824.287338046925 -1.9543053703717092e+03 51.08377872620759 14733.436517421804 330.4282129221134   
75 1800 0.3958041657399186 218.04599343966194 -51824.287338046925 -6.9332156747356589e+02 -74.44190860822222 4726.108057478115 367.1099440247842   
76 1824 0.4202971141865756 233.23192542837452 -51824.287338046925 -2.0103010012269988e+03 -75.62424057123835 6329.780869467796 464.5459077089577   
77 1848 0.4066526589572983 306.3730136205806 -51824.287338046925 -7.6496367476871421e+02 -80.95335455414268 1513.136105778576 305.3597583296762   
78 1872 0.40473688729124035 341.95651848062283 -51824.287338046925 -2.6365211245951991e+03 -74.78788429263773 811.1535373192534 284.0801374114798   
79 1896 0.33948805015753136 293.6799946959415 -51824.287338046925 -2.3855408728512896e+02 102.6408996985304 1014.2705296848733 309.79516974087113   
80 1920 0.3939501546011094 317.306882458921 -51824.287338046925 -3.0078220836267178e+03 56.957507820667274 1000000.0 644.8616489761303   
81 1944 0.3576244057554378 387.9402518008684 -51824.287338046925 -2.5279065556747305e+03 -93.89475031376043 1000000.0 148.91685334751813   
82 1968 0.2802475747684597 434.41418857221277 -51824.287338046925 -7.0207821134057667e+02 -52.59996142920252 4553.3730414984175 422.43821929040803   
83 1992 0.284921450204221 413.82696605336076 -51824.287338046925 -1.0674855401584284e+04 -129.01485582100892 299.43452339045035 242.1494846549357   
84 2016 0.2880367711518237 416.39685400099233 -51824.287338046925 -3.0632604882722085e+03 -63.78445837816883 765.6070709762246 418.12537028787136   
85 2040 0.2549106349031183 465.1481822486147 -51824.287338046925 -5.9419410361676887e+02 125.54854579918054 4692.853098294218 192.36031301368547   
86 2064 0.2640346887180423 547.4876589232142 -51824.287338046925 -1.0154223096555119e+04 66.12135871100536 6607.554145198277 475.8850280505337   
87 2088 0.2640804512037203 589.5873585899849 -51824.287338046925 -9.1184375313163707e+02 107.01475695221754 1000000.0 385.3404913321134   
88 2112 0.24530111164840793 650.3283614386653 -51824.287338046925 -5.9820327336164428e+03 -77.76606747543626 1000000.0 687.8293000574452   
89 2136 0.22269723165362496 617.1110041735099 -51824.287338046925 -8.3955618796537947e+03 -145.40227820489403 805.7615947623419 565.1476541834325   
90 2160 0.18455538650423575 626.8763057862864 -51824.287338046925 -4.6959629318502284e+03 87.27396883676225 1635.2507948043417 716.2777418781278   
91 2184 0.2065364539394239 657.1517168900014 -51824.287338046925 -6.5036877053285332e+02 98.68026876785473 11780.78077656204 305.6423680853446   
92 2208 0.21657304588998808 756.0932255575879 -51824.287338046925 -2.6370915458470547e+04 -101.27391351781624 1000000.0 848.1827542389483   
93 2232 0.18296114669102184 585.0143085328953 -51824.287338046925 -5.5781414455370737e+02 155.5601500788648 1000000.0 455.18624316907284   
94 2256 0.1493290002910673 575.2504332548801 -51824.287338046925 -5.3354962426821021e+03 -186.62942911978985 4620.608884389277 563.047388986573   
95 2280 0.15088207391127198 620.3126200211793 -51824.287338046925 -1.7897495255117919e+04 -97.7647324645408 20832.007218713632 654.547870774623   
96 2304 0.14321669441111226 644.1843962904968 -51824.287338046925 -7.5517426181760413e+02 109.56227457195448 11932.774576718793 661.1996971468934   
97 2328 0.14678816546862172 659.7085844028096 -51824.287338046925 -6.1483450643069693e+02 91.55303922602981 452.3925128679833 302.97883778428144   
98 2352 0.12574374226943502 711.5559333326979 -51824.287338046925 -6.4794480394140310e+03 334.08785550917247 3422.032192797578 941.0587266979886   
99 2376 0.149973462955725 666.2676636379107 -51824.287338046925 -1.3728695913285714e+04 103.01334698627545 1091.4722971534663 315.28785685617254   
100 2400 0.17684115280257925 840.1380361521034 -51824.287338046925 -1.1369736912170958e+03 80.51516780426086 1704.3221953773432 443.09939730592623   
