% # columns="iter, evals, sigma, 0, fitness, xbest" seed=42, Mon Jun 30 16:45:06 2025, <python>{}</python>
1 24 0.6079066843808483 0 -0.4527790995276927 0.5530854868705384 -0.008866470754042233 0.3620460357976535 -0.19254836063629824
2 48 0.5298560642042252 0 -0.6872975778876879 0.13289461978942224 0.11926909423779453 0.520366974804932 -0.07003789571856883
3 72 0.5538072903220268 0 -0.540113880573522 0.3676415487481049 -0.09482074732575219 -0.20802950067072895 -0.11700380703011556
4 96 0.5141189658011899 0 -0.44460839412534686 0.6552182688920325 0.1434789593592365 -0.14797973912460202 -0.4184175696831183
5 120 0.5925576162194142 0 -0.5511840621532557 0.7089637173050447 -0.3314087447498304 0.4296273118503375 -1.1421503973482496
6 144 0.7164612486670664 0 -0.374099641946077 0.7273809303590554 0.10106256209240105 0.12222574871639602 -0.7000604537275124
7 168 0.9028326205780011 0 -0.5560569331710449 0.8881822066072945 -0.31429543393506415 0.307441857714293 -1.2641547038118965
8 192 0.7147002381551643 0 -0.5425118903578329 0.6000559789702699 -0.08914734888313908 -0.22109909414185702 -0.08018397282138201
9 216 0.7442414171177705 0 -0.577143553999676 0.7148140866519448 -0.6054595845314339 0.7425707499663655 -1.4223779333664213
10 240 0.7792371295409934 0 -0.5681392550000653 0.527730098086767 -0.014697336576643294 -0.2934524696422144 -0.9299212756041617
11 264 0.6710677000889106 0 -0.7263179563900561 0.668653655288713 -0.4499546242157165 0.6729083534219618 -1.778772298927064
12 288 0.5957210990891947 0 -0.6187031375047116 0.4295760293708101 0.1275936957988279 -0.3705318757460985 -0.6935225731963133
13 312 0.5442575065032405 0 -0.5879656004434798 0.9494670580306537 -0.5198582987354721 0.489352818735752 -1.5359063515407207
14 336 0.48626444526117435 0 -0.6089649488313961 0.9728761163281249 -0.5911324044993038 0.6151266471068177 -1.768952686118099
15 360 0.5471506779302951 0 -0.6716004395728922 0.6955189077208896 -0.5532727355996752 0.6712101088405027 -1.5400022981174595
16 384 0.6089729677606276 0 -0.7222470097409013 0.7449506170643875 -0.21899406051081172 0.30770209424719364 -1.654970481440083
17 408 0.5519332721676349 0 -0.7119326907390664 0.6559865690016851 -0.18371328892283773 0.3352434433359664 -1.5271607652728332
18 432 0.5241778734466298 0 -0.7375852383654007 0.7639392020615643 -0.4753445057109759 0.5596669169930711 -1.7340538534617098
19 456 0.6134708020499184 0 -0.878041635923869 0.7091027932179814 -0.4332017744553084 0.4699565835977766 -2.0286784399442057
20 480 0.7112993065068315 0 -0.9104768473714416 0.6050060475305101 -0.24329018144668188 0.28881545969071365 -2.117190540963444
21 504 0.6676149810390656 0 -0.889448478017416 0.4368093820069366 -0.45002630919869024 0.8017703150787243 -2.045465027847771
22 528 0.636879852512234 0 -0.9155814306191145 0.5977008950682485 -0.3091728088947172 0.3461621856010111 -2.0008826053908444
23 552 0.5555077760234465 0 -0.9181479105941468 0.6645777223009939 -0.4669018075904291 0.5026224431907902 -2.0660848547707062
24 576 0.5978939263910598 0 -1.0958000513201605 0.5787655040471094 -0.47969268173090435 0.4894073653533384 -2.181777072423028
25 600 0.6002594321056582 0 -1.1091275617403662 0.7810705517638461 -0.5008221635669223 0.37901738520559336 -2.21461963163626
26 624 0.5505910808180687 0 -9.319441053854082 0.8076840680411991 -0.44065727378319347 0.31016605757948046 -2.0428686248531194
27 648 0.46455682287975925 0 -1.5555562934731288 0.7755356079169959 -0.46288369581398225 0.3713227594177912 -2.1353509670118536
28 672 0.4837110231495522 0 -10.403348182635245 0.5944670250853317 -0.5312717048621773 0.5493173997569861 -2.2462740050623933
29 696 0.5215419489530558 0 -4.268967393106121 0.6463539328403004 -0.5308829481244098 0.5036154525093725 -2.284267197716005
30 720 0.5409520681956516 0 -197.13981254238684 0.7071578448685805 -0.6222780553841787 0.5516695278059097 -2.254282809935079
31 744 0.5845416876998497 0 -20.480765111390046 0.4877617887785201 -0.5828662005528502 0.6860942057380043 -2.2453954020550873
32 768 0.5258764826865441 0 -97.27435807331675 0.6839570379589688 -0.6083423664434483 0.559468451916091 -2.2355148372615776
33 792 0.4774376999194591 0 -52.449368498942725 0.5758132605974216 -0.5103434809981588 0.5440275756923565 -2.2479908845491177
34 816 0.46179114764881357 0 -6.8557067324148955 0.7593749678643039 -0.615580116970085 0.5049918225901413 -2.2642120194153823
35 840 0.43543896879945265 0 -5.388643618897475 0.747706627591147 -0.7100265276359666 0.5975785574084175 -2.1770793229545906
36 864 0.4216068629311875 0 -93.2719871707975 0.7153069645376408 -0.63417754670213 0.5500672417033409 -2.2799872414413285
37 888 0.4754726704316097 0 -124.6045915920913 0.7802139949033609 -0.6556271688263481 0.5285858795341363 -2.2643580288190157
38 912 0.4700058487309911 0 -26.496301434646213 0.697279253599574 -0.6563943640468217 0.5681707777494316 -2.3060014678123926
39 936 0.4216023900970893 0 -41.637772402463206 0.6851990674197203 -0.6737581358028288 0.6082361375601475 -2.248743662992167
40 960 0.47460332296702573 0 -51.15538321346537 0.7446671237160861 -0.6684669384368631 0.553264562544958 -2.2899433671776848
41 984 0.45432210095284836 0 -25.66825923996961 0.7305560613145343 -0.6540571076003364 0.5348033123945086 -2.34982327964138
42 1008 0.3918119774283221 0 -35.7585399352441 0.7406096716164335 -0.661674080484892 0.5483313537081604 -2.296543967526619
43 1032 0.33535210032275564 0 -76.24318249405803 0.6694210760333044 -0.6251592651501608 0.5565084597421049 -2.330711080620904
44 1056 0.3604126363070119 0 -117.63349831266963 0.7564205753613443 -0.6595685981065788 0.5308700823720721 -2.335992817251955
45 1080 0.4535460860662729 0 -172.72829846722183 0.8148592524722393 -0.7175900520979799 0.5359624047974855 -2.3531757324351616
46 1104 0.4425941207153724 0 -1751.5823747786858 0.7407494442547307 -0.6839419839686649 0.5795386989423709 -2.241715479304127
47 1128 0.4491187209011552 0 -574.4386706251107 0.838554237096007 -0.7764850570249118 0.5867823890232706 -2.2515792824803977
48 1152 0.47190895897397445 0 -158.1648757574395 0.7653183524679077 -0.7320718618007916 0.5884056816334029 -2.317098628858428
49 1176 0.4208819690871831 0 -254.3317164646676 0.8011658044446615 -0.7447624057494246 0.5755430666061853 -2.303977457449418
50 1200 0.42465471605536165 0 -434.66617273515385 0.8108437159980916 -0.7458425119891263 0.5793481352584452 -2.2654579247235107
51 1224 0.4188063535218735 0 -224.0555863664826 0.7890789647134612 -0.7289774356494769 0.566550833057023 -2.3336681662631062
52 1248 0.4145187140478711 0 -279.81193558919375 0.8147987890021076 -0.7082255913370703 0.5328714795537166 -2.339541162539191
53 1272 0.4508538745198828 0 -365.8680127129504 0.8080855318009997 -0.6758742939344754 0.5099008681421889 -2.3412377387789474
54 1296 0.43554627574457655 0 -3270.1871054365697 0.7960864555857867 -0.6972435508598953 0.5322769252852133 -2.3547725470451026
55 1320 0.5121376183922633 0 -414.0440862576421 0.8399494744035325 -0.6979395360942778 0.49956122196235836 -2.3850732119241185
56 1344 0.529183551518117 0 -462.25191824204643 0.8144903530058797 -0.7346131561929257 0.5556939695274237 -2.323254783418128
57 1368 0.4836627347720577 0 -621.1533090006062 0.7973967651863101 -0.7184975082925925 0.5554166225874321 -2.3184028255944877
58 1392 0.4236945667098325 0 -1683.6192225676452 0.7644542231502155 -0.6710599273854617 0.5253557475688237 -2.38425243464817
59 1416 0.3901372737803646 0 -1050.3105218638716 0.7612770959502795 -0.6785038122716847 0.5401805048312738 -2.3537092619604123
60 1440 0.45811864905393695 0 -3925.9371543069283 0.7951664149052341 -0.7099608206629455 0.5519802663242076 -2.313498916728126
61 1464 0.4836344236328711 0 -4524.283229207702 0.746480405644436 -0.6697867917018372 0.5381518852457968 -2.3799928303055506
62 1488 0.46831783489606066 0 -526.9968270819495 0.8091229788570545 -0.7205155205409606 0.5522057822365851 -2.3110196810453187
63 1512 0.41784127959701406 0 -1684.5955697547347 0.78076556787913 -0.6792846844297419 0.529399487325356 -2.3531552019542676
64 1536 0.44516304840274196 0 -605.0364704925692 0.8418381819883363 -0.6788096492434154 0.4874442117584437 -2.375143692091661
65 1560 0.3806082860853555 0 -3068.7777507162577 0.798981681755679 -0.6989903637285113 0.5371241252006603 -2.331022763041358
66 1584 0.3262053604346428 0 -8262.700380687065 0.7754832857540018 -0.674543554072709 0.5249456580337436 -2.3712930889708494
67 1608 0.2869255872777664 0 -1756.0959561839638 0.7633152788299248 -0.6926803706237331 0.5514156913800514 -2.346046116713099
68 1632 0.2818780308952362 0 -2569.1873726792055 0.768765159861325 -0.678329235269576 0.532275738051098 -2.370675908961842
69 1656 0.2766489525756827 0 -51824.287338046925 0.776507107958824 -0.6791725813205698 0.528201374875887 -2.371098600778849
70 1680 0.2689860684722565 0 -16982.108395220384 0.7665548090771164 -0.6810771041639485 0.5349940470896497 -2.374914972100682
71 1704 0.3074625836648105 0 -2356.5222816867463 0.786073514948108 -0.6704632847865707 0.5125548381037863 -2.388192655885862
72 1728 0.2784050071967527 0 -678.273790720858 0.7963458643862174 -0.6954697807137972 0.532198012241622 -2.350582259781463
73 1752 0.2921142094540894 0 -4842.067913565314 0.7997042687102734 -0.7018488957863283 0.5383309498163034 -2.3357250958983844
74 1776 0.33590011911543116 0 -1954.3053703717092 0.8248954023536323 -0.7015682754780638 0.5206393886192708 -2.3448231166986333
75 1800 0.3958041657399186 0 -693.3215674735659 0.805310031978155 -0.7357050377663386 0.5696873407215981 -2.2878487530986136
76 1824 0.4202971141865756 0 -2010.3010012269988 0.8439701749619677 -0.7158867013218171 0.5229886447741876 -2.3344946751443585
77 1848 0.4066526589572983 0 -764.9636747687142 0.8004671415416976 -0.6652485506795249 0.49716358419133505 -2.3978777734765115
78 1872 0.40473688729124035 0 -2636.521124595199 0.7733256359638014 -0.654158359043581 0.5008762172821062 -2.4215834438606714
79 1896 0.33948805015753136 0 -238.55408728512896 0.807767540094259 -0.6706705689626586 0.4972142361331365 -2.3992210203395365
80 1920 0.3939501546011094 0 -3007.822083626718 0.8837062667334703 -0.7124827230764335 0.49520649716815784 -2.3373168399123765
81 1944 0.3576244057554378 0 -2527.9065556747305 0.8366100229840078 -0.6845629267523982 0.49465371431509536 -2.375951316830163
82 1968 0.2802475747684597 0 -702.0782113405767 0.8378857677057746 -0.6831311355954017 0.493234251771643 -2.372163503808702
83 1992 0.284921450204221 0 -10674.855401584284 0.8243617194631226 -0.7090320632252922 0.5288724735908691 -2.336013798525597
84 2016 0.2880367711518237 0 -3063.2604882722085 0.788947676175689 -0.6859191326904232 0.5258901210270456 -2.369246823862865
85 2040 0.2549106349031183 0 -594.1941036167689 0.8059086690082469 -0.6770646116462034 0.5053021050265529 -2.388617650087642
86 2064 0.2640346887180423 0 -10154.223096555119 0.8276911264910475 -0.6990662396541151 0.5149071576381086 -2.3574653666959278
87 2088 0.2640804512037203 0 -911.8437531316371 0.7717481855681225 -0.6877689461830071 0.5384803520022069 -2.366480199160267
88 2112 0.24530111164840793 0 -5982.032733616443 0.7573458137717208 -0.6700429624102703 0.5286123312992308 -2.3897680838108726
89 2136 0.22269723165362496 0 -8395.561879653795 0.8038765058561517 -0.6701084630272149 0.49954167592524495 -2.3956013329451333
90 2160 0.18455538650423575 0 -4695.962931850228 0.7286546993771483 -0.6627171771702183 0.5391411820170651 -2.39681141593136
91 2184 0.2065364539394239 0 -650.3687705328533 0.7449392581488876 -0.677164869382626 0.5439969348383055 -2.378899901206399
92 2208 0.21657304588998808 0 -26370.915458470547 0.7546031051079776 -0.678195042746921 0.5390695593637524 -2.379537265909085
93 2232 0.18296114669102184 0 -557.8141445537074 0.7390162269889701 -0.673877468749789 0.5440936286661974 -2.384452528681773
94 2256 0.1493290002910673 0 -5335.496242682102 0.7415683621148464 -0.676968992526612 0.5456445917747184 -2.380909717818858
95 2280 0.15088207391127198 0 -17897.49525511792 0.7451322666789892 -0.6682540511889168 0.5341983257589661 -2.3931836518789784
96 2304 0.14321669441111226 0 -755.1742618176041 0.7572736706090983 -0.6753767348972554 0.5344482505333373 -2.382804206191823
97 2328 0.14678816546862172 0 -614.8345064306969 0.7452163542425709 -0.6704090710193438 0.5366652420361278 -2.3894689875519237
98 2352 0.12574374226943502 0 -6479.448039414031 0.7685531268171356 -0.6840340073618425 0.5366634291028624 -2.3702648883185495
99 2376 0.149973462955725 0 -13728.695913285714 0.777504635644845 -0.6765973324257712 0.5231606900975712 -2.3818422075088903
100 2400 0.17684115280257925 0 -1136.9736912170958 0.7565856679403484 -0.6774660779928425 0.5371545624423736 -2.379343558677801
