  0.14345172E-01  0.71723400E+00  0.14344680E-02  0.10000000E+01  0.16811949E+00 -0.41030629E-01  0.16858318E+02  0.10577822E-01  0.16857130E+02  0.20045152E+00 -0.89411390E+01
  0.28690344E-01  0.14343204E+01  0.28686408E-02  0.10000000E+01  0.17503423E+00 -0.34624159E-01  0.18225255E+01  0.75324864E-02  0.18221430E+01  0.38089509E-01 -0.33698512E+00
  0.43035516E-01  0.21511117E+01  0.43022233E-02  0.10000000E+01  0.19711117E+00 -0.26570159E-01  0.29815451E+01  0.44357615E-02  0.29796105E+01  0.10748014E+00 -0.86589383E+00
  0.57380688E-01  0.28674602E+01  0.57349205E-02  0.10000000E+01  0.23593259E+00 -0.18238118E-01  0.32547709E+01  0.20899694E-02  0.32508002E+01  0.16073495E+00 -0.10448015E+01
  0.71725860E-01  0.35832188E+01  0.71664375E-02  0.10000000E+01  0.27041781E+00 -0.98588059E-02  0.33072373E+01  0.61070084E-03  0.33008101E+01  0.20608690E+00 -0.10208182E+01
  0.86071032E-01  0.42982399E+01  0.85964799E-02  0.10000000E+01  0.30229036E+00 -0.14973299E-02  0.33171129E+01  0.14086882E-04  0.33077843E+01  0.24859725E+00 -0.98777888E+00
  0.10041620E+00  0.50123766E+01  0.10024753E-01  0.10000000E+01  0.33178897E+00  0.68472688E-02  0.33290540E+01  0.29458771E-03  0.33163490E+01  0.29056910E+00 -0.95715047E+00
  0.11476138E+00  0.57254818E+01  0.11450964E-01  0.10000000E+01  0.35973745E+00  0.15191562E-01  0.33557092E+01  0.14500559E-02  0.33391132E+01  0.33333040E+00 -0.93717765E+00
  0.12910655E+00  0.64374089E+01  0.12874818E-01  0.10000000E+01  0.38662992E+00  0.23545376E-01  0.33915438E+01  0.34833022E-02  0.33705504E+01  0.37679092E+00 -0.92378375E+00
  0.14345172E+00  0.71480112E+01  0.14296022E-01  0.10000000E+01  0.41279855E+00  0.31914490E-01  0.34333789E+01  0.63996422E-02  0.34074911E+01  0.42087562E+00 -0.91478146E+00
  0.15779689E+00  0.78571426E+01  0.15714285E-01  0.10000000E+01  0.43844917E+00  0.40300611E-01  0.34781745E+01  0.10204768E-01  0.34469165E+01  0.46537005E+00 -0.90826959E+00
  0.17214206E+00  0.85646572E+01  0.17129314E-01  0.10000000E+01  0.46370950E+00  0.48702885E-01  0.35239801E+01  0.14903534E-01  0.34869017E+01  0.51007284E+00 -0.90304916E+00
  0.18648724E+00  0.92704093E+01  0.18540819E-01  0.10000000E+01  0.48866201E+00  0.57119252E-01  0.35698117E+01  0.20499577E-01  0.35264889E+01  0.55484390E+00 -0.89848757E+00
  0.20083241E+00  0.99742538E+01  0.19948508E-01  0.10000000E+01  0.51336107E+00  0.65547046E-01  0.36151268E+01  0.26995174E-01  0.35651623E+01  0.59957318E+00 -0.89422355E+00
  0.21517758E+00  0.10676046E+02  0.21352092E-01  0.10000000E+01  0.53784388E+00  0.73983421E-01  0.36596842E+01  0.34391309E-01  0.36027074E+01  0.64418169E+00 -0.89007470E+00
  0.22952275E+00  0.11375641E+02  0.22751282E-01  0.10000000E+01  0.56213666E+00  0.82425518E-01  0.37033779E+01  0.42687749E-01  0.36390453E+01  0.68860721E+00 -0.88594689E+00
  0.24386792E+00  0.12072895E+02  0.24145790E-01  0.10000000E+01  0.58625826E+00  0.90870545E-01  0.37461683E+01  0.51883127E-01  0.36741633E+01  0.73279792E+00 -0.88179238E+00
  0.25821309E+00  0.12767665E+02  0.25535330E-01  0.10000000E+01  0.61022341E+00  0.99315892E-01  0.37881010E+01  0.61975120E-01  0.37081336E+01  0.77672051E+00 -0.87761387E+00
  0.27255827E+00  0.13459807E+02  0.26919614E-01  0.10000000E+01  0.63404471E+00  0.10775915E+00  0.38292557E+01  0.72960564E-01  0.37410618E+01  0.82035322E+00 -0.87344048E+00
  0.28690344E+00  0.14149180E+02  0.28298360E-01  0.10000000E+01  0.65773350E+00  0.11619801E+00  0.38696744E+01  0.84835435E-01  0.37730161E+01  0.86367017E+00 -0.86929372E+00
  0.30124861E+00  0.14835641E+02  0.29671282E-01  0.10000000E+01  0.68129949E+00  0.12463016E+00  0.39093183E+01  0.97594691E-01  0.38039873E+01  0.90662843E+00 -0.86516388E+00
  0.31559378E+00  0.15519049E+02  0.31038098E-01  0.10000000E+01  0.70474970E+00  0.13305310E+00  0.39480554E+01  0.11123203E+00  0.38338765E+01  0.94916006E+00 -0.86099912E+00
  0.32993895E+00  0.16199264E+02  0.32398528E-01  0.10000000E+01  0.72808766E+00  0.14146413E+00  0.39857053E+01  0.12573973E+00  0.38625406E+01  0.99117966E+00 -0.85672323E+00
  0.34428413E+00  0.16876145E+02  0.33752290E-01  0.10000000E+01  0.75131382E+00  0.14986040E+00  0.40221238E+01  0.14110866E+00  0.38898735E+01  0.10326061E+01 -0.85227400E+00
  0.35862930E+00  0.17549553E+02  0.35099107E-01  0.10000000E+01  0.77442671E+00  0.15823905E+00  0.40572444E+01  0.15732843E+00  0.39158455E+01  0.10733773E+01 -0.84762513E+00
  0.37297447E+00  0.18219350E+02  0.36438701E-01  0.10000000E+01  0.79742398E+00  0.16659726E+00  0.40910488E+01  0.17438759E+00  0.39404736E+01  0.11134450E+01 -0.84277534E+00
  0.38731964E+00  0.18885398E+02  0.37770797E-01  0.10000000E+01  0.82030275E+00  0.17493221E+00  0.41235126E+01  0.19227350E+00  0.39637695E+01  0.11527603E+01 -0.83772429E+00
  0.40166481E+00  0.19547560E+02  0.39095120E-01  0.10000000E+01  0.84305937E+00  0.18324105E+00  0.41545819E+01  0.21097230E+00  0.39857178E+01  0.11912656E+01 -0.83245995E+00
  0.41600999E+00  0.20205699E+02  0.40411398E-01  0.10000000E+01  0.86359914E+00  0.19000000E+00  0.41801465E+01  0.22682300E+00  0.40012375E+01  0.12309233E+01 -0.82771952E+00
  0.43035516E+00  0.20859680E+02  0.41719360E-01  0.10000000E+01  0.87368503E+00  0.19000000E+00  0.41758155E+01  0.22682300E+00  0.39828801E+01  0.12749706E+01 -0.81706982E+00
  0.44470033E+00  0.21509369E+02  0.43018738E-01  0.10000000E+01  0.87611881E+00  0.19000000E+00  0.41572789E+01  0.22682300E+00  0.39509215E+01  0.13132538E+01 -0.75402998E+00
  0.45904550E+00  0.22154631E+02  0.44309262E-01  0.10000000E+01  0.87126418E+00  0.19000000E+00  0.41464944E+01  0.22682300E+00  0.39258933E+01  0.13535978E+01 -0.69328632E+00
  0.47339067E+00  0.22795335E+02  0.45590669E-01  0.10000000E+01  0.86051326E+00  0.19000000E+00  0.41405457E+01  0.22682300E+00  0.39050275E+01  0.13951083E+01 -0.64017345E+00
  0.48773585E+00  0.23431347E+02  0.46862695E-01  0.10000000E+01  0.84498417E+00  0.19000000E+00  0.41406208E+01  0.22682300E+00  0.38893697E+01  0.14383991E+01 -0.59267235E+00
  0.50208102E+00  0.24062538E+02  0.48125076E-01  0.10000000E+01  0.82549734E+00  0.19000000E+00  0.41466300E+01  0.22682300E+00  0.38787752E+01  0.14836079E+01 -0.54982794E+00
  0.51642619E+00  0.24688778E+02  0.49377555E-01  0.10000000E+01  0.80269219E+00  0.19000000E+00  0.41576361E+01  0.22682300E+00  0.38723281E+01  0.15305103E+01 -0.51113460E+00
  0.53077136E+00  0.25309936E+02  0.50619873E-01  0.10000000E+01  0.77711401E+00  0.19000000E+00  0.41724430E+01  0.22682300E+00  0.38688938E+01  0.15787306E+01 -0.47628967E+00
  0.54511653E+00  0.25925887E+02  0.51851774E-01  0.10000000E+01  0.74923586E+00  0.19000000E+00  0.41904196E+01  0.22682300E+00  0.38678660E+01  0.16280901E+01 -0.44497162E+00
  0.55946171E+00  0.26536502E+02  0.53073005E-01  0.10000000E+01  0.71945950E+00  0.19000000E+00  0.42112014E+01  0.22682300E+00  0.38688882E+01  0.16785024E+01 -0.41681616E+00
  0.57380688E+00  0.27141657E+02  0.54283314E-01  0.10000000E+01  0.68810996E+00  0.19000000E+00  0.42356197E+01  0.22682300E+00  0.38726738E+01  0.17304104E+01 -0.39151022E+00
  0.58815205E+00  0.27741227E+02  0.55482454E-01  0.10000000E+01  0.65546925E+00  0.19000000E+00  0.42601086E+01  0.22682300E+00  0.38760285E+01  0.17822395E+01 -0.36864278E+00
  0.60249722E+00  0.28335088E+02  0.56670176E-01  0.10000000E+01  0.62186848E+00  0.19000000E+00  0.42656786E+01  0.22682300E+00  0.38622506E+01  0.18249610E+01 -0.34682441E+00
  0.61684239E+00  0.28923118E+02  0.57846236E-01  0.10000000E+01  0.58731595E+00  0.19000000E+00  0.43075722E+01  0.22682300E+00  0.38799860E+01  0.18847640E+01 -0.32894735E+00
  0.63118757E+00  0.29505196E+02  0.59010393E-01  0.10000000E+01  0.55203117E+00  0.19000000E+00  0.43329487E+01  0.22682300E+00  0.38827239E+01  0.19365816E+01 -0.31289473E+00
  0.64553274E+00  0.30081203E+02  0.60162406E-01  0.10000000E+01  0.51615892E+00  0.19000000E+00  0.43318075E+01  0.22682300E+00  0.38620717E+01  0.19749449E+01 -0.29392042E+00
  0.65987791E+00  0.30651020E+02  0.61302040E-01  0.10000000E+01  0.47965408E+00  0.19000000E+00  0.43890886E+01  0.22682300E+00  0.38915181E+01  0.20424579E+01 -0.28475795E+00
  0.67422308E+00  0.31214529E+02  0.62429058E-01  0.10000000E+01  0.44290835E+00  0.19000000E+00  0.43193792E+01  0.22682300E+00  0.38116247E+01  0.20445055E+01 -0.26208229E+00
  0.68856825E+00  0.31771615E+02  0.63543230E-01  0.10000000E+01  0.40539206E+00  0.19000000E+00  0.44318481E+01  0.22682300E+00  0.38871820E+01  0.21406874E+01 -0.25804519E+00
  0.70291342E+00  0.32322163E+02  0.64644326E-01  0.10000000E+01  0.36755206E+00  0.19000000E+00  0.43314081E+01  0.22682300E+00  0.37815559E+01  0.21242363E+01 -0.22747416E+00
  0.71725860E+00  0.32866060E+02  0.65732119E-01  0.10000000E+01  0.32921670E+00  0.19000000E+00  0.44224853E+01  0.22682300E+00  0.38377204E+01  0.22094630E+01 -0.22686224E+00
  0.73160377E+00  0.33403193E+02  0.66806386E-01  0.10000000E+01  0.29071828E+00  0.19000000E+00  0.43602176E+01  0.22682300E+00  0.37648568E+01  0.22110630E+01 -0.20677334E+00
  0.74594894E+00  0.33933453E+02  0.67866906E-01  0.10000000E+01  0.25194621E+00  0.19000000E+00  0.44164495E+01  0.22682300E+00  0.37908877E+01  0.22772010E+01 -0.20362531E+00
  0.76029411E+00  0.34456730E+02  0.68913460E-01  0.10000000E+01  0.21303310E+00  0.19000000E+00  0.44054644E+01  0.22682300E+00  0.37608747E+01  0.23055122E+01 -0.19130902E+00
  0.77463928E+00  0.34972916E+02  0.69945833E-01  0.10000000E+01  0.17427662E+00  0.19000000E+00  0.43204951E+01  0.22682300E+00  0.36703258E+01  0.22905970E+01 -0.16868310E+00
  0.78898446E+00  0.35481906E+02  0.70963812E-01  0.10000000E+01  0.13480731E+00  0.19000000E+00  0.45279918E+01  0.22682300E+00  0.38187970E+01  0.24435523E+01 -0.17872787E+00
  0.80332963E+00  0.35983594E+02  0.71967188E-01  0.10000000E+01  0.95804586E-01  0.19000000E+00  0.43023737E+01  0.22682300E+00  0.36146881E+01  0.23443333E+01 -0.14404419E+00
  0.81767480E+00  0.36477878E+02  0.72955755E-01  0.10000000E+01  0.56342756E-01  0.19000000E+00  0.44648950E+01  0.22682300E+00  0.37250107E+01  0.24720501E+01 -0.14915973E+00
  0.83201997E+00  0.36964655E+02  0.73929309E-01  0.10000000E+01  0.17222435E-01  0.19000000E+00  0.43874805E+01  0.22682300E+00  0.36420196E+01  0.24570566E+01 -0.14209806E+00
  0.84636514E+00  0.37443825E+02  0.74887650E-01  0.10000000E+01 -0.21817014E-01  0.19000000E+00  0.43932449E+01  0.22682300E+00  0.36259205E+01  0.24909335E+01 -0.13125284E+00
  0.86071032E+00  0.37915290E+02  0.75830581E-01  0.10000000E+01 -0.60471157E-01  0.19000000E+00  0.43834323E+01  0.22682300E+00  0.35975597E+01  0.25146554E+01 -0.13110417E+00
  0.87505549E+00  0.38378953E+02  0.76757907E-01  0.10000000E+01 -0.98851545E-01  0.19000000E+00  0.44174392E+01  0.22682300E+00  0.36037511E+01  0.25647993E+01 -0.13136883E+00
  0.88940066E+00  0.38834719E+02  0.77669438E-01  0.10000000E+01 -0.13675304E+00  0.19000000E+00  0.43496071E+01  0.22682300E+00  0.35303970E+01  0.25508484E+01 -0.11673534E+00
  0.90374583E+00  0.39282493E+02  0.78564986E-01  0.10000000E+01 -0.17428718E+00  0.19000000E+00  0.44108267E+01  0.22682300E+00  0.35577402E+01  0.26171216E+01 -0.12589175E+00
  0.91809100E+00  0.39722183E+02  0.79444366E-01  0.10000000E+01 -0.21129795E+00  0.19000000E+00  0.43736146E+01  0.22682300E+00  0.35089300E+01  0.26205655E+01 -0.12009824E+00
  0.93243618E+00  0.40153699E+02  0.80307399E-01  0.10000000E+01 -0.24753976E+00  0.19000000E+00  0.43226137E+01  0.22682300E+00  0.34501133E+01  0.26140307E+01 -0.11445835E+00
  0.94678135E+00  0.40576953E+02  0.81153906E-01  0.10000000E+01 -0.28309798E+00  0.19000000E+00  0.43902683E+01  0.22682300E+00  0.34820950E+01  0.26834529E+01 -0.13124163E+00
  0.96112652E+00  0.40991856E+02  0.81983713E-01  0.10000000E+01 -0.31785662E+00  0.19000000E+00  0.43501627E+01  0.22682300E+00  0.34322999E+01  0.26822903E+01 -0.12653269E+00
  0.97547169E+00  0.41398325E+02  0.82796649E-01  0.10000000E+01 -0.35142460E+00  0.19000000E+00  0.43150632E+01  0.22682300E+00  0.33868558E+01  0.26833611E+01 -0.12748518E+00
  0.98981686E+00  0.41796274E+02  0.83592548E-01  0.10000000E+01 -0.38376288E+00  0.19000000E+00  0.43770281E+01  0.22682300E+00  0.34143329E+01  0.27481183E+01 -0.15034919E+00
  0.10041620E+01  0.42185622E+02  0.84371245E-01  0.10000000E+01 -0.41470453E+00  0.19000000E+00  0.43322972E+01  0.22682300E+00  0.33624353E+01  0.27412181E+01 -0.15104899E+00
  0.10185072E+01  0.42566290E+02  0.85132580E-01  0.10000000E+01 -0.44384429E+00  0.19000000E+00  0.42998406E+01  0.22682300E+00  0.33202447E+01  0.27415421E+01 -0.15729713E+00
  0.10328524E+01  0.42938198E+02  0.85876396E-01  0.10000000E+01 -0.47144433E+00  0.19000000E+00  0.43582219E+01  0.22682300E+00  0.33451198E+01  0.28028058E+01 -0.18438138E+00
  0.10471976E+01  0.43301270E+02  0.86602540E-01  0.10000000E+01 -0.49717194E+00  0.19000000E+00  0.43194527E+01  0.22682300E+00  0.32990773E+01  0.27973575E+01 -0.19798546E+00
  0.10615427E+01  0.43655432E+02  0.87310864E-01  0.10000000E+01 -0.52037490E+00  0.19000000E+00  0.42743214E+01  0.22682300E+00  0.32490704E+01  0.27865415E+01 -0.21575196E+00
  0.10758879E+01  0.44000610E+02  0.88001220E-01  0.10000000E+01 -0.54159431E+00  0.19000000E+00  0.43258406E+01  0.22682300E+00  0.32692835E+01  0.28418535E+01 -0.24808928E+00
  0.10902331E+01  0.44336734E+02  0.88673468E-01  0.10000000E+01 -0.55976936E+00  0.19000000E+00  0.43116851E+01  0.22682300E+00  0.32424310E+01  0.28510907E+01 -0.28179983E+00
  0.11045782E+01  0.44663734E+02  0.89327468E-01  0.10000000E+01 -0.57523132E+00  0.19000000E+00  0.42818966E+01  0.22682300E+00  0.32049196E+01  0.28486098E+01 -0.29963712E+00
  0.11189234E+01  0.44981543E+02  0.89963087E-01  0.10000000E+01 -0.59147046E+00  0.19000000E+00  0.43027912E+01  0.22682300E+00  0.32038491E+01  0.28811130E+01 -0.29126471E+00
  0.11332686E+01  0.45290096E+02  0.90580193E-01  0.10000000E+01 -0.60791726E+00  0.19000000E+00  0.42790471E+01  0.22682300E+00  0.31715828E+01  0.28814502E+01 -0.29200134E+00
  0.11476138E+01  0.45589330E+02  0.91178659E-01  0.10000000E+01 -0.62179678E+00  0.19000000E+00  0.42140273E+01  0.22682300E+00  0.31109903E+01  0.28515284E+01 -0.31187990E+00
  0.11619589E+01  0.45879181E+02  0.91758363E-01  0.10000000E+01 -0.63494165E+00  0.19000000E+00  0.42214833E+01  0.22682300E+00  0.31017157E+01  0.28725824E+01 -0.31830980E+00
  0.11763041E+01  0.46159592E+02  0.92319184E-01  0.10000000E+01 -0.64843536E+00  0.19000000E+00  0.42380526E+01  0.22682300E+00  0.30990967E+01  0.28996790E+01 -0.32180270E+00
  0.11906493E+01  0.46430504E+02  0.92861008E-01  0.10000000E+01 -0.66232688E+00  0.19000000E+00  0.41873996E+01  0.22682300E+00  0.30504398E+01  0.28775999E+01 -0.30609054E+00
  0.12049944E+01  0.46691861E+02  0.93383723E-01  0.10000000E+01 -0.67743053E+00  0.19000000E+00  0.41088254E+01  0.22682300E+00  0.29833861E+01  0.28343082E+01 -0.27717809E+00
  0.12193396E+01  0.46943611E+02  0.93887221E-01  0.10000000E+01 -0.69095839E+00  0.19000000E+00  0.41155639E+01  0.22682300E+00  0.29755042E+01  0.28523130E+01 -0.30425384E+00
  0.12336848E+01  0.47185700E+02  0.94371400E-01  0.10000000E+01 -0.70351042E+00  0.19000000E+00  0.41312018E+01  0.22682300E+00  0.29740539E+01  0.28763311E+01 -0.31530336E+00
  0.12480300E+01  0.47418079E+02  0.94836158E-01  0.10000000E+01 -0.71823924E+00  0.19000000E+00  0.40651190E+01  0.22682300E+00  0.29176492E+01  0.28397121E+01 -0.27020573E+00
  0.12623751E+01  0.47640701E+02  0.95281401E-01  0.10000000E+01 -0.73448289E+00  0.19000000E+00  0.39980803E+01  0.22682300E+00  0.28614243E+01  0.28014899E+01 -0.24408677E+00
  0.12767203E+01  0.47853519E+02  0.95707037E-01  0.10000000E+01 -0.75079437E+00  0.19000000E+00  0.39721924E+01  0.22682300E+00  0.28336273E+01  0.27929048E+01 -0.25012777E+00
  0.12910655E+01  0.48056489E+02  0.96112978E-01  0.10000000E+01 -0.76651662E+00  0.19000000E+00  0.39637675E+01  0.22682300E+00  0.28180845E+01  0.27966589E+01 -0.26264651E+00
  0.13054106E+01  0.48249571E+02  0.96499142E-01  0.10000000E+01 -0.78078407E+00  0.19000000E+00  0.39275090E+01  0.22682300E+00  0.27845000E+01  0.27790890E+01 -0.27322131E+00
  0.13197558E+01  0.48432724E+02  0.96865447E-01  0.10000000E+01 -0.79370907E+00  0.19000000E+00  0.38892535E+01  0.22682300E+00  0.27502196E+01  0.27593538E+01 -0.28079822E+00
  0.13341010E+01  0.48605910E+02  0.97211820E-01  0.10000000E+01 -0.80688045E+00  0.19000000E+00  0.39100235E+01  0.22682300E+00  0.27556003E+01  0.27832355E+01 -0.28093366E+00
  0.13484462E+01  0.48769094E+02  0.97538188E-01  0.10000000E+01 -0.82086818E+00  0.19000000E+00  0.38625643E+01  0.22682300E+00  0.27163820E+01  0.27553803E+01 -0.26674204E+00
  0.13627913E+01  0.48922242E+02  0.97844485E-01  0.10000000E+01 -0.83567245E+00  0.19000000E+00  0.38455154E+01  0.22682300E+00  0.26978048E+01  0.27497794E+01 -0.25569072E+00
  0.13771365E+01  0.49065324E+02  0.98130647E-01  0.10000000E+01 -0.85068916E+00  0.19000000E+00  0.38067195E+01  0.22682300E+00  0.26655105E+01  0.27271992E+01 -0.25586542E+00
  0.13914817E+01  0.49198308E+02  0.98396616E-01  0.10000000E+01 -0.86530374E+00  0.19000000E+00  0.37671522E+01  0.22682300E+00  0.26333185E+01  0.27034271E+01 -0.25694086E+00
  0.14058268E+01  0.49321168E+02  0.98642337E-01  0.10000000E+01 -0.87896448E+00  0.19000000E+00  0.37096134E+01  0.22682300E+00  0.25900106E+01  0.26654315E+01 -0.25964584E+00
  0.14201720E+01  0.49433880E+02  0.98867759E-01  0.10000000E+01 -0.89219312E+00  0.19000000E+00  0.36955178E+01  0.22682300E+00  0.25755955E+01  0.26598136E+01 -0.26827726E+00
  0.14345172E+01  0.49536418E+02  0.99072836E-01  0.10000000E+01 -0.90568961E+00  0.19000000E+00  0.36557688E+01  0.22682300E+00  0.25450356E+01  0.26341769E+01 -0.26280359E+00
  0.14488624E+01  0.49628763E+02  0.99257526E-01  0.10000000E+01 -0.91924790E+00  0.19000000E+00  0.36112806E+01  0.22682300E+00  0.25119701E+01  0.26043814E+01 -0.25965734E+00
  0.14632075E+01  0.49710895E+02  0.99421791E-01  0.10000000E+01 -0.93249376E+00  0.19000000E+00  0.36042641E+01  0.22682300E+00  0.25036970E+01  0.26026275E+01 -0.27086270E+00
  0.14775527E+01  0.49782798E+02  0.99565596E-01  0.10000000E+01 -0.94528390E+00  0.19000000E+00  0.35746603E+01  0.22682300E+00  0.24813141E+01  0.25831619E+01 -0.27446229E+00
  0.14918979E+01  0.49844457E+02  0.99688913E-01  0.10000000E+01 -0.95734686E+00  0.19000000E+00  0.35481336E+01  0.22682300E+00  0.24614267E+01  0.25655564E+01 -0.28081608E+00
  0.15062431E+01  0.49895858E+02  0.99791716E-01  0.10000000E+01 -0.96860240E+00  0.19000000E+00  0.35438460E+01  0.22682300E+00  0.24563621E+01  0.25644841E+01 -0.29460355E+00
  0.15205882E+01  0.49936992E+02  0.99873984E-01  0.10000000E+01 -0.97911666E+00  0.19000000E+00  0.35071883E+01  0.22682300E+00  0.24309264E+01  0.25381914E+01 -0.29851713E+00
  0.15349334E+01  0.49967850E+02  0.99935699E-01  0.10000000E+01 -0.98843170E+00  0.19000000E+00  0.34758854E+01  0.22682300E+00  0.24094244E+01  0.25155322E+01 -0.31136500E+00
  0.15492786E+01  0.49988425E+02  0.99976850E-01  0.10000000E+01 -0.99619654E+00  0.19000000E+00  0.34659474E+01  0.22682300E+00  0.24021314E+01  0.25087856E+01 -0.33488501E+00
  0.15636237E+01  0.49998714E+02  0.99997428E-01  0.10000000E+01 -0.10036256E+01  0.19000000E+00  0.34291759E+01  0.22682300E+00  0.23780439E+01  0.24810488E+01 -0.33156178E+00
  0.15779689E+01  0.49998714E+02  0.99997428E-01  0.10000000E+01 -0.10121513E+01  0.19000000E+00  0.34156229E+01  0.22682300E+00  0.23693320E+01  0.24706668E+01 -0.31925345E+00
  0.15923141E+01  0.49988425E+02  0.99976850E-01  0.10000000E+01 -0.10220551E+01  0.19000000E+00  0.33799518E+01  0.22682300E+00  0.23468412E+01  0.24429203E+01 -0.30072035E+00
  0.16066593E+01  0.49967850E+02  0.99935699E-01  0.10000000E+01 -0.10329093E+01  0.19000000E+00  0.33294616E+01  0.22682300E+00  0.23152421E+01  0.24034179E+01 -0.28471553E+00
  0.16210044E+01  0.49936992E+02  0.99873984E-01  0.10000000E+01 -0.10440230E+01  0.19000000E+00  0.33122872E+01  0.22682300E+00  0.23054822E+01  0.23890264E+01 -0.28759716E+00
  0.16353496E+01  0.49895858E+02  0.99791716E-01  0.10000000E+01 -0.10550660E+01  0.19000000E+00  0.32673187E+01  0.22682300E+00  0.22782290E+01  0.23529753E+01 -0.28248965E+00
  0.16496948E+01  0.49844457E+02  0.99688913E-01  0.10000000E+01 -0.10657975E+01  0.19000000E+00  0.32555410E+01  0.22682300E+00  0.22727439E+01  0.23419288E+01 -0.29080544E+00
  0.16640399E+01  0.49782798E+02  0.99565596E-01  0.10000000E+01 -0.10764902E+01  0.19000000E+00  0.32225321E+01  0.22682300E+00  0.22539495E+01  0.23142760E+01 -0.28857701E+00
  0.16783851E+01  0.49710895E+02  0.99421791E-01  0.10000000E+01 -0.10873289E+01  0.19000000E+00  0.31959298E+01  0.22682300E+00  0.22396498E+01  0.22911536E+01 -0.28772831E+00
  0.16927303E+01  0.49628763E+02  0.99257526E-01  0.10000000E+01 -0.10984149E+01  0.19000000E+00  0.31663002E+01  0.22682300E+00  0.22237396E+01  0.22653671E+01 -0.28577820E+00
  0.17070755E+01  0.49536418E+02  0.99072836E-01  0.10000000E+01 -0.11096892E+01  0.19000000E+00  0.31268755E+01  0.22682300E+00  0.22018026E+01  0.22317850E+01 -0.28210534E+00
  0.17214206E+01  0.49433880E+02  0.98867759E-01  0.10000000E+01 -0.11209675E+01  0.19000000E+00  0.30975150E+01  0.22682300E+00  0.21866993E+01  0.22055372E+01 -0.28459791E+00
  0.17357658E+01  0.49321168E+02  0.98642337E-01  0.10000000E+01 -0.11321953E+01  0.19000000E+00  0.30572709E+01  0.22682300E+00  0.21648019E+01  0.21707111E+01 -0.28365190E+00
  0.17501110E+01  0.49198308E+02  0.98396616E-01  0.10000000E+01 -0.11432826E+01  0.19000000E+00  0.30290240E+01  0.22682300E+00  0.21509939E+01  0.21446819E+01 -0.28791556E+00
  0.17644561E+01  0.49065324E+02  0.98130647E-01  0.10000000E+01 -0.11542286E+01  0.19000000E+00  0.29939400E+01  0.22682300E+00  0.21329790E+01  0.21131792E+01 -0.28943246E+00
  0.17788013E+01  0.48922242E+02  0.97844485E-01  0.10000000E+01 -0.11649217E+01  0.19000000E+00  0.29680210E+01  0.22682300E+00  0.21212185E+01  0.20883078E+01 -0.29506757E+00
  0.17931465E+01  0.48769094E+02  0.97538188E-01  0.10000000E+01 -0.11752499E+01  0.19000000E+00  0.29448001E+01  0.22682300E+00  0.21114880E+01  0.20651670E+01 -0.30205459E+00
  0.18074917E+01  0.48605910E+02  0.97211820E-01  0.10000000E+01 -0.11851173E+01  0.19000000E+00  0.29272263E+01  0.22682300E+00  0.21057409E+01  0.20459614E+01 -0.31099335E+00
  0.18218368E+01  0.48432724E+02  0.96865447E-01  0.10000000E+01 -0.11944187E+01  0.19000000E+00  0.29164553E+01  0.22682300E+00  0.21047689E+01  0.20315284E+01 -0.32252795E+00
  0.18361820E+01  0.48249571E+02  0.96499142E-01  0.10000000E+01 -0.12031669E+01  0.19000000E+00  0.29036090E+01  0.22682300E+00  0.21026980E+01  0.20152059E+01 -0.33252425E+00
  0.18505272E+01  0.48056489E+02  0.96112978E-01  0.10000000E+01 -0.12115485E+01  0.19000000E+00  0.28890107E+01  0.22682300E+00  0.20997197E+01  0.19972503E+01 -0.34077507E+00
  0.18648724E+01  0.47853519E+02  0.95707037E-01  0.10000000E+01 -0.12198165E+01  0.19000000E+00  0.28677780E+01  0.22682300E+00  0.20925340E+01  0.19740570E+01 -0.34515894E+00
  0.18792175E+01  0.47640701E+02  0.95281401E-01  0.10000000E+01 -0.12280398E+01  0.19000000E+00  0.28441955E+01  0.22682300E+00  0.20839626E+01  0.19488450E+01 -0.34844714E+00
  0.18935627E+01  0.47418079E+02  0.94836158E-01  0.10000000E+01 -0.12360284E+01  0.19000000E+00  0.28226995E+01  0.22682300E+00  0.20769739E+01  0.19249053E+01 -0.35361566E+00
  0.19079079E+01  0.47185700E+02  0.94371400E-01  0.10000000E+01 -0.12436558E+01  0.19000000E+00  0.28037360E+01  0.22682300E+00  0.20718757E+01  0.19025549E+01 -0.36019159E+00
  0.19222530E+01  0.46943611E+02  0.93887221E-01  0.10000000E+01 -0.12508792E+01  0.19000000E+00  0.27884673E+01  0.22682300E+00  0.20694718E+01  0.18826272E+01 -0.36809846E+00
  0.19365982E+01  0.46691861E+02  0.93383723E-01  0.10000000E+01 -0.12575955E+01  0.19000000E+00  0.27777670E+01  0.22682300E+00  0.20703842E+01  0.18657297E+01 -0.37811651E+00
  0.19509434E+01  0.46430504E+02  0.92861008E-01  0.10000000E+01 -0.12635594E+01  0.19000000E+00  0.27702503E+01  0.22682300E+00  0.20736925E+01  0.18508201E+01 -0.39072808E+00
  0.19652886E+01  0.46159592E+02  0.92319184E-01  0.10000000E+01 -0.12683141E+01  0.19000000E+00  0.27637733E+01  0.22682300E+00  0.20779342E+01  0.18363227E+01 -0.40653175E+00
  0.19796337E+01  0.45879181E+02  0.91758363E-01  0.10000000E+01 -0.12715520E+01  0.19000000E+00  0.27541918E+01  0.22682300E+00  0.20802260E+01  0.18192528E+01 -0.42313568E+00
  0.19939789E+01  0.45589330E+02  0.91178659E-01  0.10000000E+01 -0.12743644E+01  0.19000000E+00  0.27282705E+01  0.22682300E+00  0.20712630E+01  0.17901893E+01 -0.42747509E+00
  0.20083241E+01  0.45290096E+02  0.90580193E-01  0.10000000E+01 -0.12786418E+01  0.19000000E+00  0.26851454E+01  0.22682300E+00  0.20502450E+01  0.17486996E+01 -0.41484211E+00
  0.20226692E+01  0.44981543E+02  0.89963087E-01  0.10000000E+01 -0.12846713E+01  0.19000000E+00  0.26491553E+01  0.22682300E+00  0.20341754E+01  0.17121925E+01 -0.40370643E+00
  0.20370144E+01  0.44663734E+02  0.89327468E-01  0.10000000E+01 -0.12912148E+01  0.19000000E+00  0.26335173E+01  0.22682300E+00  0.20325188E+01  0.16898903E+01 -0.40736211E+00
  0.20513596E+01  0.44336734E+02  0.88673468E-01  0.10000000E+01 -0.12977039E+01  0.19000000E+00  0.26213297E+01  0.22682300E+00  0.20334131E+01  0.16697452E+01 -0.41540826E+00
  0.20657048E+01  0.44000610E+02  0.88001220E-01  0.10000000E+01 -0.13041561E+01  0.19000000E+00  0.26008100E+01  0.22682300E+00  0.20284131E+01  0.16435333E+01 -0.42027061E+00
  0.20800499E+01  0.43655432E+02  0.87310864E-01  0.10000000E+01 -0.13105861E+01  0.19000000E+00  0.25751136E+01  0.22682300E+00  0.20196862E+01  0.16135446E+01 -0.42318354E+00
  0.20943951E+01  0.43301270E+02  0.86602540E-01  0.10000000E+01 -0.13169446E+01  0.19000000E+00  0.25529877E+01  0.22682300E+00  0.20135191E+01  0.15858549E+01 -0.42759834E+00
  0.21087403E+01  0.42938198E+02  0.85876396E-01  0.10000000E+01 -0.13231812E+01  0.19000000E+00  0.25394303E+01  0.22682300E+00  0.20136026E+01  0.15638284E+01 -0.43527849E+00
  0.21230854E+01  0.42566290E+02  0.85132580E-01  0.10000000E+01 -0.13292829E+01  0.19000000E+00  0.25288176E+01  0.22682300E+00  0.20158948E+01  0.15435464E+01 -0.44408425E+00
  0.21374306E+01  0.42185622E+02  0.84371245E-01  0.10000000E+01 -0.13352712E+01  0.19000000E+00  0.25104163E+01  0.22682300E+00  0.20124705E+01  0.15177619E+01 -0.45011523E+00
  0.21517758E+01  0.41796274E+02  0.83592548E-01  0.10000000E+01 -0.13411554E+01  0.19000000E+00  0.24850952E+01  0.22682300E+00  0.20038604E+01  0.14871753E+01 -0.45379808E+00
  0.21661210E+01  0.41398325E+02  0.82796649E-01  0.10000000E+01 -0.13469062E+01  0.19000000E+00  0.24645716E+01  0.22682300E+00  0.19987458E+01  0.14596496E+01 -0.45948268E+00
  0.21804661E+01  0.40991856E+02  0.81983713E-01  0.10000000E+01 -0.13524834E+01  0.19000000E+00  0.24538872E+01  0.22682300E+00  0.20009859E+01  0.14384250E+01 -0.46894839E+00
  0.21948113E+01  0.40576953E+02  0.81153906E-01  0.10000000E+01 -0.13578852E+01  0.19000000E+00  0.24416203E+01  0.22682300E+00  0.20020325E+01  0.14159182E+01 -0.47783453E+00
  0.22091565E+01  0.40153699E+02  0.80307399E-01  0.10000000E+01 -0.13631333E+01  0.19000000E+00  0.24187911E+01  0.22682300E+00  0.19949886E+01  0.13863691E+01 -0.48280717E+00
  0.22235016E+01  0.39722183E+02  0.79444366E-01  0.10000000E+01 -0.13682110E+01  0.19000000E+00  0.23969582E+01  0.22682300E+00  0.19885804E+01  0.13573523E+01 -0.48833287E+00
  0.22378468E+01  0.39282493E+02  0.78564986E-01  0.10000000E+01 -0.13730758E+01  0.19000000E+00  0.23860185E+01  0.22682300E+00  0.19904704E+01  0.13351256E+01 -0.49814338E+00
  0.22521920E+01  0.38834719E+02  0.77669438E-01  0.10000000E+01 -0.13777308E+01  0.19000000E+00  0.23734969E+01  0.22682300E+00  0.19910899E+01  0.13116772E+01 -0.50737400E+00
  0.22665372E+01  0.38378953E+02  0.76757907E-01  0.10000000E+01 -0.13822038E+01  0.19000000E+00  0.23499417E+01  0.22682300E+00  0.19829952E+01  0.12811731E+01 -0.51247651E+00
  0.22808823E+01  0.37915290E+02  0.75830581E-01  0.10000000E+01 -0.13864615E+01  0.19000000E+00  0.23307947E+01  0.22682300E+00  0.19781926E+01  0.12533182E+01 -0.51962909E+00
  0.22952275E+01  0.37443825E+02  0.74887650E-01  0.10000000E+01 -0.13904586E+01  0.19000000E+00  0.23203366E+01  0.22682300E+00  0.19801354E+01  0.12306399E+01 -0.53047565E+00
  0.23095727E+01  0.36964655E+02  0.73929309E-01  0.10000000E+01 -0.13942127E+01  0.19000000E+00  0.23013610E+01  0.22682300E+00  0.19751964E+01  0.12026265E+01 -0.53816579E+00
  0.23239179E+01  0.36477878E+02  0.72955755E-01  0.10000000E+01 -0.13977131E+01  0.19000000E+00  0.22795662E+01  0.22682300E+00  0.19678174E+01  0.11728450E+01 -0.54510146E+00
  0.23382630E+01  0.35983594E+02  0.71967188E-01  0.10000000E+01 -0.14008990E+01  0.19000000E+00  0.22683377E+01  0.22682300E+00  0.19687761E+01  0.11492282E+01 -0.55660905E+00
  0.23526082E+01  0.35481906E+02  0.70963812E-01  0.10000000E+01 -0.14037763E+01  0.19000000E+00  0.22526409E+01  0.22682300E+00  0.19659814E+01  0.11228344E+01 -0.56641030E+00
  0.23669534E+01  0.34972916E+02  0.69945833E-01  0.10000000E+01 -0.14063409E+01  0.19000000E+00  0.22332511E+01  0.22682300E+00  0.19599900E+01  0.10942114E+01 -0.57490113E+00
  0.23812985E+01  0.34456730E+02  0.68913460E-01  0.10000000E+01 -0.14085335E+01  0.19000000E+00  0.22228118E+01  0.22682300E+00  0.19611604E+01  0.10706029E+01 -0.58728288E+00
  0.23956437E+01  0.33933453E+02  0.67866906E-01  0.10000000E+01 -0.14103614E+01  0.19000000E+00  0.22072658E+01  0.22682300E+00  0.19579580E+01  0.10439692E+01 -0.59760496E+00
  0.24099889E+01  0.33403193E+02  0.66806386E-01  0.10000000E+01 -0.14117998E+01  0.19000000E+00  0.21914691E+01  0.22682300E+00  0.19543483E+01  0.10171078E+01 -0.60807552E+00
  0.24243341E+01  0.32866060E+02  0.65732119E-01  0.10000000E+01 -0.14127992E+01  0.19000000E+00  0.21804742E+01  0.22682300E+00  0.19545624E+01  0.99277518E+00 -0.62080393E+00
  0.24386792E+01  0.32322163E+02  0.64644326E-01  0.10000000E+01 -0.14133564E+01  0.19000000E+00  0.21640907E+01  0.22682300E+00  0.19500533E+01  0.96541652E+00 -0.63144066E+00
  0.24530244E+01  0.31771615E+02  0.63543230E-01  0.10000000E+01 -0.14134074E+01  0.19000000E+00  0.21517493E+01  0.22682300E+00  0.19487477E+01  0.94013626E+00 -0.64418010E+00
  0.24673696E+01  0.31214529E+02  0.62429058E-01  0.10000000E+01 -0.14129170E+01  0.19000000E+00  0.21378427E+01  0.22682300E+00  0.19459030E+01  0.91393750E+00 -0.65650917E+00
  0.24817147E+01  0.30651020E+02  0.61302040E-01  0.10000000E+01 -0.14118267E+01  0.19000000E+00  0.21239991E+01  0.22682300E+00  0.19428879E+01  0.88769787E+00 -0.66927752E+00
  0.24960599E+01  0.30081203E+02  0.60162406E-01  0.10000000E+01 -0.14100647E+01  0.19000000E+00  0.21113543E+01  0.22682300E+00  0.19406782E+01  0.86199400E+00 -0.68298047E+00
  0.25104051E+01  0.29505196E+02  0.59010393E-01  0.10000000E+01 -0.14075583E+01  0.19000000E+00  0.20976117E+01  0.22682300E+00  0.19372855E+01  0.83567247E+00 -0.69667195E+00
  0.25247503E+01  0.28923118E+02  0.57846236E-01  0.10000000E+01 -0.14042057E+01  0.19000000E+00  0.20852882E+01  0.22682300E+00  0.19348887E+01  0.80998835E+00 -0.71153669E+00
  0.25390954E+01  0.28335088E+02  0.56670176E-01  0.10000000E+01 -0.13999048E+01  0.19000000E+00  0.20723447E+01  0.22682300E+00  0.19317069E+01  0.78394481E+00 -0.72668741E+00
  0.25534406E+01  0.27741227E+02  0.55482454E-01  0.10000000E+01 -0.13945341E+01  0.19000000E+00  0.20603327E+01  0.22682300E+00  0.19290972E+01  0.75828994E+00 -0.74286693E+00
  0.25677858E+01  0.27141657E+02  0.54283314E-01  0.10000000E+01 -0.13879827E+01  0.19000000E+00  0.20481187E+01  0.22682300E+00  0.19260575E+01  0.73248988E+00 -0.75951433E+00
  0.25821309E+01  0.26536502E+02  0.53073005E-01  0.10000000E+01 -0.13801543E+01  0.19000000E+00  0.20360871E+01  0.22682300E+00  0.19229223E+01  0.70673114E+00 -0.77672257E+00
  0.25964761E+01  0.25925887E+02  0.51851774E-01  0.10000000E+01 -0.13709921E+01  0.19000000E+00  0.20234421E+01  0.22682300E+00  0.19189724E+01  0.68066985E+00 -0.79395909E+00
  0.26108213E+01  0.25309936E+02  0.50619873E-01  0.10000000E+01 -0.13604879E+01  0.19000000E+00  0.20098034E+01  0.22682300E+00  0.19138494E+01  0.65417052E+00 -0.81084508E+00
  0.26251665E+01  0.24688778E+02  0.49377555E-01  0.10000000E+01 -0.13486886E+01  0.19000000E+00  0.19944323E+01  0.22682300E+00  0.19068627E+01  0.62696356E+00 -0.82681088E+00
  0.26395116E+01  0.24062538E+02  0.48125076E-01  0.10000000E+01 -0.13359696E+01  0.18978529E+00  0.19762689E+01  0.22631063E+00  0.18968075E+01  0.59914668E+00 -0.84141346E+00
  0.26538568E+01  0.23431347E+02  0.46862695E-01  0.10000000E+01 -0.13227370E+01  0.18923313E+00  0.19544480E+01  0.22499570E+00  0.18827483E+01  0.57074423E+00 -0.85291650E+00
  0.26682020E+01  0.22795335E+02  0.45590669E-01  0.10000000E+01 -0.13091766E+01  0.18844823E+00  0.19282608E+01  0.22313310E+00  0.18641042E+01  0.54138116E+00 -0.85995304E+00
  0.26825472E+01  0.22154631E+02  0.44309262E-01  0.10000000E+01 -0.12954361E+01  0.18747770E+00  0.18969102E+01  0.22084069E+00  0.18401410E+01  0.51080323E+00 -0.86297473E+00
  0.26968923E+01  0.21509369E+02  0.43018738E-01  0.10000000E+01 -0.12814736E+01  0.18633926E+00  0.18606588E+01  0.21816677E+00  0.18110697E+01  0.47924370E+00 -0.86347747E+00
  0.27112375E+01  0.20859680E+02  0.41719360E-01  0.10000000E+01 -0.12667392E+01  0.18504472E+00  0.18232883E+01  0.21514600E+00  0.17803907E+01  0.44819311E+00 -0.86582299E+00
  0.27255827E+01  0.20205699E+02  0.40411398E-01  0.10000000E+01 -0.12500007E+01  0.18360982E+00  0.17917824E+01  0.21182231E+00  0.17546754E+01  0.42008002E+00 -0.87638216E+00
  0.27399278E+01  0.19547560E+02  0.39095120E-01  0.10000000E+01 -0.12298713E+01  0.18205207E+00  0.17692001E+01  0.20824335E+00  0.17369066E+01  0.39571422E+00 -0.89718924E+00
  0.27542730E+01  0.18885398E+02  0.37770797E-01  0.10000000E+01 -0.12050023E+01  0.18039150E+00  0.17586363E+01  0.20446173E+00  0.17301446E+01  0.37577378E+00 -0.92943558E+00
  0.27686182E+01  0.18219350E+02  0.36438701E-01  0.10000000E+01 -0.11746626E+01  0.17864468E+00  0.17586840E+01  0.20052110E+00  0.17332091E+01  0.35939437E+00 -0.96992249E+00
  0.27829634E+01  0.17549553E+02  0.35099107E-01  0.10000000E+01 -0.11400685E+01  0.17681175E+00  0.17570125E+01  0.19642744E+00  0.17344639E+01  0.34250791E+00 -0.10045293E+01
  0.27973085E+01  0.16876145E+02  0.33752290E-01  0.10000000E+01 -0.11025730E+01  0.17489369E+00  0.17544708E+01  0.19218885E+00  0.17347069E+01  0.32541741E+00 -0.10329508E+01
  0.28116537E+01  0.16199264E+02  0.32398528E-01  0.10000000E+01 -0.10635693E+01  0.17288741E+00  0.17465156E+01  0.18780477E+00  0.17295677E+01  0.30689237E+00 -0.10525785E+01
  0.28259989E+01  0.15519049E+02  0.31038098E-01  0.10000000E+01 -0.10244612E+01  0.17078597E+00  0.17278451E+01  0.18326699E+00  0.17138852E+01  0.28571471E+00 -0.10603349E+01
  0.28403440E+01  0.14835641E+02  0.29671282E-01  0.10000000E+01 -0.98653537E+00  0.16856901E+00  0.16884042E+01  0.17853993E+00  0.16778347E+01  0.25972286E+00 -0.10523639E+01
  0.28546892E+01  0.14149180E+02  0.28298360E-01  0.10000000E+01 -0.94924937E+00  0.16622659E+00  0.16422798E+01  0.17361245E+00  0.16348963E+01  0.23310556E+00 -0.10445820E+01
  0.28690344E+01  0.13459807E+02  0.26919614E-01  0.10000000E+01 -0.90957457E+00  0.16378054E+00  0.16171066E+01  0.16854058E+00  0.16119203E+01  0.21249156E+00 -0.10609812E+01
  0.28833796E+01  0.12767665E+02  0.25535330E-01  0.10000000E+01 -0.86434851E+00  0.16128476E+00  0.16367915E+01  0.16344309E+00  0.16324412E+01  0.20232604E+00 -0.11125272E+01
  0.28977247E+01  0.12072895E+02  0.24145790E-01  0.10000000E+01 -0.81557061E+00  0.15875192E+00  0.16641609E+01  0.15834993E+00  0.16604733E+01  0.19322163E+00 -0.11586977E+01
  0.29120699E+01  0.11375641E+02  0.22751282E-01  0.10000000E+01 -0.76676088E+00  0.15616095E+00  0.16720029E+01  0.15322328E+00  0.16693784E+01  0.17957357E+00 -0.11801482E+01
  0.29264151E+01  0.10676046E+02  0.21352092E-01  0.10000000E+01 -0.71713351E+00  0.15352148E+00  0.16820046E+01  0.14808742E+00  0.16803237E+01  0.16607702E+00 -0.12047908E+01
  0.29407602E+01  0.99742538E+01  0.19948508E-01  0.10000000E+01 -0.66818348E+00  0.15079714E+00  0.16528367E+01  0.14287824E+00  0.16526025E+01  0.14556190E+00 -0.12023077E+01
  0.29551054E+01  0.92704093E+01  0.18540819E-01  0.10000000E+01 -0.61967221E+00  0.14794606E+00  0.15855396E+01  0.13752660E+00  0.15869856E+01  0.11969076E+00 -0.11824859E+01
  0.29694506E+01  0.85646572E+01  0.17129314E-01  0.10000000E+01 -0.57349151E+00  0.14495686E+00  0.15060296E+01  0.13202537E+00  0.15088969E+01  0.93732985E-01 -0.11474636E+01
  0.29837958E+01  0.78571426E+01  0.15714285E-01  0.10000000E+01 -0.52973527E+00  0.14180368E+00  0.14129490E+01  0.12634408E+00  0.14169559E+01  0.67997269E-01 -0.11092439E+01
  0.29981409E+01  0.71480112E+01  0.14296022E-01  0.10000000E+01 -0.48757208E+00  0.13852906E+00  0.13451826E+01  0.12057622E+00  0.13497315E+01  0.47745955E-01 -0.10845698E+01
  0.30124861E+01  0.64374089E+01  0.12874818E-01  0.10000000E+01 -0.44631390E+00  0.13513972E+00  0.12821580E+01  0.11474822E+00  0.12869393E+01  0.29727956E-01 -0.10648457E+01
  0.30268313E+01  0.57254818E+01  0.11450964E-01  0.10000000E+01 -0.40605297E+00  0.13163798E+00  0.12278003E+01  0.10887855E+00  0.12325372E+01  0.14152783E-01 -0.10505073E+01
  0.30411765E+01  0.50123766E+01  0.10024753E-01  0.10000000E+01 -0.36689761E+00  0.12801125E+00  0.11519433E+01  0.10296181E+00  0.11565339E+01 -0.19217135E-02 -0.10232534E+01
  0.30555216E+01  0.42982399E+01  0.85964799E-02  0.10000000E+01 -0.32978163E+00  0.12422820E+00  0.10470129E+01  0.96966183E-01  0.10513356E+01 -0.18221832E-01 -0.97827499E+00
  0.30698668E+01  0.35832188E+01  0.71664375E-02  0.10000000E+01 -0.29320311E+00  0.12034701E+00  0.98482741E+00  0.91001911E-01  0.98858961E+00 -0.29274060E-01 -0.95834155E+00
  0.30842120E+01  0.28674602E+01  0.57349205E-02  0.10000000E+01 -0.25608951E+00  0.11635133E+00  0.91259800E+00  0.85059455E-01  0.91571052E+00 -0.39299569E-01 -0.94167831E+00
  0.30985571E+01  0.21511117E+01  0.43022233E-02  0.10000000E+01 -0.22056239E+00  0.11222939E+00  0.82562055E+00  0.79139463E-01  0.82800925E+00 -0.48093893E-01 -0.90803399E+00
  0.31129023E+01  0.14343204E+01  0.28686408E-02  0.10000000E+01 -0.18948346E+00  0.10798183E+00  0.72470525E+00  0.73262420E-01  0.72631201E+00 -0.55099368E-01 -0.85069738E+00
  0.31272475E+01  0.71723400E+00  0.14344680E-02  0.10000000E+01 -0.16428106E+00  0.10351428E+00  0.54426077E+00  0.67325622E-01  0.54506089E+00 -0.60507417E-01 -0.75200799E+00
  0.31415927E+01  0.61232340E-14  0.12246468E-16  0.10000000E+01 -0.14260941E+00  0.98880120E-01  0.41509395E+00  0.61432452E-01  0.41509395E+00 -0.61432452E-01 -0.68924175E+00
  0.31559378E+01 -0.71723400E+00 -0.14344680E-02  0.10000000E+01 -0.12039056E+00  0.94127473E-01  0.34518202E+00  0.55668905E-01  0.34445812E+00 -0.59985452E-01 -0.67803222E+00
  0.31702830E+01 -0.14343204E+01 -0.28686408E-02  0.10000000E+01 -0.95001508E-01  0.89299754E-01  0.28796360E+00  0.50104923E-01  0.28661920E+00 -0.57297241E-01 -0.68134309E+00
  0.31846282E+01 -0.21511117E+01 -0.43022233E-02  0.10000000E+01 -0.71694268E-01  0.84341582E-01  0.16222564E+00  0.44695455E-01  0.16043367E+00 -0.50753125E-01 -0.62384176E+00
  0.31989733E+01 -0.28674602E+01 -0.57349205E-02  0.10000000E+01 -0.54466572E-01  0.79171565E-01 -0.26804638E-01  0.39383865E-01 -0.28741284E-01 -0.37993632E-01 -0.52101393E+00
  0.32133185E+01 -0.35832188E+01 -0.71664375E-02  0.10000000E+01 -0.46674890E-01  0.73731669E-01 -0.25681083E+00  0.34157652E-01 -0.25844358E+00 -0.18040660E-01 -0.38737316E+00
  0.32276637E+01 -0.42982399E+01 -0.85964799E-02  0.10000000E+01 -0.52654788E-01  0.68005119E-01 -0.50930324E+00  0.29057824E-01 -0.51004862E+00  0.91952117E-02 -0.22315342E+00
  0.32420089E+01 -0.50123766E+01 -0.10024753E-01  0.10000000E+01 -0.64369926E-01  0.62128693E-01 -0.64945245E+00  0.24252935E-01 -0.64908784E+00  0.32583078E-01 -0.14753252E+00
  0.32563540E+01 -0.57254818E+01 -0.11450964E-01  0.10000000E+01 -0.73308837E-01  0.56222601E-01 -0.69009074E+00  0.19861029E-01 -0.68862947E+00  0.49083081E-01 -0.15502047E+00
  0.32706992E+01 -0.64374089E+01 -0.12874818E-01  0.10000000E+01 -0.79262961E-01  0.50266306E-01 -0.75099268E+00  0.15875735E-01 -0.74803757E+00  0.68423973E-01 -0.15392798E+00
  0.32850444E+01 -0.71480112E+01 -0.14296022E-01  0.10000000E+01 -0.78057764E-01  0.44327388E-01 -0.76200405E+00  0.12345940E-01 -0.75761801E+00  0.82568435E-01 -0.19465160E+00
  0.32993895E+01 -0.78571426E+01 -0.15714285E-01  0.10000000E+01 -0.82010342E-01  0.38225834E-01 -0.94072884E+00  0.91810809E-02 -0.93315236E+00  0.11950614E+00 -0.99836466E-01
  0.33137347E+01 -0.85646572E+01 -0.17129314E-01  0.10000000E+01 -0.99889638E-01  0.31850595E-01 -0.12138567E+01  0.63740430E-02 -0.12012695E+01  0.17447114E+00  0.78787196E-01
  0.33280799E+01 -0.92704093E+01 -0.18540819E-01  0.10000000E+01 -0.11737672E+00  0.25425403E-01 -0.12843684E+01  0.40617722E-02 -0.12682477E+01  0.20289551E+00  0.96429493E-01
  0.33424251E+01 -0.99742538E+01 -0.19948508E-01  0.10000000E+01 -0.12986875E+00  0.18943372E-01 -0.13546520E+01  0.22547296E-02 -0.13345678E+01  0.23241270E+00  0.91202417E-01
  0.33567702E+01 -0.10676046E+02 -0.21352092E-01  0.10000000E+01 -0.14789958E+00  0.12254128E-01 -0.15651410E+01  0.94350608E-03 -0.15382237E+01  0.28902426E+00  0.19942849E+00
  0.33711154E+01 -0.11375641E+02 -0.22751282E-01  0.10000000E+01 -0.16513861E+00  0.54332986E-02 -0.17153309E+01  0.18548425E-03 -0.16816700E+01  0.33815100E+00  0.24901342E+00
  0.33854606E+01 -0.12072895E+02 -0.24145790E-01  0.10000000E+01 -0.17613338E+00 -0.14074233E-02 -0.17750849E+01  0.12445988E-04 -0.17358267E+01  0.37125747E+00  0.23426004E+00
  0.33998057E+01 -0.12767665E+02 -0.25535330E-01  0.10000000E+01 -0.19946124E+00 -0.85126979E-02 -0.20646110E+01  0.45531748E-03 -0.20136625E+01  0.45583112E+00  0.41474524E+00
  0.34141509E+01 -0.13459807E+02 -0.26919614E-01  0.10000000E+01 -0.24023250E+00 -0.15944725E-01 -0.24075926E+01  0.15974011E-02 -0.23418361E+01  0.55884543E+00  0.64125962E+00
  0.34284961E+01 -0.14149180E+02 -0.28298360E-01  0.10000000E+01 -0.28532499E+00 -0.23592005E-01 -0.26266478E+01  0.34971123E-02 -0.25478168E+01  0.63868625E+00  0.74221732E+00
  0.34428413E+01 -0.14835641E+02 -0.29671282E-01  0.10000000E+01 -0.32554203E+00 -0.31241792E-01 -0.26657281E+01  0.61327004E-02 -0.25784344E+01  0.67662376E+00  0.71978320E+00
  0.34571864E+01 -0.15519049E+02 -0.31038098E-01  0.10000000E+01 -0.36900492E+00 -0.38986765E-01 -0.27929048E+01  0.95502397E-02 -0.26936351E+01  0.73806406E+00  0.77501910E+00
  0.34715316E+01 -0.16199264E+02 -0.32398528E-01  0.10000000E+01 -0.41593911E+00 -0.46741748E-01 -0.28620507E+01  0.13727447E-01 -0.27522491E+01  0.78526896E+00  0.80814827E+00
  0.34858768E+01 -0.16876145E+02 -0.33752290E-01  0.10000000E+01 -0.45800206E+00 -0.54485406E-01 -0.28999211E+01  0.18652638E-01 -0.27804495E+01  0.82400877E+00  0.78639947E+00
  0.35002220E+01 -0.17549553E+02 -0.35099107E-01  0.10000000E+01 -0.50934090E+00 -0.62455883E-01 -0.31498722E+01  0.24509056E-01 -0.30106564E+01  0.92641433E+00  0.92737644E+00
  0.35145671E+01 -0.18219350E+02 -0.36438701E-01  0.10000000E+01 -0.56784287E+00 -0.70513349E-01 -0.32912361E+01  0.31240830E-01 -0.31360026E+01  0.99934925E+00  0.10097889E+01
  0.35289123E+01 -0.18885398E+02 -0.37770797E-01  0.10000000E+01 -0.61374065E+00 -0.78401326E-01 -0.31944779E+01  0.38621283E-01 -0.30350132E+01  0.99743461E+00  0.88909848E+00
  0.35432575E+01 -0.19547560E+02 -0.39095120E-01  0.10000000E+01 -0.65249041E+00 -0.86190369E-01 -0.31576329E+01  0.46676401E-01 -0.29912572E+01  0.10125238E+01  0.82187374E+00
  0.35576026E+01 -0.20205699E+02 -0.40411398E-01  0.10000000E+01 -0.68664895E+00 -0.93906656E-01 -0.31427610E+01  0.55408020E-01 -0.29684887E+01  0.10334850E+01  0.77636818E+00
  0.35719478E+01 -0.20859680E+02 -0.41719360E-01  0.10000000E+01 -0.72018766E+00 -0.10160941E+00 -0.31779473E+01  0.64870572E-01 -0.29927488E+01  0.10709865E+01  0.77207146E+00
  0.35862930E+01 -0.21509369E+02 -0.43018738E-01  0.10000000E+01 -0.74693133E+00 -0.10922246E+00 -0.31390853E+01  0.74955553E-01 -0.29479546E+01  0.10812207E+01  0.70358122E+00
  0.36006382E+01 -0.22154631E+02 -0.44309262E-01  0.10000000E+01 -0.77032888E+00 -0.11681362E+00 -0.31594446E+01  0.85736718E-01 -0.29585131E+01  0.11120437E+01  0.67869741E+00
  0.36149833E+01 -0.22795335E+02 -0.45590669E-01  0.10000000E+01 -0.80035666E+00 -0.12448286E+00 -0.32765782E+01  0.97364139E-01 -0.30583829E+01  0.11797197E+01  0.74592794E+00
  0.36293285E+01 -0.23431347E+02 -0.46862695E-01  0.10000000E+01 -0.83814360E+00 -0.13221672E+00 -0.33874820E+01  0.10983801E+00 -0.31518178E+01  0.12462516E+01  0.81629477E+00
  0.36436737E+01 -0.24062538E+02 -0.48125076E-01  0.10000000E+01 -0.88359798E+00 -0.14000550E+00 -0.34932902E+01  0.12316011E+00 -0.32399431E+01  0.13118740E+01  0.88436957E+00
  0.36580188E+01 -0.24688778E+02 -0.49377555E-01  0.10000000E+01 -0.92904338E+00 -0.14777609E+00 -0.35258694E+01  0.13721078E+00 -0.32608811E+01  0.13480490E+01  0.88129733E+00
  0.36723640E+01 -0.25309936E+02 -0.50619873E-01  0.10000000E+01 -0.97099900E+00 -0.15550512E+00 -0.35292009E+01  0.15193901E+00 -0.32553835E+01  0.13714310E+01  0.84658323E+00
  0.36867092E+01 -0.25925887E+02 -0.51851774E-01  0.10000000E+01 -0.10071865E+01 -0.16312645E+00 -0.34785529E+01  0.16719706E+00 -0.32015724E+01  0.13704814E+01  0.77741017E+00
  0.37010544E+01 -0.26536502E+02 -0.53073005E-01  0.10000000E+01 -0.10381312E+01 -0.17060723E+00 -0.34046974E+01  0.18288359E+00 -0.31277188E+01  0.13574927E+01  0.70194859E+00
  0.37153995E+01 -0.27141657E+02 -0.54283314E-01  0.10000000E+01 -0.10649635E+01 -0.17795247E+00 -0.33379756E+01  0.19897014E+00 -0.30611709E+01  0.13456981E+01  0.63659610E+00
  0.37297447E+01 -0.27741227E+02 -0.55482454E-01  0.10000000E+01 -0.10864302E+01 -0.18515797E+00 -0.32665727E+01  0.21540942E+00 -0.29913779E+01  0.13298710E+01  0.56410688E+00
  0.37440899E+01 -0.28335088E+02 -0.56670176E-01  0.10000000E+01 -0.10982711E+01 -0.19000000E+00 -0.31898786E+01  0.22682300E+00 -0.29153456E+01  0.13143570E+01  0.48709147E+00
  0.37584350E+01 -0.28923118E+02 -0.57846236E-01  0.10000000E+01 -0.10981166E+01 -0.19000000E+00 -0.31291374E+01  0.22682300E+00 -0.28485381E+01  0.13148310E+01  0.42909305E+00
  0.37727802E+01 -0.29505196E+02 -0.59010393E-01  0.10000000E+01 -0.10891987E+01 -0.19000000E+00 -0.30867445E+01  0.22682300E+00 -0.27981387E+01  0.13228228E+01  0.35204407E+00
  0.37871254E+01 -0.30081203E+02 -0.60162406E-01  0.10000000E+01 -0.10713022E+01 -0.19000000E+00 -0.30495367E+01  0.22682300E+00 -0.27525024E+01  0.13322363E+01  0.27525806E+00
  0.38014706E+01 -0.30651020E+02 -0.61302040E-01  0.10000000E+01 -0.10458826E+01 -0.19000000E+00 -0.30210972E+01  0.22682300E+00 -0.27146510E+01  0.13450454E+01  0.20969774E+00
  0.38158157E+01 -0.31214529E+02 -0.62429058E-01  0.10000000E+01 -0.10154472E+01 -0.19000000E+00 -0.30138070E+01  0.22682300E+00 -0.26950564E+01  0.13679006E+01  0.16464053E+00
  0.38301609E+01 -0.31771615E+02 -0.63543230E-01  0.10000000E+01 -0.98190697E+00 -0.19000000E+00 -0.30224423E+01  0.22682300E+00 -0.26889705E+01  0.13985864E+01  0.13498156E+00
  0.38445061E+01 -0.32322163E+02 -0.64644326E-01  0.10000000E+01 -0.94639155E+00 -0.19000000E+00 -0.30401524E+01  0.22682300E+00 -0.26903737E+01  0.14338286E+01  0.11418204E+00
  0.38588513E+01 -0.32866060E+02 -0.65732119E-01  0.10000000E+01 -0.90940131E+00 -0.19000000E+00 -0.30608621E+01  0.22682300E+00 -0.26940366E+01  0.14705414E+01  0.96715829E-01
  0.38731964E+01 -0.33403193E+02 -0.66806386E-01  0.10000000E+01 -0.87027547E+00 -0.19000000E+00 -0.30717056E+01  0.22682300E+00 -0.26891848E+01  0.15017020E+01  0.71349260E-01
  0.38875416E+01 -0.33933453E+02 -0.67866906E-01  0.10000000E+01 -0.82877021E+00 -0.19000000E+00 -0.30778917E+01  0.22682300E+00 -0.26803044E+01  0.15299784E+01  0.42814274E-01
  0.39018868E+01 -0.34456730E+02 -0.68913460E-01  0.10000000E+01 -0.78489492E+00 -0.19000000E+00 -0.30828943E+01  0.22682300E+00 -0.26703447E+01  0.15572236E+01  0.14207908E-01
  0.39162319E+01 -0.34972916E+02 -0.69945833E-01  0.10000000E+01 -0.73846174E+00 -0.19000000E+00 -0.30855996E+01  0.22682300E+00 -0.26584240E+01  0.15827683E+01 -0.16076686E-01
  0.39305771E+01 -0.35481906E+02 -0.70963812E-01  0.10000000E+01 -0.68949210E+00 -0.19000000E+00 -0.30935821E+01  0.22682300E+00 -0.26507588E+01  0.16109552E+01 -0.44847660E-01
  0.39449223E+01 -0.35983594E+02 -0.71967188E-01  0.10000000E+01 -0.63970942E+00 -0.19000000E+00 -0.31136056E+01  0.22682300E+00 -0.26527544E+01  0.16458683E+01 -0.55291509E-01
  0.39592675E+01 -0.36477878E+02 -0.72955755E-01  0.10000000E+01 -0.59263393E+00 -0.19000000E+00 -0.31716970E+01  0.22682300E+00 -0.26851677E+01  0.17032279E+01 -0.28865357E-01
  0.39736126E+01 -0.36964655E+02 -0.73929309E-01  0.10000000E+01 -0.54915525E+00 -0.19000000E+00 -0.32812023E+01  0.22682300E+00 -0.27580960E+01  0.17918269E+01  0.11221787E-01
  0.39879578E+01 -0.37443825E+02 -0.74887650E-01  0.10000000E+01 -0.50684405E+00 -0.19000000E+00 -0.32753294E+01  0.22682300E+00 -0.27383517E+01  0.18112596E+01  0.15168572E-01
  0.40023030E+01 -0.37915290E+02 -0.75830581E-01  0.10000000E+01 -0.46371678E+00 -0.19000000E+00 -0.33237422E+01  0.22682300E+00 -0.27615489E+01  0.18634803E+01  0.95668372E-02
  0.40166481E+01 -0.38378953E+02 -0.76757907E-01  0.10000000E+01 -0.41947891E+00 -0.19000000E+00 -0.32994465E+01  0.22682300E+00 -0.27273325E+01  0.18706825E+01 -0.86738358E-02
  0.40309933E+01 -0.38834719E+02 -0.77669438E-01  0.10000000E+01 -0.37346303E+00 -0.19000000E+00 -0.33603508E+01  0.22682300E+00 -0.27598078E+01  0.19305096E+01 -0.21163232E-01
  0.40453385E+01 -0.39282493E+02 -0.78564986E-01  0.10000000E+01 -0.32616956E+00 -0.19000000E+00 -0.33399271E+01  0.22682300E+00 -0.27288278E+01  0.19390875E+01 -0.41395968E-01
  0.40596837E+01 -0.39722183E+02 -0.79444366E-01  0.10000000E+01 -0.28179227E+00 -0.19000000E+00 -0.33404048E+01  0.22682300E+00 -0.27142344E+01  0.19602766E+01 -0.18371967E-01
  0.40740288E+01 -0.40153699E+02 -0.80307399E-01  0.10000000E+01 -0.24268820E+00 -0.19000000E+00 -0.34810737E+01  0.22682300E+00 -0.28069097E+01  0.20713718E+01  0.42527162E-01
  0.40883740E+01 -0.40576953E+02 -0.81153906E-01  0.10000000E+01 -0.20606766E+00 -0.19000000E+00 -0.34802307E+01  0.22682300E+00 -0.27908914E+01  0.20915018E+01  0.58260580E-01
  0.41027192E+01 -0.40991856E+02 -0.81983713E-01  0.10000000E+01 -0.17072133E+00 -0.19000000E+00 -0.34922086E+01  0.22682300E+00 -0.27847138E+01  0.21195138E+01  0.70354345E-01
  0.41170643E+01 -0.41398325E+02 -0.82796649E-01  0.10000000E+01 -0.13607346E+00 -0.19000000E+00 -0.35552339E+01  0.22682300E+00 -0.28168847E+01  0.21808936E+01  0.76798286E-01
  0.41314095E+01 -0.41796274E+02 -0.83592548E-01  0.10000000E+01 -0.10198811E+00 -0.19000000E+00 -0.35540661E+01  0.22682300E+00 -0.28007989E+01  0.21996273E+01  0.76893564E-01
  0.41457547E+01 -0.42185622E+02 -0.84371245E-01  0.10000000E+01 -0.68350899E-01 -0.19000000E+00 -0.35463857E+01  0.22682300E+00 -0.27800960E+01  0.22134513E+01  0.75522571E-01
  0.41600999E+01 -0.42566290E+02 -0.85132580E-01  0.10000000E+01 -0.34731175E-01 -0.19000000E+00 -0.36101599E+01  0.22682300E+00 -0.28122981E+01  0.22750125E+01  0.76258728E-01
  0.41744450E+01 -0.42938198E+02 -0.85876396E-01  0.10000000E+01 -0.15054263E-02 -0.19000000E+00 -0.35333964E+01  0.22682300E+00 -0.27412742E+01  0.22409272E+01  0.65297982E-01
  0.41887902E+01 -0.43301270E+02 -0.86602540E-01  0.10000000E+01  0.31772179E-01 -0.19000000E+00 -0.36057920E+01  0.22682300E+00 -0.27797053E+01  0.23079044E+01  0.67408754E-01
  0.42031354E+01 -0.43655432E+02 -0.87310864E-01  0.10000000E+01  0.64803239E-01 -0.19000000E+00 -0.35572847E+01  0.22682300E+00 -0.27302913E+01  0.22915568E+01  0.60191089E-01
  0.42174805E+01 -0.44000610E+02 -0.88001220E-01  0.10000000E+01  0.97626386E-01 -0.19000000E+00 -0.35635744E+01  0.22682300E+00 -0.27209607E+01  0.23123330E+01  0.58883218E-01
  0.42318257E+01 -0.44336734E+02 -0.88673468E-01  0.10000000E+01  0.13012618E+00 -0.19000000E+00 -0.35289623E+01  0.22682300E+00 -0.26825926E+01  0.23040661E+01  0.51638904E-01
  0.42461709E+01 -0.44663734E+02 -0.89327468E-01  0.10000000E+01  0.16232543E+00 -0.19000000E+00 -0.35631812E+01  0.22682300E+00 -0.26937372E+01  0.23433926E+01  0.56076329E-01
  0.42605161E+01 -0.44981543E+02 -0.89963087E-01  0.10000000E+01  0.19412390E+00 -0.19000000E+00 -0.35408324E+01  0.22682300E+00 -0.26648894E+01  0.23425003E+01  0.51626514E-01
  0.42748612E+01 -0.45290096E+02 -0.90580193E-01  0.10000000E+01  0.22547823E+00 -0.19000000E+00 -0.34974355E+01  0.22682300E+00 -0.26217053E+01  0.23259762E+01  0.41593027E-01
  0.42892064E+01 -0.45589330E+02 -0.91178659E-01  0.10000000E+01  0.25631885E+00 -0.19000000E+00 -0.35250228E+01  0.22682300E+00 -0.26288274E+01  0.23593433E+01  0.50255076E-01
  0.43035516E+01 -0.45879181E+02 -0.91758363E-01  0.10000000E+01  0.28653146E+00 -0.19000000E+00 -0.35253030E+01  0.22682300E+00 -0.26170533E+01  0.23728130E+01  0.55956276E-01
  0.43178968E+01 -0.46159592E+02 -0.92319184E-01  0.10000000E+01  0.31601013E+00 -0.19000000E+00 -0.34488862E+01  0.22682300E+00 -0.25524790E+01  0.23304754E+01  0.44818557E-01
  0.43322419E+01 -0.46430504E+02 -0.92861008E-01  0.10000000E+01  0.34469380E+00 -0.19000000E+00 -0.34643344E+01  0.22682300E+00 -0.25520788E+01  0.23537111E+01  0.53274051E-01
  0.43465871E+01 -0.46691861E+02 -0.93383723E-01  0.10000000E+01  0.37253801E+00 -0.19000000E+00 -0.35097396E+01  0.22682300E+00 -0.25724601E+01  0.23983682E+01  0.67803593E-01
  0.43609323E+01 -0.46943611E+02 -0.93887221E-01  0.10000000E+01  0.39946142E+00 -0.19000000E+00 -0.34437328E+01  0.22682300E+00 -0.25168332E+01  0.23614180E+01  0.60164862E-01
  0.43752774E+01 -0.47185700E+02 -0.94371400E-01  0.10000000E+01  0.42527524E+00 -0.19000000E+00 -0.34119418E+01  0.22682300E+00 -0.24852272E+01  0.23487105E+01  0.62407445E-01
  0.43896226E+01 -0.47418079E+02 -0.94836158E-01  0.10000000E+01  0.44991883E+00 -0.19000000E+00 -0.34453156E+01  0.22682300E+00 -0.24982631E+01  0.23833442E+01  0.77031747E-01
  0.44039678E+01 -0.47640701E+02 -0.95281401E-01  0.10000000E+01  0.47369281E+00 -0.19000000E+00 -0.34410594E+01  0.22682300E+00 -0.24861161E+01  0.23898881E+01  0.81115209E-01
  0.44183130E+01 -0.47853519E+02 -0.95707037E-01  0.10000000E+01  0.49675056E+00 -0.19000000E+00 -0.34249033E+01  0.22682300E+00 -0.24663808E+01  0.23871273E+01  0.84896563E-01
  0.44326581E+01 -0.48056489E+02 -0.96112978E-01  0.10000000E+01  0.51892785E+00 -0.19000000E+00 -0.33907447E+01  0.22682300E+00 -0.24350774E+01  0.23704422E+01  0.86355473E-01
  0.44470033E+01 -0.48249571E+02 -0.96499142E-01  0.10000000E+01  0.54024350E+00 -0.19000000E+00 -0.33451266E+01  0.22682300E+00 -0.23966989E+01  0.23446012E+01  0.83894508E-01
  0.44613485E+01 -0.48432724E+02 -0.96865447E-01  0.10000000E+01  0.56048470E+00 -0.19000000E+00 -0.33725962E+01  0.22682300E+00 -0.24074179E+01  0.23728026E+01  0.10378093E+00
  0.44756936E+01 -0.48605910E+02 -0.97211820E-01  0.10000000E+01  0.57899421E+00 -0.19000000E+00 -0.33782052E+01  0.22682300E+00 -0.24039436E+01  0.23842764E+01  0.12601725E+00
  0.44900388E+01 -0.48769094E+02 -0.97538188E-01  0.10000000E+01  0.59546241E+00 -0.19000000E+00 -0.33058926E+01  0.22682300E+00 -0.23494824E+01  0.23367300E+01  0.13011540E+00
  0.45043840E+01 -0.48922242E+02 -0.97844485E-01  0.10000000E+01  0.61081667E+00 -0.19000000E+00 -0.33014490E+01  0.22682300E+00 -0.23403082E+01  0.23396520E+01  0.13928401E+00
  0.45187292E+01 -0.49065324E+02 -0.98130647E-01  0.10000000E+01  0.62611976E+00 -0.19000000E+00 -0.33184374E+01  0.22682300E+00 -0.23455890E+01  0.23583230E+01  0.14450498E+00
  0.45330743E+01 -0.49198308E+02 -0.98396616E-01  0.10000000E+01  0.64032919E+00 -0.19000000E+00 -0.32789766E+01  0.22682300E+00 -0.23143236E+01  0.23338900E+01  0.15087718E+00
  0.45474195E+01 -0.49321168E+02 -0.98642337E-01  0.10000000E+01  0.65233894E+00 -0.19000000E+00 -0.32765978E+01  0.22682300E+00 -0.23077632E+01  0.23370432E+01  0.17518696E+00
  0.45617647E+01 -0.49433880E+02 -0.98867759E-01  0.10000000E+01  0.66421320E+00 -0.19000000E+00 -0.32607017E+01  0.22682300E+00 -0.22928237E+01  0.23295029E+01  0.16838178E+00
  0.45761098E+01 -0.49536418E+02 -0.99072836E-01  0.10000000E+01  0.67712362E+00 -0.19000000E+00 -0.32103682E+01  0.22682300E+00 -0.22559864E+01  0.22953079E+01  0.14334777E+00
  0.45904550E+01 -0.49628763E+02 -0.99257526E-01  0.10000000E+01  0.69063141E+00 -0.19000000E+00 -0.32206508E+01  0.22682300E+00 -0.22589445E+01  0.23067748E+01  0.14449606E+00
  0.46048002E+01 -0.49710895E+02 -0.99421791E-01  0.10000000E+01  0.70492427E+00 -0.19000000E+00 -0.31842648E+01  0.22682300E+00 -0.22321066E+01  0.22822557E+01  0.13156598E+00
  0.46191454E+01 -0.49782798E+02 -0.99565596E-01  0.10000000E+01  0.71987850E+00 -0.19000000E+00 -0.30862118E+01  0.22682300E+00 -0.21659293E+01  0.22101816E+01  0.10569795E+00
  0.46334905E+01 -0.49844457E+02 -0.99688913E-01  0.10000000E+01  0.73468302E+00 -0.19000000E+00 -0.30727103E+01  0.22682300E+00 -0.21548429E+01  0.22021920E+01  0.11330145E+00
  0.46478357E+01 -0.49895858E+02 -0.99791716E-01  0.10000000E+01  0.74835744E+00 -0.19000000E+00 -0.30674051E+01  0.22682300E+00 -0.21494488E+01  0.22000664E+01  0.12883573E+00
  0.46621809E+01 -0.49936992E+02 -0.99873984E-01  0.10000000E+01  0.76083604E+00 -0.19000000E+00 -0.30358305E+01  0.22682300E+00 -0.21275465E+01  0.21774438E+01  0.13492748E+00
  0.46765261E+01 -0.49967850E+02 -0.99935699E-01  0.10000000E+01  0.77333136E+00 -0.19000000E+00 -0.30175884E+01  0.22682300E+00 -0.21146398E+01  0.21646216E+01  0.13416080E+00
  0.46908712E+01 -0.49988425E+02 -0.99976850E-01  0.10000000E+01  0.78653988E+00 -0.19000000E+00 -0.29643132E+01  0.22682300E+00 -0.20796095E+01  0.21245766E+01  0.11512997E+00
  0.47052164E+01 -0.49998714E+02 -0.99997428E-01  0.10000000E+01  0.79952430E+00 -0.19000000E+00 -0.29217322E+01  0.22682300E+00 -0.20518566E+01  0.20923317E+01  0.11681924E+00
  0.47195616E+01 -0.49998714E+02 -0.99997428E-01  0.10000000E+01  0.81196573E+00 -0.19000000E+00 -0.29730397E+01  0.22682300E+00 -0.20848374E+01  0.21316348E+01  0.13741698E+00
  0.47339067E+01 -0.49988425E+02 -0.99976850E-01  0.10000000E+01  0.82440968E+00 -0.19000000E+00 -0.29038060E+01  0.22682300E+00 -0.20407068E+01  0.20782333E+01  0.12068282E+00
  0.47482519E+01 -0.49967850E+02 -0.99935699E-01  0.10000000E+01  0.83737350E+00 -0.19000000E+00 -0.28698066E+01  0.22682300E+00 -0.20195841E+01  0.20514676E+01  0.10822242E+00
  0.47625971E+01 -0.49936992E+02 -0.99873984E-01  0.10000000E+01  0.85070540E+00 -0.19000000E+00 -0.28585709E+01  0.22682300E+00 -0.20134570E+01  0.20417804E+01  0.10781992E+00
  0.47769423E+01 -0.49895858E+02 -0.99791716E-01  0.10000000E+01  0.86402936E+00 -0.19000000E+00 -0.28260162E+01  0.22682300E+00 -0.19939512E+01  0.20154341E+01  0.10404179E+00
  0.47912874E+01 -0.49844457E+02 -0.99688913E-01  0.10000000E+01  0.87692581E+00 -0.19000000E+00 -0.28204760E+01  0.22682300E+00 -0.19921859E+01  0.20094102E+01  0.11437253E+00
  0.48056326E+01 -0.49782798E+02 -0.99565596E-01  0.10000000E+01  0.88958787E+00 -0.19000000E+00 -0.27651061E+01  0.22682300E+00 -0.19585955E+01  0.19649845E+01  0.10548381E+00
  0.48199778E+01 -0.49710895E+02 -0.99421791E-01  0.10000000E+01  0.90214548E+00 -0.19000000E+00 -0.27320813E+01  0.22682300E+00 -0.19397046E+01  0.19373340E+01  0.10255211E+00
  0.48343229E+01 -0.49628763E+02 -0.99257526E-01  0.10000000E+01  0.91473627E+00 -0.19000000E+00 -0.27551771E+01  0.22682300E+00 -0.19574397E+01  0.19521474E+01  0.11528424E+00
  0.48486681E+01 -0.49536418E+02 -0.99072836E-01  0.10000000E+01  0.92758865E+00 -0.19000000E+00 -0.26990736E+01  0.22682300E+00 -0.19241743E+01  0.19063054E+01  0.10143566E+00
  0.48630133E+01 -0.49433880E+02 -0.98867759E-01  0.10000000E+01  0.94063958E+00 -0.19000000E+00 -0.26586580E+01  0.22682300E+00 -0.19012995E+01  0.18721568E+01  0.94502019E-01
  0.48773585E+01 -0.49321168E+02 -0.98642337E-01  0.10000000E+01  0.95383006E+00 -0.19000000E+00 -0.26233898E+01  0.22682300E+00 -0.18819903E+01  0.18416665E+01  0.91449958E-01
  0.48917036E+01 -0.49198308E+02 -0.98396616E-01  0.10000000E+01  0.96693333E+00 -0.19000000E+00 -0.26029904E+01  0.22682300E+00 -0.18726052E+01  0.18221848E+01  0.95593142E-01
  0.49060488E+01 -0.49065324E+02 -0.98130647E-01  0.10000000E+01  0.97961554E+00 -0.19000000E+00 -0.25804816E+01  0.22682300E+00 -0.18620818E+01  0.18008291E+01  0.10269437E+00
  0.49203940E+01 -0.48922242E+02 -0.97844485E-01  0.10000000E+01  0.99170177E+00 -0.19000000E+00 -0.25212831E+01  0.22682300E+00 -0.18276748E+01  0.17515485E+01  0.97236194E-01
  0.49347391E+01 -0.48769094E+02 -0.97538188E-01  0.10000000E+01  0.10029379E+01 -0.19000000E+00 -0.25330430E+01  0.22682300E+00 -0.18401009E+01  0.17555011E+01  0.11628071E+00
  0.49490843E+01 -0.48605910E+02 -0.97211820E-01  0.10000000E+01  0.10135499E+01 -0.19000000E+00 -0.25269966E+01  0.22682300E+00 -0.18410952E+01  0.17457173E+01  0.12532508E+00
  0.49634295E+01 -0.48432724E+02 -0.96865447E-01  0.10000000E+01  0.10236321E+01 -0.19000000E+00 -0.24941384E+01  0.22682300E+00 -0.18245621E+01  0.17155606E+01  0.12608399E+00
  0.49777747E+01 -0.48249571E+02 -0.96499142E-01  0.10000000E+01  0.10333724E+01 -0.19000000E+00 -0.24674107E+01  0.22682300E+00 -0.18122391E+01  0.16897792E+01  0.12641280E+00
  0.49921198E+01 -0.48056489E+02 -0.96112978E-01  0.10000000E+01  0.10429646E+01 -0.19000000E+00 -0.24704648E+01  0.22682300E+00 -0.18199646E+01  0.16859341E+01  0.13503052E+00
  0.50064650E+01 -0.47853519E+02 -0.95707037E-01  0.10000000E+01  0.10526561E+01 -0.19000000E+00 -0.24378569E+01  0.22682300E+00 -0.18040448E+01  0.16552998E+01  0.13053155E+00
  0.50208102E+01 -0.47640701E+02 -0.95281401E-01  0.10000000E+01  0.10624771E+01 -0.19000000E+00 -0.23933677E+01  0.22682300E+00 -0.17802049E+01  0.16157129E+01  0.12220175E+00
  0.50351553E+01 -0.47418079E+02 -0.94836158E-01  0.10000000E+01  0.10723638E+01 -0.19000000E+00 -0.23925650E+01  0.22682300E+00 -0.17859261E+01  0.16081927E+01  0.12892162E+00
  0.50495005E+01 -0.47185700E+02 -0.94371400E-01  0.10000000E+01  0.10824125E+01 -0.19000000E+00 -0.23639583E+01  0.22682300E+00 -0.17729921E+01  0.15799515E+01  0.12560795E+00
  0.50638457E+01 -0.46943611E+02 -0.93887221E-01  0.10000000E+01  0.10926310E+01 -0.19000000E+00 -0.23200704E+01  0.22682300E+00 -0.17496889E+01  0.15403780E+01  0.11756502E+00
  0.50781909E+01 -0.46691861E+02 -0.93383723E-01  0.10000000E+01  0.11029031E+01 -0.19000000E+00 -0.23166835E+01  0.22682300E+00 -0.17541170E+01  0.15302107E+01  0.12461453E+00
  0.50925360E+01 -0.46430504E+02 -0.92861008E-01  0.10000000E+01  0.11132995E+01 -0.19000000E+00 -0.22837257E+01  0.22682300E+00 -0.17383632E+01  0.14983141E+01  0.12110571E+00
  0.51068812E+01 -0.46159592E+02 -0.92319184E-01  0.10000000E+01  0.11237343E+01 -0.19000000E+00 -0.22456298E+01  0.22682300E+00 -0.17190411E+01  0.14626004E+01  0.11707251E+00
  0.51212264E+01 -0.45879181E+02 -0.91758363E-01  0.10000000E+01  0.11340532E+01 -0.19000000E+00 -0.22399120E+01  0.22682300E+00 -0.17221979E+01  0.14500650E+01  0.12597564E+00
  0.51355716E+01 -0.45589330E+02 -0.91178659E-01  0.10000000E+01  0.11444051E+01 -0.19000000E+00 -0.21955058E+01  0.22682300E+00 -0.16984363E+01  0.14096129E+01  0.12073177E+00
  0.51499167E+01 -0.45290096E+02 -0.90580193E-01  0.10000000E+01  0.11548140E+01 -0.19000000E+00 -0.21710910E+01  0.22682300E+00 -0.16885987E+01  0.13833724E+01  0.12340289E+00
  0.51642619E+01 -0.44981543E+02 -0.89963087E-01  0.10000000E+01  0.11652230E+01 -0.19000000E+00 -0.21509743E+01  0.22682300E+00 -0.16817947E+01  0.13600388E+01  0.12824838E+00
  0.51786071E+01 -0.44663734E+02 -0.89327468E-01  0.10000000E+01  0.11754958E+01 -0.19000000E+00 -0.21126390E+01  0.22682300E+00 -0.16620469E+01  0.13237417E+01  0.12747903E+00
  0.51929522E+01 -0.44336734E+02 -0.88673468E-01  0.10000000E+01  0.11853554E+01 -0.19000000E+00 -0.21087942E+01  0.22682300E+00 -0.16668248E+01  0.13115475E+01  0.14120769E+00
  0.52072974E+01 -0.44000610E+02 -0.88001220E-01  0.10000000E+01  0.11947608E+01 -0.19000000E+00 -0.20779056E+01  0.22682300E+00 -0.16522710E+01  0.12802893E+01  0.14469330E+00
  0.52216426E+01 -0.43655432E+02 -0.87310864E-01  0.10000000E+01  0.12033501E+01 -0.19000000E+00 -0.20755717E+01  0.22682300E+00 -0.16582655E+01  0.12687009E+01  0.16102245E+00
  0.52359878E+01 -0.43301270E+02 -0.86602540E-01  0.10000000E+01  0.12107959E+01 -0.19000000E+00 -0.20638323E+01  0.22682300E+00 -0.16575325E+01  0.12503752E+01  0.17487416E+00
  0.52503329E+01 -0.42938198E+02 -0.85876396E-01  0.10000000E+01  0.12170076E+01 -0.19000000E+00 -0.20621214E+01  0.22682300E+00 -0.16641701E+01  0.12386813E+01  0.19266461E+00
  0.52646781E+01 -0.42566290E+02 -0.85132580E-01  0.10000000E+01  0.12229963E+01 -0.19000000E+00 -0.20462408E+01  0.22682300E+00 -0.16604793E+01  0.12171108E+01  0.19848149E+00
  0.52790233E+01 -0.42185622E+02 -0.84371245E-01  0.10000000E+01  0.12295856E+01 -0.19000000E+00 -0.20231471E+01  0.22682300E+00 -0.16514171E+01  0.11905437E+01  0.19681204E+00
  0.52933684E+01 -0.41796274E+02 -0.83592548E-01  0.10000000E+01  0.12369814E+01 -0.19000000E+00 -0.19982982E+01  0.22682300E+00 -0.16409438E+01  0.11627328E+01  0.19325937E+00
  0.53077136E+01 -0.41398325E+02 -0.82796649E-01  0.10000000E+01  0.12444474E+01 -0.19000000E+00 -0.19832495E+01  0.22682300E+00 -0.16376915E+01  0.11413561E+01  0.19795524E+00
  0.53220588E+01 -0.40991856E+02 -0.81983713E-01  0.10000000E+01  0.12516276E+01 -0.19000000E+00 -0.19691161E+01  0.22682300E+00 -0.16350793E+01  0.11204386E+01  0.20489375E+00
  0.53364040E+01 -0.40576953E+02 -0.81153906E-01  0.10000000E+01  0.12585396E+01 -0.19000000E+00 -0.19569633E+01  0.22682300E+00 -0.16339195E+01  0.11006640E+01  0.21273569E+00
  0.53507491E+01 -0.40153699E+02 -0.80307399E-01  0.10000000E+01  0.12652685E+01 -0.19000000E+00 -0.19391805E+01  0.22682300E+00 -0.16284139E+01  0.10770969E+01  0.21793463E+00
  0.53650943E+01 -0.39722183E+02 -0.79444366E-01  0.10000000E+01  0.12718070E+01 -0.19000000E+00 -0.19238613E+01  0.22682300E+00 -0.16246969E+01  0.10550123E+01  0.22457343E+00
  0.53794395E+01 -0.39282493E+02 -0.78564986E-01  0.10000000E+01  0.12781781E+01 -0.19000000E+00 -0.19053515E+01  0.22682300E+00 -0.16184180E+01  0.10307940E+01  0.23011191E+00
  0.53937846E+01 -0.38834719E+02 -0.77669438E-01  0.10000000E+01  0.12843717E+01 -0.19000000E+00 -0.18874354E+01  0.22682300E+00 -0.16124683E+01  0.10068797E+01  0.23627190E+00
  0.54081298E+01 -0.38378953E+02 -0.76757907E-01  0.10000000E+01  0.12903665E+01 -0.19000000E+00 -0.18696470E+01  0.22682300E+00 -0.16064819E+01  0.98297737E+00  0.24283321E+00
  0.54224750E+01 -0.37915290E+02 -0.75830581E-01  0.10000000E+01  0.12961368E+01 -0.19000000E+00 -0.18518004E+01  0.22682300E+00 -0.16003043E+01  0.95897829E+00  0.24963539E+00
  0.54368202E+01 -0.37443825E+02 -0.74887650E-01  0.10000000E+01  0.13016418E+01 -0.19000000E+00 -0.18346739E+01  0.22682300E+00 -0.15945436E+01  0.93536506E+00  0.25706547E+00
  0.54511653E+01 -0.36964655E+02 -0.73929309E-01  0.10000000E+01  0.13068315E+01 -0.19000000E+00 -0.18181018E+01  0.22682300E+00 -0.15890690E+01  0.91203198E+00  0.26508434E+00
  0.54655105E+01 -0.36477878E+02 -0.72955755E-01  0.10000000E+01  0.13116353E+01 -0.19000000E+00 -0.18022685E+01  0.22682300E+00 -0.15840288E+01  0.88908564E+00  0.27385456E+00
  0.54798557E+01 -0.35983594E+02 -0.71967188E-01  0.10000000E+01  0.13159419E+01 -0.19000000E+00 -0.17876149E+01  0.22682300E+00 -0.15797823E+01  0.86677776E+00  0.28374981E+00
  0.54942009E+01 -0.35481906E+02 -0.70963812E-01  0.10000000E+01  0.13195787E+01 -0.19000000E+00 -0.17747100E+01  0.22682300E+00 -0.15768028E+01  0.84542133E+00  0.29531495E+00
  0.55085460E+01 -0.34972916E+02 -0.69945833E-01  0.10000000E+01  0.13223293E+01 -0.19000000E+00 -0.17639144E+01  0.22682300E+00 -0.15754046E+01  0.82519263E+00  0.30893110E+00
  0.55228912E+01 -0.34456730E+02 -0.68913460E-01  0.10000000E+01  0.13241417E+01 -0.19000000E+00 -0.17533821E+01  0.22682300E+00 -0.15740904E+01  0.80500728E+00  0.32299325E+00
  0.55372364E+01 -0.33933453E+02 -0.67866906E-01  0.10000000E+01  0.13255092E+01 -0.19000000E+00 -0.17375110E+01  0.22682300E+00 -0.15682087E+01  0.78173816E+00  0.33237648E+00
  0.55515815E+01 -0.33403193E+02 -0.66806386E-01  0.10000000E+01  0.13272341E+01 -0.19000000E+00 -0.17140262E+01  0.22682300E+00 -0.15557707E+01  0.75426243E+00  0.33465003E+00
  0.55659267E+01 -0.32866060E+02 -0.65732119E-01  0.10000000E+01  0.13295985E+01 -0.19000000E+00 -0.16894498E+01  0.22682300E+00 -0.15421306E+01  0.72630752E+00  0.33535633E+00
  0.55802719E+01 -0.32322163E+02 -0.64644326E-01  0.10000000E+01  0.13322430E+01 -0.19000000E+00 -0.16702978E+01  0.22682300E+00 -0.15327712E+01  0.70139571E+00  0.34048187E+00
  0.55946171E+01 -0.31771615E+02 -0.63543230E-01  0.10000000E+01  0.13347729E+01 -0.19000000E+00 -0.16558877E+01  0.22682300E+00 -0.15271891E+01  0.67904794E+00  0.34974275E+00
  0.56089622E+01 -0.31214529E+02 -0.62429058E-01  0.10000000E+01  0.13370235E+01 -0.19000000E+00 -0.16431217E+01  0.22682300E+00 -0.15228013E+01  0.65755133E+00  0.36054693E+00
  0.56233074E+01 -0.30651020E+02 -0.61302040E-01  0.10000000E+01  0.13389404E+01 -0.19000000E+00 -0.16306322E+01  0.22682300E+00 -0.15184501E+01  0.63617564E+00  0.37176046E+00
  0.56376526E+01 -0.30081203E+02 -0.60162406E-01  0.10000000E+01  0.13404900E+01 -0.19000000E+00 -0.16181798E+01  0.22682300E+00 -0.15139265E+01  0.61480171E+00  0.38323288E+00
  0.56519977E+01 -0.29505196E+02 -0.59010393E-01  0.10000000E+01  0.13416406E+01 -0.19000000E+00 -0.16058050E+01  0.22682300E+00 -0.15092607E+01  0.59345642E+00  0.39502022E+00
  0.56663429E+01 -0.28923118E+02 -0.57846236E-01  0.10000000E+01  0.13423611E+01 -0.19000000E+00 -0.15935854E+01  0.22682300E+00 -0.15045163E+01  0.57218339E+00  0.40716458E+00
  0.56806881E+01 -0.28335088E+02 -0.56670176E-01  0.10000000E+01  0.13426206E+01 -0.19000000E+00 -0.15815782E+01  0.22682300E+00 -0.14997408E+01  0.55101364E+00  0.41967814E+00
  0.56950333E+01 -0.27741227E+02 -0.55482454E-01  0.10000000E+01  0.13423863E+01 -0.19000000E+00 -0.15698069E+01  0.22682300E+00 -0.14949529E+01  0.52996046E+00  0.43256775E+00
  0.57093784E+01 -0.27141657E+02 -0.54283314E-01  0.10000000E+01  0.13419201E+01 -0.18977123E+00 -0.15579065E+01  0.22627712E+00 -0.14895777E+01  0.50934473E+00  0.44595685E+00
  0.57237236E+01 -0.26536502E+02 -0.53073005E-01  0.10000000E+01  0.13413747E+01 -0.18925883E+00 -0.15461844E+01  0.22505682E+00 -0.14838419E+01  0.48943846E+00  0.45870922E+00
  0.57380688E+01 -0.25925887E+02 -0.51851774E-01  0.10000000E+01  0.13407312E+01 -0.18855423E+00 -0.15350438E+01  0.22338420E+00 -0.14782229E+01  0.47023080E+00  0.47058926E+00
  0.57524139E+01 -0.25309936E+02 -0.50619873E-01  0.10000000E+01  0.13399690E+01 -0.18769977E+00 -0.15245286E+01  0.22136419E+00 -0.14728232E+01  0.45164325E+00  0.48227080E+00
  0.57667591E+01 -0.24688778E+02 -0.49377555E-01  0.10000000E+01  0.13390653E+01 -0.18671437E+00 -0.15146306E+01  0.21904601E+00 -0.14676713E+01  0.43362171E+00  0.49410486E+00
  0.57811043E+01 -0.24062538E+02 -0.48125076E-01  0.10000000E+01  0.13379959E+01 -0.18560921E+00 -0.15053680E+01  0.21646063E+00 -0.14628112E+01  0.41613862E+00  0.50624544E+00
  0.57954495E+01 -0.23431347E+02 -0.46862695E-01  0.10000000E+01  0.13367338E+01 -0.18439225E+00 -0.14967998E+01  0.21363146E+00 -0.14583201E+01  0.39918758E+00  0.51881035E+00
  0.58097946E+01 -0.22795335E+02 -0.45590669E-01  0.10000000E+01  0.13352494E+01 -0.18306989E+00 -0.14890317E+01  0.21057835E+00 -0.14543170E+01  0.38278016E+00  0.53191386E+00
  0.58241398E+01 -0.22154631E+02 -0.44309262E-01  0.10000000E+01  0.13335105E+01 -0.18164764E+00 -0.14821949E+01  0.20731914E+00 -0.14509453E+01  0.36693422E+00  0.54566098E+00
  0.58384850E+01 -0.21509369E+02 -0.43018738E-01  0.10000000E+01  0.13314840E+01 -0.18013035E+00 -0.14764014E+01  0.20387017E+00 -0.14483310E+01  0.35165538E+00  0.56012327E+00
  0.58528301E+01 -0.20859680E+02 -0.41719360E-01  0.10000000E+01  0.13291378E+01 -0.17852221E+00 -0.14716783E+01  0.20024625E+00 -0.14465214E+01  0.33691480E+00  0.57530342E+00
  0.58671753E+01 -0.20205699E+02 -0.40411398E-01  0.10000000E+01  0.13264433E+01 -0.17682662E+00 -0.14679072E+01  0.19646047E+00 -0.14454261E+01  0.32263273E+00  0.59111502E+00
  0.58815205E+01 -0.19547560E+02 -0.39095120E-01  0.10000000E+01  0.13233748E+01 -0.17504613E+00 -0.14648154E+01  0.19252401E+00 -0.14448058E+01  0.30868371E+00  0.60740471E+00
  0.58958657E+01 -0.18885398E+02 -0.37770797E-01  0.10000000E+01  0.13199060E+01 -0.17318242E+00 -0.14620204E+01  0.18844624E+00 -0.14443123E+01  0.29491959E+00  0.62399544E+00
  0.59102108E+01 -0.18219350E+02 -0.36438701E-01  0.10000000E+01  0.13160060E+01 -0.17123633E+00 -0.14590620E+01  0.18423482E+00 -0.14435162E+01  0.28118563E+00  0.64070066E+00
  0.59245560E+01 -0.17549553E+02 -0.35099107E-01  0.10000000E+01  0.13116338E+01 -0.16920793E+00 -0.14553907E+01  0.17989591E+00 -0.14418959E+01  0.26732182E+00  0.65731175E+00
  0.59389012E+01 -0.16876145E+02 -0.33752290E-01  0.10000000E+01  0.13067272E+01 -0.16709657E+00 -0.14504267E+01  0.17543449E+00 -0.14388927E+01  0.25318508E+00  0.67365131E+00
  0.59532464E+01 -0.16199264E+02 -0.32398528E-01  0.10000000E+01  0.13011791E+01 -0.16490137E+00 -0.14437971E+01  0.17085528E+00 -0.14341394E+01  0.23871688E+00  0.68973183E+00
  0.59675915E+01 -0.15519049E+02 -0.31038098E-01  0.10000000E+01  0.12948268E+01 -0.16262170E+00 -0.14354639E+01  0.16616397E+00 -0.14275878E+01  0.22396504E+00  0.70576845E+00
  0.59819367E+01 -0.14835641E+02 -0.29671282E-01  0.10000000E+01  0.12874758E+01 -0.16025718E+00 -0.14252652E+01  0.16136706E+00 -0.14190706E+01  0.20894729E+00  0.72180228E+00
  0.59962819E+01 -0.14149180E+02 -0.28298360E-01  0.10000000E+01  0.12789331E+01 -0.15780690E+00 -0.14123313E+01  0.15647028E+00 -0.14077335E+01  0.19351737E+00  0.73740391E+00
  0.60106270E+01 -0.13459807E+02 -0.26919614E-01  0.10000000E+01  0.12689812E+01 -0.15526897E+00 -0.13955812E+01  0.15147789E+00 -0.13925079E+01  0.17752263E+00  0.75217118E+00
  0.60249722E+01 -0.12767665E+02 -0.25535330E-01  0.10000000E+01  0.12572370E+01 -0.15264242E+00 -0.13756911E+01  0.14639639E+00 -0.13740294E+01  0.16124855E+00  0.76714943E+00
  0.60393174E+01 -0.12072895E+02 -0.24145790E-01  0.10000000E+01  0.12430378E+01 -0.14993016E+00 -0.13559558E+01  0.14124006E+00 -0.13555064E+01  0.14549011E+00  0.78507105E+00
  0.60536626E+01 -0.11375641E+02 -0.22751282E-01  0.10000000E+01  0.12257299E+01 -0.14713720E+00 -0.13381226E+01  0.13602692E+00 -0.13386653E+01  0.13057736E+00  0.80663519E+00
  0.60680077E+01 -0.10676046E+02 -0.21352092E-01  0.10000000E+01  0.12049540E+01 -0.14426643E+00 -0.13204753E+01  0.13077071E+00 -0.13218443E+01  0.11611859E+00  0.82968468E+00
  0.60823529E+01 -0.99742538E+01 -0.19948508E-01  0.10000000E+01  0.11806289E+01 -0.14131759E+00 -0.13006867E+01  0.12547937E+00 -0.13027614E+01  0.10170343E+00  0.85194617E+00
  0.60966981E+01 -0.92704093E+01 -0.18540819E-01  0.10000000E+01  0.11530005E+01 -0.13828616E+00 -0.12757388E+01  0.12015375E+00 -0.12784325E+01  0.86929624E-01  0.87069710E+00
  0.61110432E+01 -0.85646572E+01 -0.17129314E-01  0.10000000E+01  0.11225772E+01 -0.13516379E+00 -0.12428251E+01  0.11478909E+00 -0.12460607E+01  0.71579221E-01  0.88361191E+00
  0.61253884E+01 -0.78571426E+01 -0.15714285E-01  0.10000000E+01  0.10899156E+01 -0.13194156E+00 -0.12016300E+01  0.10938130E+00 -0.12053019E+01  0.55912728E-01  0.89044287E+00
  0.61397336E+01 -0.71480112E+01 -0.14296022E-01  0.10000000E+01  0.10553386E+01 -0.12861542E+00 -0.11561676E+01  0.10393598E+00 -0.11601150E+01  0.40737171E-01  0.89416038E+00
  0.61540788E+01 -0.64374089E+01 -0.12874818E-01  0.10000000E+01  0.10188710E+01 -0.12519048E+00 -0.11139113E+01  0.98474204E-01 -0.11179287E+01  0.27035909E-01  0.89959243E+00
  0.61684239E+01 -0.57254818E+01 -0.11450964E-01  0.10000000E+01  0.98208488E+00 -0.12165642E+00 -0.10608283E+01  0.92992935E-01 -0.10648134E+01  0.13301637E-01  0.89315932E+00
  0.61827691E+01 -0.50123766E+01 -0.10024753E-01  0.10000000E+01  0.94626323E+00 -0.11800635E+00 -0.99903027E+00  0.87496495E-01 -0.10028545E+01  0.12431272E-03  0.87681348E+00
  0.61971143E+01 -0.42982399E+01 -0.85964799E-02  0.10000000E+01  0.91177697E+00 -0.11424218E+00 -0.93583412E+00  0.82003589E-01 -0.93934804E+00 -0.11633963E-01  0.85777968E+00
  0.62114594E+01 -0.35832188E+01 -0.71664375E-02  0.10000000E+01  0.87933432E+00 -0.11035728E+00 -0.86346033E+00  0.76521222E-01 -0.86655477E+00 -0.22406904E-01  0.83086240E+00
  0.62258046E+01 -0.28674602E+01 -0.57349205E-02  0.10000000E+01  0.84888276E+00 -0.10634642E+00 -0.78427724E+00  0.71060065E-01 -0.78685010E+00 -0.31737047E-01  0.80101858E+00
  0.62401498E+01 -0.21511117E+01 -0.43022233E-02  0.10000000E+01  0.81998153E+00 -0.10221215E+00 -0.70391841E+00  0.65642476E-01 -0.70588626E+00 -0.39174527E-01  0.77235655E+00
  0.62544950E+01 -0.14343204E+01 -0.28686408E-02  0.10000000E+01  0.79184529E+00 -0.97955744E-01 -0.62077311E+00  0.60289225E-01 -0.62208771E+00 -0.44731763E-01  0.74587649E+00
  0.62688401E+01 -0.71723400E+00 -0.14344680E-02  0.10000000E+01  0.76443902E+00 -0.93579617E-01 -0.53836205E+00  0.55022765E-01 -0.53900863E+00 -0.48279362E-01  0.71997583E+00
  0.62831853E+01 -0.12246468E-13 -0.24492936E-16  0.10000000E+01  0.73801513E+00 -0.89095326E-01 -0.46359492E+00  0.49875782E-01 -0.46359492E+00 -0.49875782E-01  0.69589583E+00
