  0.14123742E-01  0.39648293E-09  0.00000000E+00  0.10000000E+01  0.20721597E-01 -0.70819624E-02  0.53783263E+00  0.31512809E-03  0.53783263E+00 -0.31512809E-03 -0.10604577E+01
  0.28247483E-01  0.54096410E-09  0.00000000E+00  0.10000000E+01  0.20720224E-01 -0.70819713E-02  0.41413937E-01  0.31512888E-03  0.41413937E-01 -0.31512888E-03 -0.34407407E-01
  0.42371225E-01  0.73810926E-09  0.00000000E+00  0.10000000E+01  0.21050636E-01 -0.69279165E-02  0.14513213E+00  0.30156794E-03  0.14513213E+00 -0.30156794E-03 -0.10314677E+00
  0.56494966E-01  0.10070741E-08  0.00000000E+00  0.10000000E+01  0.24440090E-01 -0.67421192E-02  0.17907864E+00  0.28560956E-03  0.17907864E+00 -0.28560955E-03 -0.14158986E+00
  0.70618708E-01  0.13740545E-08  0.00000000E+00  0.10000000E+01  0.26946413E-01 -0.65693782E-02  0.16998238E+00  0.27116174E-03  0.16998238E+00 -0.27116173E-03 -0.13039123E+00
  0.84742449E-01  0.18747863E-08  0.00000000E+00  0.10000000E+01  0.29195653E-01 -0.64020630E-02  0.16802044E+00  0.25752522E-03  0.16802044E+00 -0.25752521E-03 -0.12731229E+00
  0.98866191E-01  0.25579825E-08  0.00000000E+00  0.10000000E+01  0.31218251E-01 -0.62397522E-02  0.16634768E+00  0.24463273E-03  0.16634768E+00 -0.24463272E-03 -0.12459798E+00
  0.11298993E+00  0.34901218E-08  0.00000000E+00  0.10000000E+01  0.33066804E-01 -0.60817249E-02  0.16525893E+00  0.23239856E-03  0.16525893E+00 -0.23239855E-03 -0.12256386E+00
  0.12711367E+00  0.47619770E-08  0.00000000E+00  0.10000000E+01  0.34775564E-01 -0.59274882E-02  0.16454793E+00  0.22076045E-03  0.16454793E+00 -0.22076044E-03 -0.12097329E+00
  0.14123742E+00  0.64972773E-08  0.00000000E+00  0.10000000E+01  0.36368885E-01 -0.57766737E-02  0.16410424E+00  0.20966964E-03  0.16410424E+00 -0.20966962E-03 -0.11969899E+00
  0.15536116E+00  0.88649421E-08  0.00000000E+00  0.10000000E+01  0.37864782E-01 -0.56289964E-02  0.16385589E+00  0.19908650E-03  0.16385589E+00 -0.19908648E-03 -0.11865851E+00
  0.16948490E+00  0.12095432E-07  0.00000000E+00  0.10000000E+01  0.39276993E-01 -0.54842280E-02  0.16375391E+00  0.18897784E-03  0.16375391E+00 -0.18897781E-03 -0.11779574E+00
  0.18360864E+00  0.16503125E-07  0.00000000E+00  0.10000000E+01  0.40616271E-01 -0.53421813E-02  0.16376414E+00  0.17931521E-03  0.16376414E+00 -0.17931516E-03 -0.11707155E+00
  0.19773238E+00  0.22517032E-07  0.00000000E+00  0.10000000E+01  0.41891226E-01 -0.52026986E-02  0.16386201E+00  0.17007372E-03  0.16386201E+00 -0.17007366E-03 -0.11645770E+00
  0.21185612E+00  0.30722473E-07  0.00000000E+00  0.10000000E+01  0.43108877E-01 -0.50656453E-02  0.16402939E+00  0.16123133E-03  0.16402939E+00 -0.16123124E-03 -0.11593330E+00
  0.22597986E+00  0.41918053E-07  0.00000000E+00  0.10000000E+01  0.44275039E-01 -0.49309040E-02  0.16425258E+00  0.15276820E-03  0.16425258E+00 -0.15276808E-03 -0.11548248E+00
  0.24010361E+00  0.57193432E-07  0.00000000E+00  0.10000000E+01  0.45394598E-01 -0.47983711E-02  0.16452104E+00  0.14466636E-03  0.16452104E+00 -0.14466619E-03 -0.11509299E+00
  0.25422735E+00  0.78035301E-07  0.00000000E+00  0.10000000E+01  0.46471699E-01 -0.46679545E-02  0.16482653E+00  0.13690935E-03  0.16482653E+00 -0.13690912E-03 -0.11475521E+00
  0.26835109E+00  0.10647217E-06  0.00000000E+00  0.10000000E+01  0.47509906E-01 -0.45395710E-02  0.16516250E+00  0.12948203E-03  0.16516250E+00 -0.12948172E-03 -0.11446143E+00
  0.28247483E+00  0.14527172E-06  0.00000000E+00  0.10000000E+01  0.48512302E-01 -0.44131450E-02  0.16552370E+00  0.12237037E-03  0.16552370E+00 -0.12236995E-03 -0.11420543E+00
  0.29659857E+00  0.19821024E-06  0.00000000E+00  0.10000000E+01  0.49481582E-01 -0.42886072E-02  0.16590588E+00  0.11556130E-03  0.16590588E+00 -0.11556073E-03 -0.11398212E+00
  0.31072231E+00  0.27044008E-06  0.00000000E+00  0.10000000E+01  0.50420116E-01 -0.41658940E-02  0.16630557E+00  0.10904263E-03  0.16630557E+00 -0.10904184E-03 -0.11378730E+00
  0.32484605E+00  0.36899121E-06  0.00000000E+00  0.10000000E+01  0.51330002E-01 -0.40449460E-02  0.16671989E+00  0.10280289E-03  0.16671989E+00 -0.10280182E-03 -0.11361747E+00
  0.33896980E+00  0.50345536E-06  0.00000000E+00  0.10000000E+01  0.52213110E-01 -0.39257079E-02  0.16714650E+00  0.96831317E-04  0.16714650E+00 -0.96829848E-04 -0.11346970E+00
  0.35309354E+00  0.68691963E-06  0.00000000E+00  0.10000000E+01  0.53071113E-01 -0.38081279E-02  0.16758344E+00  0.91117737E-04  0.16758344E+00 -0.91115728E-04 -0.11334152E+00
  0.36721728E+00  0.93724010E-06  0.00000000E+00  0.10000000E+01  0.53905518E-01 -0.36921569E-02  0.16802912E+00  0.85652527E-04  0.16802912E+00 -0.85649778E-04 -0.11323085E+00
  0.38134102E+00  0.12787798E-05  0.00000000E+00  0.10000000E+01  0.54717689E-01 -0.35777484E-02  0.16848224E+00  0.80426557E-04  0.16848224E+00 -0.80422796E-04 -0.11313593E+00
  0.39546476E+00  0.17447800E-05  0.00000000E+00  0.10000000E+01  0.55508866E-01 -0.34648578E-02  0.16894178E+00  0.75431148E-04  0.16894178E+00 -0.75426003E-04 -0.11305528E+00
  0.40958850E+00  0.23805950E-05  0.00000000E+00  0.10000000E+01  0.56280180E-01 -0.33534422E-02  0.16940697E+00  0.70658029E-04  0.16940697E+00 -0.70650991E-04 -0.11298767E+00
  0.42371225E+00  0.32481070E-05  0.00000000E+00  0.10000000E+01  0.57032667E-01 -0.32434596E-02  0.16987729E+00  0.66099299E-04  0.16987729E+00 -0.66089669E-04 -0.11293210E+00
  0.43783599E+00  0.44317480E-05  0.00000000E+00  0.10000000E+01  0.57767284E-01 -0.31348690E-02  0.17035252E+00  0.61747400E-04  0.17035252E+00 -0.61734224E-04 -0.11288782E+00
  0.45195973E+00  0.60467179E-05  0.00000000E+00  0.10000000E+01  0.58484916E-01 -0.30276293E-02  0.17083270E+00  0.57595065E-04  0.17083270E+00 -0.57577036E-04 -0.11285429E+00
  0.46608347E+00  0.82501954E-05  0.00000000E+00  0.10000000E+01  0.59186386E-01 -0.29216985E-02  0.17131829E+00  0.53635295E-04  0.17131829E+00 -0.53610627E-04 -0.11283124E+00
  0.48020721E+00  0.11256635E-04  0.00000000E+00  0.10000000E+01  0.59872469E-01 -0.28170332E-02  0.17181016E+00  0.49861325E-04  0.17181016E+00 -0.49827570E-04 -0.11281870E+00
  0.49433095E+00  0.15358639E-04  0.00000000E+00  0.10000000E+01  0.60543895E-01 -0.27135869E-02  0.17230979E+00  0.46266576E-04  0.17230979E+00 -0.46220387E-04 -0.11281706E+00
  0.50845469E+00  0.20955429E-04  0.00000000E+00  0.10000000E+01  0.61201366E-01 -0.26113087E-02  0.17281942E+00  0.42844623E-04  0.17281942E+00 -0.42781416E-04 -0.11282718E+00
  0.52257844E+00  0.28591697E-04  0.00000000E+00  0.10000000E+01  0.61845561E-01 -0.25101408E-02  0.17334231E+00  0.39589137E-04  0.17334231E+00 -0.39502636E-04 -0.11285049E+00
  0.53670218E+00  0.39010611E-04  0.00000000E+00  0.10000000E+01  0.62477149E-01 -0.24100157E-02  0.17388310E+00  0.36493846E-04  0.17388310E+00 -0.36375455E-04 -0.11288920E+00
  0.55082592E+00  0.53226116E-04  0.00000000E+00  0.10000000E+01  0.63096809E-01 -0.23108522E-02  0.17444823E+00  0.33552449E-04  0.17444823E+00 -0.33390391E-04 -0.11294658E+00
  0.56494966E+00  0.72621584E-04  0.00000000E+00  0.10000000E+01  0.63705244E-01 -0.22125497E-02  0.17504671E+00  0.30758557E-04  0.17504671E+00 -0.30536688E-04 -0.11302725E+00
  0.57907340E+00  0.99084379E-04  0.00000000E+00  0.10000000E+01  0.64303209E-01 -0.21149811E-02  0.17569088E+00  0.28105600E-04  0.17569088E+00 -0.27801769E-04 -0.11313773E+00
  0.59319714E+00  0.13518940E-03  0.00000000E+00  0.10000000E+01  0.64891536E-01 -0.20179823E-02  0.17639773E+00  0.25586718E-04  0.17639773E+00 -0.25170508E-04 -0.11328707E+00
  0.60732088E+00  0.18444945E-03  0.00000000E+00  0.10000000E+01  0.65471186E-01 -0.19213388E-02  0.17719053E+00  0.23194649E-04  0.17719053E+00 -0.22624228E-04 -0.11348778E+00
  0.62144463E+00  0.25165661E-03  0.00000000E+00  0.10000000E+01  0.66043295E-01 -0.18247668E-02  0.17810109E+00  0.20921586E-04  0.17810109E+00 -0.20139324E-04 -0.11375703E+00
  0.63556837E+00  0.34334776E-03  0.00000000E+00  0.10000000E+01  0.66609258E-01 -0.17278876E-02  0.17917288E+00  0.18759051E-04  0.17917288E+00 -0.17685348E-04 -0.11411839E+00
  0.64969211E+00  0.46843909E-03  0.00000000E+00  0.10000000E+01  0.67170824E-01 -0.16301930E-02  0.18046522E+00  0.16697750E-04  0.18046522E+00 -0.15222302E-04 -0.11460407E+00
  0.66381585E+00  0.63909076E-03  0.00000000E+00  0.10000000E+01  0.67730241E-01 -0.15309981E-02  0.18205900E+00  0.14727504E-04  0.18205900E+00 -0.12696775E-04 -0.11525810E+00
  0.67793959E+00  0.87188457E-03  0.00000000E+00  0.10000000E+01  0.68290437E-01 -0.14293763E-02  0.18406451E+00  0.12837281E-04  0.18406451E+00 -0.10036324E-04 -0.11614055E+00
  0.69206333E+00  0.11894270E-02  0.00000000E+00  0.10000000E+01  0.68855280E-01 -0.13240729E-02  0.18663190E+00  0.11015486E-04  0.18663190E+00 -0.71411163E-05 -0.11733327E+00
  0.70618708E+00  0.16225290E-02  0.00000000E+00  0.10000000E+01  0.69429920E-01 -0.12133855E-02  0.18996549E+00  0.92507615E-05  0.18996549E+00 -0.38712288E-05 -0.11894766E+00
  0.72031082E+00  0.22131676E-02  0.00000000E+00  0.10000000E+01  0.70021255E-01 -0.10950037E-02  0.19434311E+00  0.75337473E-05  0.19434311E+00 -0.26843793E-07 -0.12113531E+00
  0.73443456E+00  0.30185011E-02  0.00000000E+00  0.10000000E+01  0.70638564E-01 -0.96579178E-03  0.20014146E+00  0.58606649E-05  0.20014146E+00  0.46833445E-05 -0.12410170E+00
  0.74855830E+00  0.41163033E-02  0.00000000E+00  0.10000000E+01  0.71294357E-01 -0.82149586E-03  0.20787108E+00  0.42402419E-05  0.20787108E+00  0.10693850E-04 -0.12812541E+00
  0.76268204E+00  0.56122922E-02  0.00000000E+00  0.10000000E+01  0.72005509E-01 -0.65635228E-03  0.21822122E+00  0.27067858E-05  0.21822122E+00  0.18668633E-04 -0.13358247E+00
  0.77680578E+00  0.76499758E-02  0.00000000E+00  0.10000000E+01  0.72794785E-01 -0.46256572E-03  0.23211937E+00  0.13443946E-05  0.23211937E+00  0.29647550E-04 -0.14097883E+00
  0.79092952E+00  0.10423799E-01  0.00000000E+00  0.10000000E+01  0.73692839E-01 -0.22962177E-03  0.25080682E+00  0.33128824E-06  0.25080681E+00  0.45297900E-04 -0.15099146E+00
  0.80505327E+00  0.14196557E-01  0.00000000E+00  0.10000000E+01  0.74740826E-01  0.56606269E-04  0.27593268E+00  0.20133021E-07  0.27593267E+00  0.68349547E-04 -0.16451942E+00
  0.81917701E+00  0.19322207E-01  0.00000000E+00  0.10000000E+01  0.75993754E-01  0.41499997E-03  0.30966827E+00  0.10821214E-05  0.30966825E+00  0.10334921E-03 -0.18274581E+00
  0.83330075E+00  0.26275264E-01  0.00000000E+00  0.10000000E+01  0.77524642E-01  0.87060277E-03  0.35482729E+00  0.47623353E-05  0.35482725E+00  0.15795786E-03 -0.20720249E+00
  0.84742449E+00  0.35687846E-01  0.00000000E+00  0.10000000E+01  0.79429533E-01  0.14562999E-02  0.41499198E+00  0.13325439E-04  0.41499191E+00  0.24516078E-03 -0.23983747E+00
  0.86154823E+00  0.48394810E-01  0.00000000E+00  0.10000000E+01  0.81833102E-01  0.22146641E-02  0.49458958E+00  0.30817372E-04  0.49458943E+00  0.38693708E-03 -0.28305397E+00
  0.87567197E+00  0.65486038E-01  0.00000000E+00  0.10000000E+01  0.84894307E-01  0.31997460E-02  0.59886941E+00  0.64329604E-04  0.59886909E+00  0.62014629E-03 -0.33969345E+00
  0.88979571E+00  0.88362210E-01  0.00000000E+00  0.10000000E+01  0.88810828E-01  0.44783309E-02  0.73366319E+00  0.12601210E-03  0.73366252E+00  0.10054514E-02 -0.41289774E+00
  0.90391946E+00  0.11878587E+00  0.00000000E+00  0.10000000E+01  0.93820100E-01  0.61298420E-02  0.90477327E+00  0.23609046E-03  0.90477182E+00  0.16396888E-02 -0.50576438E+00
  0.91804320E+00  0.15891308E+00  0.00000000E+00  0.10000000E+01  0.10019374E+00  0.82437027E-02  0.11168265E+01  0.42699671E-03  0.11168234E+01  0.26705825E-02 -0.62070678E+00
  0.93216694E+00  0.21128329E+00  0.00000000E+00  0.10000000E+01  0.10822112E+00  0.10912603E-01  0.13714152E+01  0.74823253E-03  0.13714087E+01  0.43089771E-02 -0.75842210E+00
  0.94629068E+00  0.27873948E+00  0.00000000E+00  0.10000000E+01  0.11817877E+00  0.14220563E-01  0.16647508E+01  0.12706135E-02  0.16647372E+01  0.68282519E-02 -0.91659797E+00
  0.96041442E+00  0.36425299E+00  0.00000000E+00  0.10000000E+01  0.13028510E+00  0.18225743E-01  0.19852863E+01  0.20871342E-02  0.19852595E+01  0.10534110E-01 -0.10886147E+01
  0.97453816E+00  0.47064545E+00  0.00000000E+00  0.10000000E+01  0.14464683E+00  0.22940812E-01  0.23126243E+01  0.33067202E-02  0.23125735E+01  0.15689798E-01 -0.12629781E+01
  0.98866191E+00  0.60023640E+00  0.00000000E+00  0.10000000E+01  0.16121207E+00  0.28316896E-01  0.26191415E+01  0.50381509E-02  0.26190506E+01  0.22400017E-01 -0.14242727E+01
  0.10027856E+01  0.75449043E+00  0.00000000E+00  0.10000000E+01  0.17975037E+00  0.34239302E-01  0.28753323E+01  0.73659657E-02  0.28751800E+01  0.30496939E-01 -0.15561735E+01
  0.10169094E+01  0.93376534E+00  0.00000000E+00  0.10000000E+01  0.19987164E+00  0.40539541E-01  0.30570680E+01  0.10326129E-01  0.30568303E+01  0.39494931E-01 -0.16454840E+01
  0.10310331E+01  0.11372473E+01  0.00000000E+00  0.10000000E+01  0.22109058E+00  0.47025466E-01  0.31539172E+01  0.13894602E-01  0.31535717E+01  0.48705214E-01 -0.16867274E+01
  0.10451569E+01  0.13630963E+01  0.00000000E+00  0.10000000E+01  0.24289798E+00  0.53513120E-01  0.31695366E+01  0.17992870E-01  0.31690677E+01  0.57410031E-01 -0.16822618E+01
  0.10592806E+01  0.16087508E+01  0.00000000E+00  0.10000000E+01  0.26484139E+00  0.59858691E-01  0.31220434E+01  0.22513049E-01  0.31214448E+01  0.65145038E-01 -0.16424490E+01
  0.10734044E+01  0.18712907E+01  0.00000000E+00  0.10000000E+01  0.28655770E+00  0.65968175E-01  0.30335906E+01  0.27343167E-01  0.30328657E+01  0.71731432E-01 -0.15797869E+01
  0.10875281E+01  0.21477677E+01  0.00000000E+00  0.10000000E+01  0.30780041E+00  0.71800622E-01  0.29279255E+01  0.32391890E-01  0.29270826E+01  0.77360264E-01 -0.15076197E+01
  0.11016518E+01  0.24354435E+01  0.00000000E+00  0.10000000E+01  0.32841909E+00  0.77352622E-01  0.28216402E+01  0.37594989E-01  0.28206890E+01  0.82340929E-01 -0.14352517E+01
  0.11157756E+01  0.27319247E+01  0.00000000E+00  0.10000000E+01  0.34834835E+00  0.82646910E-01  0.27263302E+01  0.42917372E-01  0.27252772E+01  0.87076528E-01 -0.13692178E+01
  0.11298993E+01  0.30352123E+01  0.00000000E+00  0.10000000E+01  0.36758439E+00  0.87719975E-01  0.26481109E+01  0.48347818E-01  0.26469560E+01  0.91936617E-01 -0.13129868E+01
  0.11440231E+01  0.33436916E+01  0.00000000E+00  0.10000000E+01  0.38615503E+00  0.92609351E-01  0.25872805E+01  0.53887689E-01  0.25860190E+01  0.97107984E-01 -0.12667661E+01
  0.11581468E+01  0.36560913E+01  0.00000000E+00  0.10000000E+01  0.40411701E+00  0.97353374E-01  0.25442203E+01  0.59550018E-01  0.25428396E+01  0.10280984E+00 -0.12308127E+01
  0.11722705E+01  0.39714287E+01  0.00000000E+00  0.10000000E+01  0.42152892E+00  0.10198318E+00  0.25155679E+01  0.65348704E-01  0.25140533E+01  0.10903398E+00 -0.12032490E+01
  0.11863943E+01  0.42889546E+01  0.00000000E+00  0.10000000E+01  0.43845404E+00  0.10652537E+00  0.24992476E+01  0.71299422E-01  0.24975808E+01  0.11581020E+00 -0.11829207E+01
  0.12005180E+01  0.46081043E+01  0.00000000E+00  0.10000000E+01  0.45495483E+00  0.11100236E+00  0.24933660E+01  0.77418424E-01  0.24915261E+01  0.12314865E+00 -0.11687506E+01
  0.12146418E+01  0.49284546E+01  0.00000000E+00  0.10000000E+01  0.47108103E+00  0.11542915E+00  0.24944662E+01  0.83716470E-01  0.24924357E+01  0.13089694E+00 -0.11587732E+01
  0.12287655E+01  0.52496906E+01  0.00000000E+00  0.10000000E+01  0.48688404E+00  0.11981981E+00  0.25021523E+01  0.90206362E-01  0.24999103E+01  0.13910955E+00 -0.11527476E+01
  0.12428893E+01  0.55715790E+01  0.00000000E+00  0.10000000E+01  0.50240042E+00  0.12418245E+00  0.25136158E+01  0.96894773E-01  0.25111481E+01  0.14760798E+00 -0.11490600E+01
  0.12570130E+01  0.58939473E+01  0.00000000E+00  0.10000000E+01  0.51766963E+00  0.12852575E+00  0.25291638E+01  0.10379112E+00  0.25264519E+01  0.15647096E+00 -0.11478707E+01
  0.12711367E+01  0.62166681E+01  0.00000000E+00  0.10000000E+01  0.53272006E+00  0.13285431E+00  0.25468900E+01  0.11089991E+00  0.25439222E+01  0.16555130E+00 -0.11480907E+01
  0.12852605E+01  0.65396478E+01  0.00000000E+00  0.10000000E+01  0.54758175E+00  0.13717280E+00  0.25668706E+01  0.11822680E+00  0.25636337E+01  0.17488523E+00 -0.11497710E+01
  0.12993842E+01  0.68628176E+01  0.00000000E+00  0.10000000E+01  0.56228423E+00  0.14148597E+00  0.25891865E+01  0.12577856E+00  0.25856648E+01  0.18451116E+00 -0.11529467E+01
  0.13135080E+01  0.71861268E+01  0.00000000E+00  0.10000000E+01  0.57684600E+00  0.14579490E+00  0.26121070E+01  0.13355634E+00  0.26082959E+01  0.19424906E+00 -0.11566171E+01
  0.13276317E+01  0.75095382E+01  0.00000000E+00  0.10000000E+01  0.59128915E+00  0.15010275E+00  0.26365758E+01  0.14156541E+00  0.26324636E+01  0.20422615E+00 -0.11612873E+01
  0.13417554E+01  0.78330246E+01  0.00000000E+00  0.10000000E+01  0.60562500E+00  0.15440958E+00  0.26611066E+01  0.14980570E+00  0.26566935E+01  0.21426526E+00 -0.11660908E+01
  0.13558792E+01  0.81565660E+01  0.00000000E+00  0.10000000E+01  0.61986634E+00  0.15871622E+00  0.26860375E+01  0.15827870E+00  0.26813221E+01  0.22441362E+00 -0.11712132E+01
  0.13700029E+01  0.84801477E+01  0.00000000E+00  0.10000000E+01  0.63402672E+00  0.16302440E+00  0.27118097E+01  0.16698793E+00  0.27067867E+01  0.23473944E+00 -0.11768911E+01
  0.13841267E+01  0.88037589E+01  0.00000000E+00  0.10000000E+01  0.64811183E+00  0.16733319E+00  0.27371506E+01  0.17593169E+00  0.27318289E+01  0.24506382E+00 -0.11824011E+01
  0.13982504E+01  0.91273919E+01  0.00000000E+00  0.10000000E+01  0.66213454E+00  0.17164450E+00  0.27634102E+01  0.18511418E+00  0.27577848E+01  0.25558980E+00 -0.11885036E+01
  0.14123742E+01  0.94510406E+01  0.00000000E+00  0.10000000E+01  0.67609805E+00  0.17595712E+00  0.27890980E+01  0.19453313E+00  0.27831829E+01  0.26609061E+00 -0.11943474E+01
  0.14264979E+01  0.97747011E+01  0.00000000E+00  0.10000000E+01  0.68964935E+00  0.18000000E+00  0.28149842E+01  0.20357521E+00  0.28086808E+01  0.27729230E+00 -0.12006993E+01
  0.14406216E+01  0.10098370E+02  0.00000000E+00  0.10000000E+01  0.69778864E+00  0.18000000E+00  0.28282926E+01  0.20357521E+00  0.28201718E+01  0.29548775E+00 -0.12043354E+01
  0.14547454E+01  0.10422045E+02  0.00000000E+00  0.10000000E+01  0.70279625E+00  0.18000000E+00  0.28327336E+01  0.20357521E+00  0.28228253E+01  0.31221802E+00 -0.11770562E+01
  0.14688691E+01  0.10745725E+02  0.00000000E+00  0.10000000E+01  0.70445858E+00  0.18000000E+00  0.28408818E+01  0.20357521E+00  0.28290217E+01  0.32967913E+00 -0.11490435E+01
  0.14829929E+01  0.11069408E+02  0.00000000E+00  0.10000000E+01  0.70317752E+00  0.18000000E+00  0.28490625E+01  0.20357521E+00  0.28351426E+01  0.34722655E+00 -0.11240267E+01
  0.14971166E+01  0.11393094E+02  0.00000000E+00  0.10000000E+01  0.69925686E+00  0.18000000E+00  0.28593650E+01  0.20357521E+00  0.28432352E+01  0.36527288E+00 -0.11018158E+01
  0.15112403E+01  0.11716781E+02  0.00000000E+00  0.10000000E+01  0.69292741E+00  0.18000000E+00  0.28704544E+01  0.20357521E+00  0.28519846E+01  0.38358152E+00 -0.10812015E+01
  0.15253641E+01  0.12040470E+02  0.00000000E+00  0.10000000E+01  0.68437664E+00  0.18000000E+00  0.28832977E+01  0.20357521E+00  0.28623329E+01  0.40236658E+00 -0.10624934E+01
  0.15394878E+01  0.12364160E+02  0.00000000E+00  0.10000000E+01  0.67376831E+00  0.18000000E+00  0.28981612E+01  0.20357521E+00  0.28745329E+01  0.42171334E+00 -0.10457058E+01
  0.15536116E+01  0.12687850E+02  0.00000000E+00  0.10000000E+01  0.66125393E+00  0.18000000E+00  0.29137485E+01  0.20357521E+00  0.28873112E+01  0.44136965E+00 -0.10301380E+01
  0.15677353E+01  0.13011541E+02  0.00000000E+00  0.10000000E+01  0.64698501E+00  0.18000000E+00  0.29316091E+01  0.20357521E+00  0.29021737E+01  0.46169559E+00 -0.10166536E+01
  0.15818590E+01  0.13335232E+02  0.00000000E+00  0.10000000E+01  0.63110022E+00  0.18000000E+00  0.29502978E+01  0.20357521E+00  0.29177039E+01  0.48239440E+00 -0.10043714E+01
  0.15959828E+01  0.13658924E+02  0.00000000E+00  0.10000000E+01  0.61373582E+00  0.18000000E+00  0.29706475E+01  0.20357521E+00  0.29347062E+01  0.50367555E+00 -0.99374471E+00
  0.16101065E+01  0.13982616E+02  0.00000000E+00  0.10000000E+01  0.59502144E+00  0.18000000E+00  0.29928435E+01  0.20357521E+00  0.29533522E+01  0.52561020E+00 -0.98485475E+00
  0.16242303E+01  0.14306308E+02  0.00000000E+00  0.10000000E+01  0.57507791E+00  0.18000000E+00  0.30154432E+01  0.20357521E+00  0.29722345E+01  0.54787118E+00 -0.97696443E+00
  0.16383540E+01  0.14630000E+02  0.00000000E+00  0.10000000E+01  0.55402922E+00  0.18000000E+00  0.30385277E+01  0.20357521E+00  0.29914279E+01  0.57048454E+00 -0.97037229E+00
  0.16524778E+01  0.14953692E+02  0.00000000E+00  0.10000000E+01  0.53198826E+00  0.18000000E+00  0.30603716E+01  0.20357521E+00  0.30092614E+01  0.59301195E+00 -0.96412125E+00
  0.16666015E+01  0.15277384E+02  0.00000000E+00  0.10000000E+01  0.50904896E+00  0.18000000E+00  0.30876186E+01  0.20357521E+00  0.30321473E+01  0.61718257E+00 -0.96078471E+00
  0.16807252E+01  0.15601076E+02  0.00000000E+00  0.10000000E+01  0.48526812E+00  0.18000000E+00  0.31243208E+01  0.20357521E+00  0.30639622E+01  0.64417334E+00 -0.96150488E+00
  0.16948490E+01  0.15924769E+02  0.00000000E+00  0.10000000E+01  0.46074500E+00  0.18000000E+00  0.31525274E+01  0.20357521E+00  0.30873981E+01  0.66921202E+00 -0.95987995E+00
  0.17089727E+01  0.16248461E+02  0.00000000E+00  0.10000000E+01  0.43564040E+00  0.18000000E+00  0.31551146E+01  0.20357521E+00  0.30860520E+01  0.68736738E+00 -0.94963009E+00
  0.17230965E+01  0.16572153E+02  0.00000000E+00  0.10000000E+01  0.40994156E+00  0.18000000E+00  0.32009334E+01  0.20357521E+00  0.31260350E+01  0.71785950E+00 -0.95631307E+00
  0.17372202E+01  0.16895846E+02  0.00000000E+00  0.10000000E+01  0.38363238E+00  0.18000000E+00  0.32665509E+01  0.20357521E+00  0.31847147E+01  0.75457911E+00 -0.97129007E+00
  0.17513439E+01  0.17219538E+02  0.00000000E+00  0.10000000E+01  0.35701706E+00  0.18000000E+00  0.32138601E+01  0.20357521E+00  0.31300719E+01  0.75696075E+00 -0.94102216E+00
  0.17654677E+01  0.17543230E+02  0.00000000E+00  0.10000000E+01  0.32986714E+00  0.18000000E+00  0.33244917E+01  0.20357521E+00  0.32312317E+01  0.80797906E+00 -0.97458730E+00
  0.17795914E+01  0.17866923E+02  0.00000000E+00  0.10000000E+01  0.30244127E+00  0.18000000E+00  0.33106391E+01  0.20357521E+00  0.32134309E+01  0.82197086E+00 -0.96269318E+00
  0.17937152E+01  0.18190615E+02  0.00000000E+00  0.10000000E+01  0.27460759E+00  0.18000000E+00  0.33589965E+01  0.20357521E+00  0.32546765E+01  0.85520805E+00 -0.97021872E+00
  0.18078389E+01  0.18514307E+02  0.00000000E+00  0.10000000E+01  0.24667076E+00  0.18000000E+00  0.33442900E+01  0.20357521E+00  0.32358478E+01  0.86891165E+00 -0.96223610E+00
  0.18219627E+01  0.18838000E+02  0.00000000E+00  0.10000000E+01  0.21825843E+00  0.18000000E+00  0.34689494E+01  0.20357521E+00  0.33488693E+01  0.92743035E+00 -0.10018242E+01
  0.18360864E+01  0.19161692E+02  0.00000000E+00  0.10000000E+01  0.18971797E+00  0.18000000E+00  0.34106293E+01  0.20357521E+00  0.32884875E+01  0.92719216E+00 -0.97333549E+00
  0.18502101E+01  0.19485385E+02  0.00000000E+00  0.10000000E+01  0.16104357E+00  0.18000000E+00  0.34460997E+01  0.20357521E+00  0.33166357E+01  0.95758733E+00 -0.98454624E+00
  0.18643339E+01  0.19809077E+02  0.00000000E+00  0.10000000E+01  0.13205513E+00  0.18000000E+00  0.34946271E+01  0.20357521E+00  0.33568289E+01  0.99275457E+00 -0.99476317E+00
  0.18784576E+01  0.20132769E+02  0.00000000E+00  0.10000000E+01  0.10270155E+00  0.18000000E+00  0.35565459E+01  0.20357521E+00  0.34093022E+01  0.10330153E+01 -0.10108597E+01
  0.18925814E+01  0.20456462E+02  0.00000000E+00  0.10000000E+01  0.73221747E-01  0.18000000E+00  0.35213589E+01  0.20357521E+00  0.33704437E+01  0.10399618E+01 -0.99199620E+00
  0.19067051E+01  0.20780154E+02  0.00000000E+00  0.10000000E+01  0.43695343E-01  0.18000000E+00  0.35311208E+01  0.20357521E+00  0.33736416E+01  0.10624498E+01 -0.99488325E+00
  0.19208288E+01  0.21103846E+02  0.00000000E+00  0.10000000E+01  0.13969281E-01  0.18000000E+00  0.35872770E+01  0.20357521E+00  0.34199752E+01  0.11017116E+01 -0.10111212E+01
  0.19349526E+01  0.21427539E+02  0.00000000E+00  0.10000000E+01 -0.15838714E-01  0.18000000E+00  0.35734628E+01  0.20357521E+00  0.34008372E+01  0.11159685E+01 -0.10006444E+01
  0.19490763E+01  0.21751231E+02  0.00000000E+00  0.10000000E+01 -0.46012801E-01  0.18000000E+00  0.37248202E+01  0.20357521E+00  0.35350593E+01  0.11912532E+01 -0.10554168E+01
  0.19632001E+01  0.22074923E+02  0.00000000E+00  0.10000000E+01 -0.76315847E-01  0.18000000E+00  0.36247201E+01  0.20357521E+00  0.34355108E+01  0.11735859E+01 -0.10035186E+01
  0.19773238E+01  0.22398616E+02  0.00000000E+00  0.10000000E+01 -0.10675590E+00  0.18000000E+00  0.37956615E+01  0.20357521E+00  0.35868706E+01  0.12581129E+01 -0.10768967E+01
  0.19914476E+01  0.22722308E+02  0.00000000E+00  0.10000000E+01 -0.13739317E+00  0.18000000E+00  0.36364545E+01  0.20357521E+00  0.34328552E+01  0.12168606E+01 -0.98741307E+00
  0.20055713E+01  0.23046001E+02  0.00000000E+00  0.10000000E+01 -0.16790829E+00  0.18000000E+00  0.38526795E+01  0.20357521E+00  0.36248940E+01  0.13208806E+01 -0.10969881E+01
  0.20196950E+01  0.23369693E+02  0.00000000E+00  0.10000000E+01 -0.19863901E+00  0.18000000E+00  0.36971683E+01  0.20357521E+00  0.34746201E+01  0.12796528E+01 -0.10100422E+01
  0.20338188E+01  0.23693385E+02  0.00000000E+00  0.10000000E+01 -0.22920033E+00  0.18000000E+00  0.38692861E+01  0.20357521E+00  0.36249451E+01  0.13684263E+01 -0.10998643E+01
  0.20479425E+01  0.24017078E+02  0.00000000E+00  0.10000000E+01 -0.25979711E+00  0.18000000E+00  0.37932748E+01  0.20357521E+00  0.35477259E+01  0.13579462E+01 -0.10574971E+01
  0.20620663E+01  0.24340770E+02  0.00000000E+00  0.10000000E+01 -0.29056559E+00  0.18000000E+00  0.39802798E+01  0.20357521E+00  0.37103797E+01  0.14550438E+01 -0.11330595E+01
  0.20761900E+01  0.24664462E+02  0.00000000E+00  0.10000000E+01 -0.32109342E+00  0.18000000E+00  0.38705169E+01  0.20357521E+00  0.36023514E+01  0.14301778E+01 -0.10921255E+01
  0.20903137E+01  0.24988155E+02  0.00000000E+00  0.10000000E+01 -0.35131333E+00  0.18000000E+00  0.38176034E+01  0.20357521E+00  0.35462536E+01  0.14281540E+01 -0.10707502E+01
  0.21044375E+01  0.25311847E+02  0.00000000E+00  0.10000000E+01 -0.38179346E+00  0.18000000E+00  0.40235112E+01  0.20357521E+00  0.37242681E+01  0.15362005E+01 -0.11430343E+01
  0.21185612E+01  0.25635540E+02  0.00000000E+00  0.10000000E+01 -0.41195789E+00  0.18000000E+00  0.39505209E+01  0.20357521E+00  0.36497245E+01  0.15256373E+01 -0.11208000E+01
  0.21326850E+01  0.25959232E+02  0.00000000E+00  0.10000000E+01 -0.44229165E+00  0.18000000E+00  0.40542149E+01  0.20357521E+00  0.37342792E+01  0.15916220E+01 -0.11493228E+01
  0.21468087E+01  0.26282924E+02  0.00000000E+00  0.10000000E+01 -0.47245042E+00  0.18000000E+00  0.40501713E+01  0.20357521E+00  0.37216021E+01  0.16109028E+01 -0.11531538E+01
  0.21609324E+01  0.26606617E+02  0.00000000E+00  0.10000000E+01 -0.50246193E+00  0.18000000E+00  0.40773992E+01  0.20357521E+00  0.37367865E+01  0.16440965E+01 -0.11670614E+01
  0.21750562E+01  0.26930309E+02  0.00000000E+00  0.10000000E+01 -0.53220356E+00  0.18000000E+00  0.39784499E+01  0.20357521E+00  0.36392196E+01  0.16203664E+01 -0.11206746E+01
  0.21891799E+01  0.27254001E+02  0.00000000E+00  0.10000000E+01 -0.56181468E+00  0.18000000E+00  0.42896284E+01  0.20357521E+00  0.39066404E+01  0.17833999E+01 -0.12646915E+01
  0.22033037E+01  0.27577694E+02  0.00000000E+00  0.10000000E+01 -0.59128553E+00  0.18000000E+00  0.40938962E+01  0.20357521E+00  0.37230089E+01  0.17148276E+01 -0.11669634E+01
  0.22174274E+01  0.27901386E+02  0.00000000E+00  0.10000000E+01 -0.62034019E+00  0.18000000E+00  0.43284655E+01  0.20357521E+00  0.39205633E+01  0.18456002E+01 -0.12870025E+01
  0.22315512E+01  0.28225078E+02  0.00000000E+00  0.10000000E+01 -0.64928732E+00  0.18000000E+00  0.40550315E+01  0.20357521E+00  0.36691523E+01  0.17384029E+01 -0.11460584E+01
  0.22456749E+01  0.28548771E+02  0.00000000E+00  0.10000000E+01 -0.67777555E+00  0.18000000E+00  0.44190454E+01  0.20357521E+00  0.39790264E+01  0.19330686E+01 -0.13257438E+01
  0.22597986E+01  0.28872463E+02  0.00000000E+00  0.10000000E+01 -0.70628137E+00  0.18000000E+00  0.42287977E+01  0.20357521E+00  0.38014428E+01  0.18636538E+01 -0.12285238E+01
  0.22739224E+01  0.29196155E+02  0.00000000E+00  0.10000000E+01 -0.73394524E+00  0.18000000E+00  0.42820996E+01  0.20357521E+00  0.38373837E+01  0.19111009E+01 -0.12817979E+01
  0.22880461E+01  0.29519848E+02  0.00000000E+00  0.10000000E+01 -0.76162461E+00  0.18000000E+00  0.44207582E+01  0.20357521E+00  0.39471843E+01  0.20010702E+01 -0.13251502E+01
  0.23021699E+01  0.29843540E+02  0.00000000E+00  0.10000000E+01 -0.78821199E+00  0.18000000E+00  0.42521950E+01  0.20357521E+00  0.37896067E+01  0.19394550E+01 -0.12868482E+01
  0.23162936E+01  0.30167232E+02  0.00000000E+00  0.10000000E+01 -0.81456209E+00  0.18000000E+00  0.44518664E+01  0.20357521E+00  0.39512178E+01  0.20611733E+01 -0.13565467E+01
  0.23304173E+01  0.30490924E+02  0.00000000E+00  0.10000000E+01 -0.83975646E+00  0.18000000E+00  0.43628710E+01  0.20357521E+00  0.38628220E+01  0.20383063E+01 -0.13446425E+01
  0.23445411E+01  0.30814616E+02  0.00000000E+00  0.10000000E+01 -0.86431006E+00  0.18000000E+00  0.44837148E+01  0.20357521E+00  0.39550292E+01  0.21220003E+01 -0.13894303E+01
  0.23586648E+01  0.31138308E+02  0.00000000E+00  0.10000000E+01 -0.88785276E+00  0.18000000E+00  0.45386970E+01  0.20357521E+00  0.39900384E+01  0.21727418E+01 -0.14273046E+01
  0.23727886E+01  0.31462000E+02  0.00000000E+00  0.10000000E+01 -0.91025091E+00  0.18000000E+00  0.44951617E+01  0.20357521E+00  0.39405649E+01  0.21725262E+01 -0.14163125E+01
  0.23869123E+01  0.31785691E+02  0.00000000E+00  0.10000000E+01 -0.93071168E+00  0.18000000E+00  0.45941945E+01  0.20357521E+00  0.40124087E+01  0.22469184E+01 -0.14802982E+01
  0.24010361E+01  0.32109383E+02  0.00000000E+00  0.10000000E+01 -0.94800517E+00  0.18000000E+00  0.45905573E+01  0.20357521E+00  0.39965700E+01  0.22676172E+01 -0.15046301E+01
  0.24151598E+01  0.32433073E+02  0.00000000E+00  0.10000000E+01 -0.96310503E+00  0.18000000E+00  0.47277456E+01  0.20357521E+00  0.40994849E+01  0.23637353E+01 -0.15944144E+01
  0.24292835E+01  0.32756763E+02  0.00000000E+00  0.10000000E+01 -0.97831205E+00  0.18000000E+00  0.47058579E+01  0.20357521E+00  0.40676588E+01  0.23750145E+01 -0.15708990E+01
  0.24434073E+01  0.33080453E+02  0.00000000E+00  0.10000000E+01 -0.99298409E+00  0.18000000E+00  0.47753485E+01  0.20357521E+00  0.41124029E+01  0.24358856E+01 -0.16231644E+01
  0.24575310E+01  0.33404141E+02  0.00000000E+00  0.10000000E+01 -0.10072898E+01  0.18000000E+00  0.47728098E+01  0.20357521E+00  0.40964567E+01  0.24576817E+01 -0.16186642E+01
  0.24716548E+01  0.33727828E+02  0.00000000E+00  0.10000000E+01 -0.10216130E+01  0.18000000E+00  0.47704046E+01  0.20357521E+00  0.40805065E+01  0.24794494E+01 -0.16335877E+01
  0.24857785E+01  0.34051513E+02  0.00000000E+00  0.10000000E+01 -0.10353817E+01  0.18000000E+00  0.48170594E+01  0.20357521E+00  0.41050893E+01  0.25285858E+01 -0.16598383E+01
  0.24999022E+01  0.34375195E+02  0.00000000E+00  0.10000000E+01 -0.10462989E+01  0.18000000E+00  0.48085865E+01  0.20357521E+00  0.40837459E+01  0.25469524E+01 -0.16910046E+01
  0.25140260E+01  0.34698873E+02  0.00000000E+00  0.10000000E+01 -0.10553159E+01  0.18000000E+00  0.48683767E+01  0.20357521E+00  0.41184493E+01  0.26040181E+01 -0.17441584E+01
  0.25281497E+01  0.35022546E+02  0.00000000E+00  0.10000000E+01 -0.10636071E+01  0.18000000E+00  0.48914530E+01  0.20357521E+00  0.41225709E+01  0.26404856E+01 -0.17641270E+01
  0.25422735E+01  0.35346212E+02  0.00000000E+00  0.10000000E+01 -0.10715657E+01  0.18000000E+00  0.49281893E+01  0.20357521E+00  0.41375538E+01  0.26849845E+01 -0.17956751E+01
  0.25563972E+01  0.35669869E+02  0.00000000E+00  0.10000000E+01 -0.10774771E+01  0.18000000E+00  0.49380592E+01  0.20357521E+00  0.41303389E+01  0.27140693E+01 -0.18172027E+01
  0.25705210E+01  0.35993512E+02  0.00000000E+00  0.10000000E+01 -0.10810777E+01  0.18000000E+00  0.50341830E+01  0.20357521E+00  0.41927144E+01  0.27938480E+01 -0.18815858E+01
  0.25846447E+01  0.36317138E+02  0.00000000E+00  0.10000000E+01 -0.10842051E+01  0.18000000E+00  0.50332147E+01  0.20357521E+00  0.41760869E+01  0.28169118E+01 -0.18830863E+01
  0.25987684E+01  0.36640739E+02  0.00000000E+00  0.10000000E+01 -0.10875956E+01  0.18000000E+00  0.50718639E+01  0.20357521E+00  0.41911225E+01  0.28635185E+01 -0.19086478E+01
  0.26128922E+01  0.36964307E+02  0.00000000E+00  0.10000000E+01 -0.10922099E+01  0.18000000E+00  0.50137373E+01  0.20357521E+00  0.41284408E+01  0.28521888E+01 -0.18730880E+01
  0.26270159E+01  0.37287830E+02  0.00000000E+00  0.10000000E+01 -0.10981426E+01  0.18000000E+00  0.50383373E+01  0.20357521E+00  0.41318419E+01  0.28903578E+01 -0.18807858E+01
  0.26411397E+01  0.37611291E+02  0.00000000E+00  0.10000000E+01 -0.11034067E+01  0.18000000E+00  0.50278260E+01  0.20357521E+00  0.41071320E+01  0.29072227E+01 -0.18861078E+01
  0.26552634E+01  0.37934668E+02  0.00000000E+00  0.10000000E+01 -0.11061016E+01  0.18000000E+00  0.50588202E+01  0.20357521E+00  0.41151038E+01  0.29494109E+01 -0.19392662E+01
  0.26693871E+01  0.38257930E+02  0.00000000E+00  0.10000000E+01 -0.11065466E+01  0.18000000E+00  0.51044847E+01  0.20357521E+00  0.41342551E+01  0.30008569E+01 -0.19889328E+01
  0.26835109E+01  0.38581035E+02  0.00000000E+00  0.10000000E+01 -0.11064747E+01  0.18000000E+00  0.51157237E+01  0.20357521E+00  0.41260527E+01  0.30311319E+01 -0.20044637E+01
  0.26976346E+01  0.38903928E+02  0.00000000E+00  0.10000000E+01 -0.11061057E+01  0.18000000E+00  0.51313818E+01  0.20357521E+00  0.41210904E+01  0.30641698E+01 -0.20256182E+01
  0.27117584E+01  0.39226529E+02  0.00000000E+00  0.10000000E+01 -0.11039670E+01  0.18000000E+00  0.51232182E+01  0.20357521E+00  0.40974485E+01  0.30821622E+01 -0.20501253E+01
  0.27258821E+01  0.39548735E+02  0.00000000E+00  0.10000000E+01 -0.10970774E+01  0.18000000E+00  0.51509754E+01  0.20357521E+00  0.41014542E+01  0.31228295E+01 -0.21276611E+01
  0.27400059E+01  0.39870403E+02  0.00000000E+00  0.10000000E+01 -0.10859586E+01  0.18000000E+00  0.51784239E+01  0.20357521E+00  0.41049242E+01  0.31634023E+01 -0.21939704E+01
  0.27541296E+01  0.40191340E+02  0.00000000E+00  0.10000000E+01 -0.10781326E+01  0.18000000E+00  0.52050951E+01  0.20357521E+00  0.41075143E+01  0.32035580E+01 -0.21590139E+01
  0.27682533E+01  0.40511283E+02  0.00000000E+00  0.10000000E+01 -0.10755417E+01  0.18000000E+00  0.51749898E+01  0.20357521E+00  0.40666731E+01  0.32068882E+01 -0.20813779E+01
  0.27823771E+01  0.40829883E+02  0.00000000E+00  0.10000000E+01 -0.10779140E+01  0.18000000E+00  0.51001945E+01  0.20357521E+00  0.39921839E+01  0.31805494E+01 -0.19976913E+01
  0.27965008E+01  0.41146666E+02  0.00000000E+00  0.10000000E+01 -0.10839106E+01  0.18000000E+00  0.50364660E+01  0.20357521E+00  0.39265487E+01  0.31606404E+01 -0.19257575E+01
  0.28106246E+01  0.41461005E+02  0.00000000E+00  0.10000000E+01 -0.10916456E+01  0.18000000E+00  0.49583964E+01  0.20357521E+00  0.38506438E+01  0.31304442E+01 -0.18709390E+01
  0.28247483E+01  0.41772070E+02  0.00000000E+00  0.10000000E+01 -0.11001074E+01  0.18000000E+00  0.48676824E+01  0.20357521E+00  0.37659370E+01  0.30908726E+01 -0.18249361E+01
  0.28388720E+01  0.42078776E+02  0.00000000E+00  0.10000000E+01 -0.11085246E+01  0.18000000E+00  0.47672111E+01  0.20357521E+00  0.36747654E+01  0.30436564E+01 -0.17828809E+01
  0.28529958E+01  0.42379729E+02  0.00000000E+00  0.10000000E+01 -0.11164369E+01  0.18000000E+00  0.46504472E+01  0.20357521E+00  0.35724748E+01  0.29842128E+01 -0.17356032E+01
  0.28671195E+01  0.42673177E+02  0.00000000E+00  0.10000000E+01 -0.11234854E+01  0.18000000E+00  0.45177979E+01  0.20357521E+00  0.34596159E+01  0.29125587E+01 -0.16797775E+01
  0.28812433E+01  0.42956970E+02  0.00000000E+00  0.10000000E+01 -0.11290095E+01  0.18000000E+00  0.43493808E+01  0.20357521E+00  0.33218886E+01  0.28148911E+01 -0.16092489E+01
  0.28953670E+01  0.43228576E+02  0.00000000E+00  0.10000000E+01 -0.11313899E+01  0.18000000E+00  0.41773081E+01  0.20357521E+00  0.31831307E+01  0.27127522E+01 -0.15448400E+01
  0.29094907E+01  0.43485158E+02  0.00000000E+00  0.10000000E+01 -0.11323691E+01  0.18000000E+00  0.39396404E+01  0.20357521E+00  0.29985102E+01  0.25634246E+01 -0.14330903E+01
  0.29236145E+01  0.43723745E+02  0.00000000E+00  0.10000000E+01 -0.11369092E+01  0.18000000E+00  0.36246864E+01  0.20357521E+00  0.27601986E+01  0.23581981E+01 -0.12445408E+01
  0.29377382E+01  0.43941507E+02  0.00000000E+00  0.10000000E+01 -0.11475909E+01  0.18000000E+00  0.32760779E+01  0.20357521E+00  0.25002009E+01  0.21267639E+01 -0.10227917E+01
  0.29518620E+01  0.44136113E+02  0.00000000E+00  0.10000000E+01 -0.11598061E+01  0.18000000E+00  0.30083110E+01  0.20357521E+00  0.23007900E+01  0.19487800E+01 -0.88025649E+00
  0.29659857E+01  0.44306074E+02  0.00000000E+00  0.10000000E+01 -0.11715787E+01  0.18000000E+00  0.28091243E+01  0.20357521E+00  0.21524573E+01  0.18164663E+01 -0.79053979E+00
  0.29801095E+01  0.44451011E+02  0.00000000E+00  0.10000000E+01 -0.11828109E+01  0.18000000E+00  0.26865834E+01  0.20357521E+00  0.20603797E+01  0.17360901E+01 -0.74386341E+00
  0.29942332E+01  0.44571712E+02  0.00000000E+00  0.10000000E+01 -0.11931550E+01  0.18000000E+00  0.26574664E+01  0.20357521E+00  0.20359757E+01  0.17199924E+01 -0.74901558E+00
  0.30083569E+01  0.44669999E+02  0.00000000E+00  0.10000000E+01 -0.12027556E+01  0.18000000E+00  0.27082884E+01  0.20357521E+00  0.20691651E+01  0.17592114E+01 -0.79405404E+00
  0.30224807E+01  0.44748422E+02  0.00000000E+00  0.10000000E+01 -0.12120575E+01  0.18000000E+00  0.28135790E+01  0.20357521E+00  0.21415331E+01  0.18361659E+01 -0.86375289E+00
  0.30366044E+01  0.44809897E+02  0.00000000E+00  0.10000000E+01 -0.12213090E+01  0.18000000E+00  0.29489040E+01  0.20357521E+00  0.22355680E+01  0.19338339E+01 -0.94808443E+00
  0.30507282E+01  0.44857374E+02  0.00000000E+00  0.10000000E+01 -0.12304149E+01  0.18000000E+00  0.30939595E+01  0.20357521E+00  0.23367895E+01  0.20379997E+01 -0.10396235E+01
  0.30648519E+01  0.44893599E+02  0.00000000E+00  0.10000000E+01 -0.12390950E+01  0.18000000E+00  0.32349277E+01  0.20357521E+00  0.24353650E+01  0.21389710E+01 -0.11320471E+01
  0.30789756E+01  0.44920973E+02  0.00000000E+00  0.10000000E+01 -0.12470660E+01  0.18000000E+00  0.33632825E+01  0.20357521E+00  0.25252285E+01  0.22307697E+01 -0.12196803E+01
  0.30930994E+01  0.44941502E+02  0.00000000E+00  0.10000000E+01 -0.12541413E+01  0.18000000E+00  0.34750508E+01  0.20357521E+00  0.26035418E+01  0.23106257E+01 -0.12985989E+01
  0.31072231E+01  0.44956810E+02  0.00000000E+00  0.10000000E+01 -0.12603555E+01  0.18000000E+00  0.35689844E+01  0.20357521E+00  0.26693955E+01  0.23776922E+01 -0.13658287E+01
  0.31213469E+01  0.44968173E+02  0.00000000E+00  0.10000000E+01 -0.12659979E+01  0.18000000E+00  0.36437073E+01  0.20357521E+00  0.27217904E+01  0.24310293E+01 -0.14184977E+01
  0.31354706E+01  0.44976581E+02  0.00000000E+00  0.10000000E+01 -0.12714217E+01  0.18000000E+00  0.36976249E+01  0.20357521E+00  0.27595746E+01  0.24695385E+01 -0.14562202E+01
  0.31495944E+01  0.44982787E+02  0.00000000E+00  0.10000000E+01 -0.12768424E+01  0.18000000E+00  0.37316952E+01  0.20357521E+00  0.27834057E+01  0.24939215E+01 -0.14823137E+01
  0.31637181E+01  0.44987359E+02  0.00000000E+00  0.10000000E+01 -0.12822951E+01  0.18000000E+00  0.37510053E+01  0.20357521E+00  0.27968640E+01  0.25077949E+01 -0.15017951E+01
  0.31778418E+01  0.44990723E+02  0.00000000E+00  0.10000000E+01 -0.12876897E+01  0.18000000E+00  0.37615235E+01  0.20357521E+00  0.28041554E+01  0.25153954E+01 -0.15185661E+01
  0.31919656E+01  0.44993195E+02  0.00000000E+00  0.10000000E+01 -0.12928793E+01  0.18000000E+00  0.37682798E+01  0.20357521E+00  0.28088249E+01  0.25202933E+01 -0.15347557E+01
  0.32060893E+01  0.44995011E+02  0.00000000E+00  0.10000000E+01 -0.12977338E+01  0.18000000E+00  0.37743419E+01  0.20357521E+00  0.28130319E+01  0.25246685E+01 -0.15508736E+01
  0.32202131E+01  0.44996343E+02  0.00000000E+00  0.10000000E+01 -0.13022135E+01  0.18000000E+00  0.37785121E+01  0.20357521E+00  0.28159222E+01  0.25276825E+01 -0.15651942E+01
  0.32343368E+01  0.44997321E+02  0.00000000E+00  0.10000000E+01 -0.13063776E+01  0.18000000E+00  0.37776035E+01  0.20357521E+00  0.28152365E+01  0.25270880E+01 -0.15757073E+01
  0.32484605E+01  0.44998038E+02  0.00000000E+00  0.10000000E+01 -0.13103310E+01  0.18000000E+00  0.37686801E+01  0.20357521E+00  0.28088949E+01  0.25208137E+01 -0.15813728E+01
  0.32625843E+01  0.44998564E+02  0.00000000E+00  0.10000000E+01 -0.13141522E+01  0.18000000E+00  0.37553908E+01  0.20357521E+00  0.27994746E+01  0.25114428E+01 -0.15846170E+01
  0.32767080E+01  0.44998950E+02  0.00000000E+00  0.10000000E+01 -0.13178649E+01  0.18000000E+00  0.37418674E+01  0.20357521E+00  0.27898950E+01  0.25018994E+01 -0.15880039E+01
  0.32908318E+01  0.44999233E+02  0.00000000E+00  0.10000000E+01 -0.13214435E+01  0.18000000E+00  0.37302846E+01  0.20357521E+00  0.27816923E+01  0.24937229E+01 -0.15929413E+01
  0.33049555E+01  0.44999440E+02  0.00000000E+00  0.10000000E+01 -0.13248366E+01  0.18000000E+00  0.37229614E+01  0.20357521E+00  0.27765049E+01  0.24885548E+01 -0.16004008E+01
  0.33190793E+01  0.44999592E+02  0.00000000E+00  0.10000000E+01 -0.13279872E+01  0.18000000E+00  0.37218756E+01  0.20357521E+00  0.27757305E+01  0.24877943E+01 -0.16111140E+01
  0.33332030E+01  0.44999704E+02  0.00000000E+00  0.10000000E+01 -0.13308467E+01  0.18000000E+00  0.37256989E+01  0.20357521E+00  0.27784292E+01  0.24905033E+01 -0.16243268E+01
  0.33473267E+01  0.44999785E+02  0.00000000E+00  0.10000000E+01 -0.13333818E+01  0.18000000E+00  0.37288712E+01  0.20357521E+00  0.27806688E+01  0.24927503E+01 -0.16374680E+01
  0.33614505E+01  0.44999845E+02  0.00000000E+00  0.10000000E+01 -0.13355758E+01  0.18000000E+00  0.37225712E+01  0.20357521E+00  0.27762114E+01  0.24882984E+01 -0.16465272E+01
  0.33755742E+01  0.44999889E+02  0.00000000E+00  0.10000000E+01 -0.13374295E+01  0.18000000E+00  0.37021490E+01  0.20357521E+00  0.27617688E+01  0.24738600E+01 -0.16492174E+01
  0.33896980E+01  0.44999921E+02  0.00000000E+00  0.10000000E+01 -0.13389606E+01  0.18000000E+00  0.36789738E+01  0.20357521E+00  0.27453801E+01  0.24574742E+01 -0.16503883E+01
  0.34038217E+01  0.44999944E+02  0.00000000E+00  0.10000000E+01 -0.13402086E+01  0.18000000E+00  0.36690317E+01  0.20357521E+00  0.27383489E+01  0.24504451E+01 -0.16568639E+01
  0.34179454E+01  0.44999961E+02  0.00000000E+00  0.10000000E+01 -0.13412280E+01  0.18000000E+00  0.36767045E+01  0.20357521E+00  0.27437737E+01  0.24558715E+01 -0.16704850E+01
  0.34320692E+01  0.44999974E+02  0.00000000E+00  0.10000000E+01 -0.13420741E+01  0.18000000E+00  0.36944676E+01  0.20357521E+00  0.27563336E+01  0.24684325E+01 -0.16879706E+01
  0.34461929E+01  0.44999983E+02  0.00000000E+00  0.10000000E+01 -0.13427799E+01  0.18000000E+00  0.37042917E+01  0.20357521E+00  0.27632799E+01  0.24753796E+01 -0.17017273E+01
  0.34603167E+01  0.44999990E+02  0.00000000E+00  0.10000000E+01 -0.13433290E+01  0.18000000E+00  0.36820674E+01  0.20357521E+00  0.27475646E+01  0.24596650E+01 -0.17018624E+01
  0.34744404E+01  0.44999994E+02  0.00000000E+00  0.10000000E+01 -0.13436785E+01  0.18000000E+00  0.36351399E+01  0.20357521E+00  0.27143817E+01  0.24264824E+01 -0.16915458E+01
  0.34885642E+01  0.44999997E+02  0.00000000E+00  0.10000000E+01 -0.13438304E+01  0.18000000E+00  0.36158882E+01  0.20357521E+00  0.27007685E+01  0.24128696E+01 -0.16925823E+01
  0.35026879E+01  0.44999999E+02  0.00000000E+00  0.10000000E+01 -0.13438512E+01  0.18000000E+00  0.36408000E+01  0.20357521E+00  0.27183838E+01  0.24304850E+01 -0.17113594E+01
  0.35168116E+01  0.45000000E+02  0.00000000E+00  0.10000000E+01 -0.13437968E+01  0.18000000E+00  0.36654537E+01  0.20357521E+00  0.27358165E+01  0.24479178E+01 -0.17294826E+01
  0.35309354E+01  0.45000000E+02  0.00000000E+00  0.10000000E+01 -0.13436225E+01  0.18000000E+00  0.36291060E+01  0.20357521E+00  0.27101149E+01  0.24222161E+01 -0.17226564E+01
  0.35450591E+01  0.44999999E+02  0.00000000E+00  0.10000000E+01 -0.13432484E+01  0.18000000E+00  0.35606114E+01  0.20357521E+00  0.26616819E+01  0.23737831E+01 -0.17030414E+01
  0.35591829E+01  0.44999997E+02  0.00000000E+00  0.10000000E+01 -0.13427232E+01  0.18000000E+00  0.35659054E+01  0.20357521E+00  0.26654254E+01  0.23775264E+01 -0.17131641E+01
  0.35733066E+01  0.44999994E+02  0.00000000E+00  0.10000000E+01 -0.13421300E+01  0.18000000E+00  0.36110473E+01  0.20357521E+00  0.26973457E+01  0.24094464E+01 -0.17390174E+01
  0.35874303E+01  0.44999990E+02  0.00000000E+00  0.10000000E+01 -0.13414115E+01  0.18000000E+00  0.35850891E+01  0.20357521E+00  0.26789906E+01  0.23910910E+01 -0.17367238E+01
  0.36015541E+01  0.44999983E+02  0.00000000E+00  0.10000000E+01 -0.13404494E+01  0.18000000E+00  0.35055487E+01  0.20357521E+00  0.26227473E+01  0.23348471E+01 -0.17135181E+01
  0.36156778E+01  0.44999974E+02  0.00000000E+00  0.10000000E+01 -0.13393132E+01  0.18000000E+00  0.35149485E+01  0.20357521E+00  0.26293943E+01  0.23414934E+01 -0.17248393E+01
  0.36298016E+01  0.44999961E+02  0.00000000E+00  0.10000000E+01 -0.13380978E+01  0.18000000E+00  0.35661013E+01  0.20357521E+00  0.26655654E+01  0.23776633E+01 -0.17519438E+01
  0.36439253E+01  0.44999944E+02  0.00000000E+00  0.10000000E+01 -0.13367106E+01  0.18000000E+00  0.35283793E+01  0.20357521E+00  0.26388926E+01  0.23509890E+01 -0.17448122E+01
  0.36580490E+01  0.44999921E+02  0.00000000E+00  0.10000000E+01 -0.13350626E+01  0.18000000E+00  0.34521440E+01  0.20357521E+00  0.25849870E+01  0.22970815E+01 -0.17226841E+01
  0.36721728E+01  0.44999889E+02  0.00000000E+00  0.10000000E+01 -0.13333212E+01  0.18000000E+00  0.34851721E+01  0.20357521E+00  0.26083427E+01  0.23204344E+01 -0.17410116E+01
  0.36862965E+01  0.44999845E+02  0.00000000E+00  0.10000000E+01 -0.13315548E+01  0.18000000E+00  0.35210659E+01  0.20357521E+00  0.26337253E+01  0.23458131E+01 -0.17600760E+01
  0.37004203E+01  0.44999785E+02  0.00000000E+00  0.10000000E+01 -0.13295926E+01  0.18000000E+00  0.34411193E+01  0.20357521E+00  0.25771968E+01  0.22892798E+01 -0.17361727E+01
  0.37145440E+01  0.44999704E+02  0.00000000E+00  0.10000000E+01 -0.13274984E+01  0.18000000E+00  0.34044975E+01  0.20357521E+00  0.25513044E+01  0.22633808E+01 -0.17272561E+01
  0.37286678E+01  0.44999592E+02  0.00000000E+00  0.10000000E+01 -0.13254762E+01  0.18000000E+00  0.34622432E+01  0.20357521E+00  0.25921414E+01  0.23042078E+01 -0.17521535E+01
  0.37427915E+01  0.44999440E+02  0.00000000E+00  0.10000000E+01 -0.13233679E+01  0.18000000E+00  0.34237952E+01  0.20357521E+00  0.25649604E+01  0.22770144E+01 -0.17429201E+01
  0.37569152E+01  0.44999233E+02  0.00000000E+00  0.10000000E+01 -0.13210790E+01  0.18000000E+00  0.33441460E+01  0.20357521E+00  0.25086474E+01  0.22206854E+01 -0.17184185E+01
  0.37710390E+01  0.44998950E+02  0.00000000E+00  0.10000000E+01 -0.13188690E+01  0.18000000E+00  0.33853848E+01  0.20357521E+00  0.25378192E+01  0.22498327E+01 -0.17357058E+01
  0.37851627E+01  0.44998564E+02  0.00000000E+00  0.10000000E+01 -0.13166428E+01  0.18000000E+00  0.33791857E+01  0.20357521E+00  0.25334507E+01  0.22454322E+01 -0.17372729E+01
  0.37992865E+01  0.44998038E+02  0.00000000E+00  0.10000000E+01 -0.13142030E+01  0.18000000E+00  0.32905839E+01  0.20357521E+00  0.24708183E+01  0.21827602E+01 -0.17101876E+01
  0.38134102E+01  0.44997321E+02  0.00000000E+00  0.10000000E+01 -0.13118227E+01  0.18000000E+00  0.33111069E+01  0.20357521E+00  0.24853582E+01  0.21972406E+01 -0.17189263E+01
  0.38275339E+01  0.44996343E+02  0.00000000E+00  0.10000000E+01 -0.13094487E+01  0.18000000E+00  0.33108726E+01  0.20357521E+00  0.24852300E+01  0.21970325E+01 -0.17213151E+01
  0.38416577E+01  0.44995011E+02  0.00000000E+00  0.10000000E+01 -0.13068590E+01  0.18000000E+00  0.32261904E+01  0.20357521E+00  0.24253966E+01  0.21371006E+01 -0.16950671E+01
  0.38557814E+01  0.44993195E+02  0.00000000E+00  0.10000000E+01 -0.13043263E+01  0.18000000E+00  0.32320109E+01  0.20357521E+00  0.24295805E+01  0.21411389E+01 -0.16965902E+01
  0.38699052E+01  0.44990723E+02  0.00000000E+00  0.10000000E+01 -0.13017860E+01  0.18000000E+00  0.32170832E+01  0.20357521E+00  0.24191157E+01  0.21304803E+01 -0.16916136E+01
  0.38840289E+01  0.44987359E+02  0.00000000E+00  0.10000000E+01 -0.12990651E+01  0.18000000E+00  0.31349972E+01  0.20357521E+00  0.23611844E+01  0.20723075E+01 -0.16635259E+01
  0.38981527E+01  0.44982787E+02  0.00000000E+00  0.10000000E+01 -0.12964289E+01  0.18000000E+00  0.31212944E+01  0.20357521E+00  0.23516575E+01  0.20624327E+01 -0.16543494E+01
  0.39122764E+01  0.44976581E+02  0.00000000E+00  0.10000000E+01 -0.12938062E+01  0.18000000E+00  0.30759059E+01  0.20357521E+00  0.23197732E+01  0.20300965E+01 -0.16340330E+01
  0.39264001E+01  0.44968173E+02  0.00000000E+00  0.10000000E+01 -0.12911178E+01  0.18000000E+00  0.29826486E+01  0.20357521E+00  0.22540917E+01  0.19638499E+01 -0.15955795E+01
  0.39405239E+01  0.44956810E+02  0.00000000E+00  0.10000000E+01 -0.12886091E+01  0.18000000E+00  0.29281598E+01  0.20357521E+00  0.22159227E+01  0.19249025E+01 -0.15644115E+01
  0.39546476E+01  0.44941502E+02  0.00000000E+00  0.10000000E+01 -0.12862218E+01  0.18000000E+00  0.28335318E+01  0.20357521E+00  0.21494565E+01  0.18574666E+01 -0.15174931E+01
  0.39687714E+01  0.44920973E+02  0.00000000E+00  0.10000000E+01 -0.12839449E+01  0.18000000E+00  0.27000704E+01  0.20357521E+00  0.20556203E+01  0.17624551E+01 -0.14532496E+01
  0.39828951E+01  0.44893599E+02  0.00000000E+00  0.10000000E+01 -0.12819880E+01  0.18000000E+00  0.25730659E+01  0.20357521E+00  0.19664898E+01  0.16718340E+01 -0.13833858E+01
  0.39970188E+01  0.44857374E+02  0.00000000E+00  0.10000000E+01 -0.12803579E+01  0.18000000E+00  0.24013806E+01  0.20357521E+00  0.18458447E+01  0.15494931E+01 -0.12931430E+01
  0.40111426E+01  0.44809897E+02  0.00000000E+00  0.10000000E+01 -0.12791042E+01  0.18000000E+00  0.21897114E+01  0.20357521E+00  0.16969596E+01  0.13987878E+01 -0.11828133E+01
  0.40252663E+01  0.44748422E+02  0.00000000E+00  0.10000000E+01 -0.12783721E+01  0.18000000E+00  0.19682712E+01  0.20357521E+00  0.15411915E+01  0.12410733E+01 -0.10619724E+01
  0.40393901E+01  0.44669999E+02  0.00000000E+00  0.10000000E+01 -0.12781479E+01  0.18000000E+00  0.17228968E+01  0.20357521E+00  0.13683864E+01  0.10664590E+01 -0.93024696E+00
  0.40535138E+01  0.44571712E+02  0.00000000E+00  0.10000000E+01 -0.12783724E+01  0.18000000E+00  0.14709357E+01  0.20357521E+00  0.11907237E+01  0.88728338E+00 -0.79712392E+00
  0.40676376E+01  0.44451011E+02  0.00000000E+00  0.10000000E+01 -0.12789756E+01  0.18000000E+00  0.12509423E+01  0.20357521E+00  0.10355481E+01  0.73071182E+00 -0.68041853E+00
  0.40817613E+01  0.44306074E+02  0.00000000E+00  0.10000000E+01 -0.12797746E+01  0.18000000E+00  0.10807409E+01  0.20357521E+00  0.91559384E+00  0.60920574E+00 -0.59280094E+00
  0.40958850E+01  0.44136113E+02  0.00000000E+00  0.10000000E+01 -0.12805297E+01  0.18000000E+00  0.98000341E+00  0.20357521E+00  0.84509892E+00  0.53633698E+00 -0.54599843E+00
  0.41100088E+01  0.43941507E+02  0.00000000E+00  0.10000000E+01 -0.12810269E+01  0.18000000E+00  0.96348852E+00  0.20357521E+00  0.83502420E+00  0.52200343E+00 -0.54645591E+00
  0.41241325E+01  0.43723745E+02  0.00000000E+00  0.10000000E+01 -0.12810831E+01  0.18000000E+00  0.10268827E+01  0.20357521E+00  0.88281586E+00  0.56264292E+00 -0.59155832E+00
  0.41382563E+01  0.43485158E+02  0.00000000E+00  0.10000000E+01 -0.12805849E+01  0.18000000E+00  0.11504174E+01  0.20357521E+00  0.97478209E+00  0.64397440E+00 -0.67026476E+00
  0.41523800E+01  0.43228576E+02  0.00000000E+00  0.10000000E+01 -0.12795055E+01  0.18000000E+00  0.13096637E+01  0.20357521E+00  0.10936873E+01  0.74867212E+00 -0.76841645E+00
  0.41665037E+01  0.42956970E+02  0.00000000E+00  0.10000000E+01 -0.12778864E+01  0.18000000E+00  0.14812027E+01  0.20357521E+00  0.12227675E+01  0.86037427E+00 -0.87264313E+00
  0.41806275E+01  0.42673177E+02  0.00000000E+00  0.10000000E+01 -0.12758115E+01  0.18000000E+00  0.16456336E+01  0.20357521E+00  0.13479089E+01  0.96576108E+00 -0.97213133E+00
  0.41947512E+01  0.42379729E+02  0.00000000E+00  0.10000000E+01 -0.12733794E+01  0.18000000E+00  0.17904067E+01  0.20357521E+00  0.14597805E+01  0.10564280E+01 -0.10600083E+01
  0.42088750E+01  0.42078776E+02  0.00000000E+00  0.10000000E+01 -0.12706755E+01  0.18000000E+00  0.19110404E+01  0.20357521E+00  0.15548466E+01  0.11295886E+01 -0.11339875E+01
  0.42229987E+01  0.41772070E+02  0.00000000E+00  0.10000000E+01 -0.12677740E+01  0.18000000E+00  0.20047912E+01  0.20357521E+00  0.16307904E+01  0.11837032E+01 -0.11926900E+01
  0.42371225E+01  0.41461005E+02  0.00000000E+00  0.10000000E+01 -0.12647173E+01  0.18000000E+00  0.20752405E+01  0.20357521E+00  0.16899880E+01  0.12214773E+01 -0.12383195E+01
  0.42512462E+01  0.41146666E+02  0.00000000E+00  0.10000000E+01 -0.12615329E+01  0.18000000E+00  0.21239169E+01  0.20357521E+00  0.17333185E+01  0.12442158E+01 -0.12718110E+01
  0.42653699E+01  0.40829883E+02  0.00000000E+00  0.10000000E+01 -0.12582198E+01  0.18000000E+00  0.21554980E+01  0.20357521E+00  0.17640671E+01  0.12552616E+01 -0.12959257E+01
  0.42794937E+01  0.40511283E+02  0.00000000E+00  0.10000000E+01 -0.12547578E+01  0.18000000E+00  0.21730742E+01  0.20357521E+00  0.17843826E+01  0.12568505E+01 -0.13124852E+01
  0.42936174E+01  0.40191340E+02  0.00000000E+00  0.10000000E+01 -0.12511087E+01  0.18000000E+00  0.21797053E+01  0.20357521E+00  0.17964385E+01  0.12511461E+01 -0.13232768E+01
  0.43077412E+01  0.39870403E+02  0.00000000E+00  0.10000000E+01 -0.12472166E+01  0.18000000E+00  0.21786094E+01  0.20357521E+00  0.18025774E+01  0.12403614E+01 -0.13301824E+01
  0.43218649E+01  0.39548735E+02  0.00000000E+00  0.10000000E+01 -0.12430121E+01  0.18000000E+00  0.21712676E+01  0.20357521E+00  0.18038514E+01  0.12255472E+01 -0.13340821E+01
  0.43359886E+01  0.39226529E+02  0.00000000E+00  0.10000000E+01 -0.12384063E+01  0.18000000E+00  0.21601401E+01  0.20357521E+00  0.18020948E+01  0.12083469E+01 -0.13364511E+01
  0.43501124E+01  0.38903928E+02  0.00000000E+00  0.10000000E+01 -0.12332980E+01  0.18000000E+00  0.21462367E+01  0.20357521E+00  0.17980501E+01  0.11894496E+01 -0.13379090E+01
  0.43642361E+01  0.38581035E+02  0.00000000E+00  0.10000000E+01 -0.12275873E+01  0.18000000E+00  0.21296750E+01  0.20357521E+00  0.17917780E+01  0.11689696E+01 -0.13384910E+01
  0.43783599E+01  0.38257930E+02  0.00000000E+00  0.10000000E+01 -0.12211877E+01  0.18000000E+00  0.21125130E+01  0.20357521E+00  0.17848655E+01  0.11482201E+01 -0.13392261E+01
  0.43924836E+01  0.37934668E+02  0.00000000E+00  0.10000000E+01 -0.12140696E+01  0.18000000E+00  0.20924753E+01  0.20357521E+00  0.17755113E+01  0.11258132E+01 -0.13384544E+01
  0.44066073E+01  0.37611291E+02  0.00000000E+00  0.10000000E+01 -0.12062523E+01  0.18000000E+00  0.20708898E+01  0.20357521E+00  0.17647377E+01  0.11026007E+01 -0.13365789E+01
  0.44207311E+01  0.37287830E+02  0.00000000E+00  0.10000000E+01 -0.11977619E+01  0.18000000E+00  0.20470916E+01  0.20357521E+00  0.17520003E+01  0.10782030E+01 -0.13331433E+01
  0.44348548E+01  0.36964307E+02  0.00000000E+00  0.10000000E+01 -0.11884909E+01  0.18000000E+00  0.20216654E+01  0.20357521E+00  0.17377447E+01  0.10530039E+01 -0.13292195E+01
  0.44489786E+01  0.36640739E+02  0.00000000E+00  0.10000000E+01 -0.11780021E+01  0.18000000E+00  0.19989750E+01  0.20357521E+00  0.17254570E+01  0.10296320E+01 -0.13291709E+01
  0.44631023E+01  0.36317138E+02  0.00000000E+00  0.10000000E+01 -0.11653947E+01  0.18000000E+00  0.19826997E+01  0.20357521E+00  0.17181308E+01  0.10102313E+01 -0.13379239E+01
  0.44772261E+01  0.35993512E+02  0.00000000E+00  0.10000000E+01 -0.11492310E+01  0.18000000E+00  0.19821321E+01  0.20357521E+00  0.17233503E+01  0.10001771E+01 -0.13643455E+01
  0.44913498E+01  0.35669869E+02  0.00000000E+00  0.10000000E+01 -0.11290412E+01  0.18000000E+00  0.19907272E+01  0.20357521E+00  0.17359550E+01  0.99543855E+00 -0.13995502E+01
  0.45054735E+01  0.35346212E+02  0.00000000E+00  0.10000000E+01 -0.11061368E+01  0.18000000E+00  0.19906053E+01  0.20357521E+00  0.17414510E+01  0.98554599E+00 -0.14224514E+01
  0.45195973E+01  0.35022546E+02  0.00000000E+00  0.10000000E+01 -0.10809672E+01  0.18000000E+00  0.19886635E+01  0.20357521E+00  0.17454003E+01  0.97457839E+00 -0.14419653E+01
  0.45337210E+01  0.34698873E+02  0.00000000E+00  0.10000000E+01 -0.10543707E+01  0.18000000E+00  0.19771982E+01  0.20357521E+00  0.17414518E+01  0.95817610E+00 -0.14509024E+01
  0.45478448E+01  0.34375195E+02  0.00000000E+00  0.10000000E+01 -0.10266165E+01  0.18000000E+00  0.19610525E+01  0.20357521E+00  0.17335109E+01  0.93920692E+00 -0.14549371E+01
  0.45619685E+01  0.34051513E+02  0.00000000E+00  0.10000000E+01 -0.99778187E+00  0.18000000E+00  0.19404106E+01  0.20357521E+00  0.17216866E+01  0.91784064E+00 -0.14553777E+01
  0.45760922E+01  0.33727828E+02  0.00000000E+00  0.10000000E+01 -0.96779865E+00  0.17993248E+00  0.19196108E+01  0.20342251E+00  0.17094607E+01  0.89667757E+00 -0.14565015E+01
  0.45902160E+01  0.33404141E+02  0.00000000E+00  0.10000000E+01 -0.93665280E+00  0.17965470E+00  0.19017922E+01  0.20279491E+00  0.16992784E+01  0.87771990E+00 -0.14608781E+01
  0.46043397E+01  0.33080453E+02  0.00000000E+00  0.10000000E+01 -0.90423553E+00  0.17923462E+00  0.18886851E+01  0.20184763E+00  0.16927103E+01  0.86174567E+00 -0.14683995E+01
  0.46184635E+01  0.32756763E+02  0.00000000E+00  0.10000000E+01 -0.87044493E+00  0.17872713E+00  0.18843202E+01  0.20070622E+00  0.16932633E+01  0.85076724E+00 -0.14818943E+01
  0.46325872E+01  0.32433073E+02  0.00000000E+00  0.10000000E+01 -0.83542024E+00  0.17815756E+00  0.18857185E+01  0.19942905E+00  0.16985378E+01  0.84301558E+00 -0.14985946E+01
  0.46467110E+01  0.32109383E+02  0.00000000E+00  0.10000000E+01 -0.79933838E+00  0.17754256E+00  0.18922594E+01  0.19805455E+00  0.17080831E+01  0.83804739E+00 -0.15178558E+01
  0.46608347E+01  0.31785691E+02  0.00000000E+00  0.10000000E+01 -0.76252650E+00  0.17688812E+00  0.18982628E+01  0.19659715E+00  0.17171257E+01  0.83278531E+00 -0.15349647E+01
  0.46749584E+01  0.31462000E+02  0.00000000E+00  0.10000000E+01 -0.72585444E+00  0.17619418E+00  0.18978637E+01  0.19505765E+00  0.17206591E+01  0.82417610E+00 -0.15427477E+01
  0.46890822E+01  0.31138308E+02  0.00000000E+00  0.10000000E+01 -0.68990218E+00  0.17545287E+00  0.18862491E+01  0.19341975E+00  0.17144997E+01  0.80983811E+00 -0.15391791E+01
  0.47032059E+01  0.30814616E+02  0.00000000E+00  0.10000000E+01 -0.65408050E+00  0.17466560E+00  0.18728950E+01  0.19168788E+00  0.17066914E+01  0.79478575E+00 -0.15365724E+01
  0.47173297E+01  0.30490924E+02  0.00000000E+00  0.10000000E+01 -0.61778389E+00  0.17383127E+00  0.18553387E+01  0.18986097E+00  0.16950989E+01  0.77779736E+00 -0.15332445E+01
  0.47314534E+01  0.30167232E+02  0.00000000E+00  0.10000000E+01 -0.58051298E+00  0.17297747E+00  0.18573265E+01  0.18800049E+00  0.17002496E+01  0.77081596E+00 -0.15451567E+01
  0.47455771E+01  0.29843540E+02  0.00000000E+00  0.10000000E+01 -0.54244763E+00  0.17210914E+00  0.18603525E+01  0.18611773E+00  0.17062649E+01  0.76433706E+00 -0.15565882E+01
  0.47597009E+01  0.29519848E+02  0.00000000E+00  0.10000000E+01 -0.50369223E+00  0.17122351E+00  0.18651627E+01  0.18420723E+00  0.17138003E+01  0.75871802E+00 -0.15704533E+01
  0.47738246E+01  0.29196155E+02  0.00000000E+00  0.10000000E+01 -0.46483792E+00  0.17030250E+00  0.18549214E+01  0.18223086E+00  0.17081550E+01  0.74575340E+00 -0.15721459E+01
  0.47879484E+01  0.28872463E+02  0.00000000E+00  0.10000000E+01 -0.42563119E+00  0.16934392E+00  0.18403272E+01  0.18018519E+00  0.16985729E+01  0.73083571E+00 -0.15713471E+01
  0.48020721E+01  0.28548771E+02  0.00000000E+00  0.10000000E+01 -0.38582794E+00  0.16835357E+00  0.18330664E+01  0.17808385E+00  0.16952924E+01  0.71960389E+00 -0.15765369E+01
  0.48161959E+01  0.28225078E+02  0.00000000E+00  0.10000000E+01 -0.34655820E+00  0.16730753E+00  0.18007110E+01  0.17587772E+00  0.16697792E+01  0.69665664E+00 -0.15574794E+01
  0.48303196E+01  0.27901386E+02  0.00000000E+00  0.10000000E+01 -0.30793460E+00  0.16621167E+00  0.17699791E+01  0.17358130E+00  0.16454542E+01  0.67486063E+00 -0.15378803E+01
  0.48444433E+01  0.27577694E+02  0.00000000E+00  0.10000000E+01 -0.26945616E+00  0.16507770E+00  0.17459015E+01  0.17122086E+00  0.16268058E+01  0.65649943E+00 -0.15239225E+01
  0.48585671E+01  0.27254001E+02  0.00000000E+00  0.10000000E+01 -0.23065240E+00  0.16388395E+00  0.17200942E+01  0.16875347E+00  0.16064165E+01  0.63767373E+00 -0.15153194E+01
  0.48726908E+01  0.26930309E+02  0.00000000E+00  0.10000000E+01 -0.19078222E+00  0.16265218E+00  0.17153228E+01  0.16622626E+00  0.16045948E+01  0.62868031E+00 -0.15267285E+01
  0.48868146E+01  0.26606617E+02  0.00000000E+00  0.10000000E+01 -0.15060817E+00  0.16140305E+00  0.17108113E+01  0.16368291E+00  0.16029481E+01  0.61985870E+00 -0.15314622E+01
  0.49009383E+01  0.26282924E+02  0.00000000E+00  0.10000000E+01 -0.11085385E+00  0.16011593E+00  0.16825126E+01  0.16108272E+00  0.15798999E+01  0.60059357E+00 -0.15147372E+01
  0.49150620E+01  0.25959232E+02  0.00000000E+00  0.10000000E+01 -0.71608816E-01  0.15878896E+00  0.16509095E+01  0.15842383E+00  0.15536893E+01  0.58021535E+00 -0.14944263E+01
  0.49291858E+01  0.25635540E+02  0.00000000E+00  0.10000000E+01 -0.33232093E-01  0.15741399E+00  0.16165645E+01  0.15569208E+00  0.15247963E+01  0.55903226E+00 -0.14709396E+01
  0.49433095E+01  0.25311847E+02  0.00000000E+00  0.10000000E+01  0.38774179E-02  0.15602332E+00  0.16093749E+01  0.15295333E+00  0.15202599E+01  0.54981098E+00 -0.14630585E+01
  0.49574333E+01  0.24988155E+02  0.00000000E+00  0.10000000E+01  0.38503380E-01  0.15459020E+00  0.15816018E+01  0.15015638E+00  0.14969868E+01  0.53201645E+00 -0.14358802E+01
  0.49715570E+01  0.24664462E+02  0.00000000E+00  0.10000000E+01  0.69334461E-01  0.15311035E+00  0.15430156E+01  0.14729532E+00  0.14637088E+01  0.51004867E+00 -0.13930152E+01
  0.49856808E+01  0.24340770E+02  0.00000000E+00  0.10000000E+01  0.96024109E-01  0.15158032E+00  0.15013966E+01  0.14436620E+00  0.14274401E+01  0.48728629E+00 -0.13471984E+01
  0.49998045E+01  0.24017078E+02  0.00000000E+00  0.10000000E+01  0.11951345E+00  0.14998091E+00  0.14541524E+01  0.14133569E+00  0.13857829E+01  0.46275359E+00 -0.13058129E+01
  0.50139282E+01  0.23693385E+02  0.00000000E+00  0.10000000E+01  0.14272556E+00  0.14843736E+00  0.15012241E+01  0.13844151E+00  0.14303160E+01  0.47648285E+00 -0.13400314E+01
  0.50280520E+01  0.23369693E+02  0.00000000E+00  0.10000000E+01  0.16195894E+00  0.14680871E+00  0.14208848E+01  0.13542023E+00  0.13580380E+01  0.43930061E+00 -0.12676078E+01
  0.50421757E+01  0.23046001E+02  0.00000000E+00  0.10000000E+01  0.18030499E+00  0.14527529E+00  0.14783680E+01  0.13260607E+00  0.14122920E+01  0.45671393E+00 -0.12994422E+01
  0.50562995E+01  0.22722308E+02  0.00000000E+00  0.10000000E+01  0.19968476E+00  0.14372955E+00  0.14625789E+01  0.12979920E+00  0.13992018E+01  0.44521814E+00 -0.12939291E+01
  0.50704232E+01  0.22398616E+02  0.00000000E+00  0.10000000E+01  0.22123819E+00  0.14216389E+00  0.14492247E+01  0.12698676E+00  0.13882764E+01  0.43481799E+00 -0.12970876E+01
  0.50845469E+01  0.22074923E+02  0.00000000E+00  0.10000000E+01  0.24288115E+00  0.14063767E+00  0.14717605E+01  0.12427484E+00  0.14105753E+01  0.43795049E+00 -0.13102575E+01
  0.50986707E+01  0.21751231E+02  0.00000000E+00  0.10000000E+01  0.26515458E+00  0.13905390E+00  0.14289548E+01  0.12149160E+00  0.13722375E+01  0.41669678E+00 -0.12871530E+01
  0.51127944E+01  0.21427539E+02  0.00000000E+00  0.10000000E+01  0.27978593E+00  0.13730416E+00  0.12762694E+01  0.11845333E+00  0.12313280E+01  0.35598632E+00 -0.11442488E+01
  0.51269182E+01  0.21103846E+02  0.00000000E+00  0.10000000E+01  0.28460359E+00  0.13546281E+00  0.11651120E+01  0.11529755E+00  0.11284812E+01  0.31194512E+00 -0.10138939E+01
  0.51410419E+01  0.20780154E+02  0.00000000E+00  0.10000000E+01  0.28857389E+00  0.13360324E+00  0.11370006E+01  0.11215377E+00  0.11028275E+01  0.29853066E+00 -0.99002663E+00
  0.51551656E+01  0.20456462E+02  0.00000000E+00  0.10000000E+01  0.29254026E+00  0.13171820E+00  0.11048683E+01  0.10901129E+00  0.10732921E+01  0.28400973E+00 -0.96698094E+00
  0.51692894E+01  0.20132769E+02  0.00000000E+00  0.10000000E+01  0.29337971E+00  0.12982018E+00  0.10769754E+01  0.10589229E+00  0.10476173E+01  0.27126941E+00 -0.93000226E+00
  0.51834131E+01  0.19809077E+02  0.00000000E+00  0.10000000E+01  0.29273802E+00  0.12795559E+00  0.10873414E+01  0.10287228E+00  0.10578623E+01  0.27170082E+00 -0.92701988E+00
  0.51975369E+01  0.19485385E+02  0.00000000E+00  0.10000000E+01  0.29223941E+00  0.12607200E+00  0.10651450E+01  0.99865894E-01  0.10374524E+01  0.26115035E+00 -0.91351740E+00
  0.52116606E+01  0.19161692E+02  0.00000000E+00  0.10000000E+01  0.29235046E+00  0.12419573E+00  0.10564953E+01  0.96915494E-01  0.10297723E+01  0.25523292E+00 -0.90940551E+00
  0.52257844E+01  0.18838000E+02  0.00000000E+00  0.10000000E+01  0.29192458E+00  0.12238488E+00  0.10783732E+01  0.94109915E-01  0.10509979E+01  0.25913071E+00 -0.91627530E+00
  0.52399081E+01  0.18514307E+02  0.00000000E+00  0.10000000E+01  0.28300806E+00  0.12048703E+00  0.96778660E+00  0.91213788E-01  0.94666238E+00  0.22081940E+00 -0.79354507E+00
  0.52540318E+01  0.18190615E+02  0.00000000E+00  0.10000000E+01  0.27292602E+00  0.11862112E+00  0.96794850E+00  0.88410521E-01  0.94717347E+00  0.21818146E+00 -0.78423625E+00
  0.52681556E+01  0.17866923E+02  0.00000000E+00  0.10000000E+01  0.27430868E+00  0.11691057E+00  0.10972812E+01  0.85879086E-01  0.10707095E+01  0.25491652E+00 -0.92925992E+00
  0.52822793E+01  0.17543230E+02  0.00000000E+00  0.10000000E+01  0.27693348E+00  0.11515693E+00  0.10433788E+01  0.83322071E-01  0.10199664E+01  0.23505404E+00 -0.89444967E+00
  0.52964031E+01  0.17219538E+02  0.00000000E+00  0.10000000E+01  0.26492009E+00  0.11313452E+00  0.77647089E+00  0.80421135E-01  0.76547487E+00  0.15304517E+00 -0.63281994E+00
  0.53105268E+01  0.16895846E+02  0.00000000E+00  0.10000000E+01  0.24284559E+00  0.11103174E+00  0.65059357E+00  0.77459402E-01  0.64502272E+00  0.11496801E+00 -0.48628062E+00
  0.53246505E+01  0.16572153E+02  0.00000000E+00  0.10000000E+01  0.22423632E+00  0.10900495E+00  0.68464765E+00  0.74657308E-01  0.67750223E+00  0.12372082E+00 -0.52255763E+00
  0.53387743E+01  0.16248461E+02  0.00000000E+00  0.10000000E+01  0.21006801E+00  0.10705121E+00  0.72465562E+00  0.72005061E-01  0.71585822E+00  0.13363200E+00 -0.56962975E+00
  0.53528980E+01  0.15924769E+02  0.00000000E+00  0.10000000E+01  0.18994474E+00  0.10504421E+00  0.63941470E+00  0.69330461E-01  0.63389829E+00  0.10876963E+00 -0.47583307E+00
  0.53670218E+01  0.15601076E+02  0.00000000E+00  0.10000000E+01  0.17409468E+00  0.10312041E+00  0.68755381E+00  0.66814256E-01  0.68019150E+00  0.12055664E+00 -0.52827488E+00
  0.53811455E+01  0.15277384E+02  0.00000000E+00  0.10000000E+01  0.17798763E+00  0.10143105E+00  0.88904212E+00  0.64643037E-01  0.87465765E+00  0.17189711E+00 -0.76529661E+00
  0.53952693E+01  0.14953692E+02  0.00000000E+00  0.10000000E+01  0.18213479E+00  0.99728055E-01  0.85397592E+00  0.62490583E-01  0.84118073E+00  0.15998416E+00 -0.73943176E+00
  0.54093930E+01  0.14630000E+02  0.00000000E+00  0.10000000E+01  0.18677402E+00  0.98031604E-01  0.83803096E+00  0.60382640E-01  0.82611073E+00  0.15324167E+00 -0.72876800E+00
  0.54235167E+01  0.14306308E+02  0.00000000E+00  0.10000000E+01  0.19190891E+00  0.96334292E-01  0.81704211E+00  0.58309820E-01  0.80611313E+00  0.14539422E+00 -0.71500472E+00
  0.54376405E+01  0.13982616E+02  0.00000000E+00  0.10000000E+01  0.19630077E+00  0.94605373E-01  0.76774021E+00  0.56235620E-01  0.75857943E+00  0.13093784E+00 -0.67513713E+00
  0.54517642E+01  0.13658924E+02  0.00000000E+00  0.10000000E+01  0.19675539E+00  0.92804376E-01  0.67804245E+00  0.54114891E-01  0.67164528E+00  0.10752957E+00 -0.59091259E+00
  0.54658880E+01  0.13335232E+02  0.00000000E+00  0.10000000E+01  0.19578592E+00  0.90969173E-01  0.62243266E+00  0.51995813E-01  0.61764289E+00  0.92969063E-01 -0.54313049E+00
  0.54800117E+01  0.13011541E+02  0.00000000E+00  0.10000000E+01  0.19767537E+00  0.89146653E-01  0.61299162E+00  0.49933265E-01  0.60849524E+00  0.89362207E-01 -0.54916390E+00
  0.54941354E+01  0.12687850E+02  0.00000000E+00  0.10000000E+01  0.19916391E+00  0.87295279E-01  0.56288526E+00  0.47880799E-01  0.55965675E+00  0.76920139E-01 -0.51025787E+00
  0.55082592E+01  0.12364160E+02  0.00000000E+00  0.10000000E+01  0.19633661E+00  0.85380906E-01  0.47738032E+00  0.45803788E-01  0.47611586E+00  0.57477320E-01 -0.42707729E+00
  0.55223829E+01  0.12040470E+02  0.00000000E+00  0.10000000E+01  0.18922361E+00  0.83400793E-01  0.38994084E+00  0.43703905E-01  0.39047908E+00  0.38600211E-01 -0.34292600E+00
  0.55365067E+01  0.11716781E+02  0.00000000E+00  0.10000000E+01  0.18123813E+00  0.81397565E-01  0.34405200E+00  0.41629645E-01  0.34533702E+00  0.29105823E-01 -0.30530622E+00
  0.55506304E+01  0.11393094E+02  0.00000000E+00  0.10000000E+01  0.17750069E+00  0.79419328E-01  0.34888575E+00  0.39630750E-01  0.34983958E+00  0.30068783E-01 -0.32940611E+00
  0.55647542E+01  0.11069408E+02  0.00000000E+00  0.10000000E+01  0.17467165E+00  0.77418628E-01  0.30875599E+00  0.37659177E-01  0.31024217E+00  0.22321993E-01 -0.30538856E+00
  0.55788779E+01  0.10745725E+02  0.00000000E+00  0.10000000E+01  0.17113654E+00  0.75376050E-01  0.25033043E+00  0.35698225E-01  0.25259668E+00  0.11602062E-01 -0.26082054E+00
  0.55930016E+01  0.10422045E+02  0.00000000E+00  0.10000000E+01  0.16641991E+00  0.73288694E-01  0.18787810E+00  0.33748451E-01  0.19088349E+00  0.79502473E-03 -0.21103219E+00
  0.56071254E+01  0.10098370E+02  0.00000000E+00  0.10000000E+01  0.16036886E+00  0.71160855E-01  0.12901701E+00  0.31817217E-01  0.13259709E+00 -0.87026325E-02 -0.16329230E+00
  0.56212491E+01  0.97747011E+01  0.00000000E+00  0.10000000E+01  0.15377257E+00  0.68999901E-01  0.79016068E-01  0.29914160E-01  0.82947646E-01 -0.16064991E-01 -0.12620132E+00
  0.56353729E+01  0.94510406E+01  0.00000000E+00  0.10000000E+01  0.14703329E+00  0.66808098E-01  0.31838650E-01  0.28043880E-01  0.36011419E-01 -0.22435162E-01 -0.93274073E-01
  0.56494966E+01  0.91273919E+01  0.00000000E+00  0.10000000E+01  0.14038509E+00  0.64583490E-01 -0.15112300E-01  0.26207337E-01 -0.10763676E-01 -0.28272768E-01 -0.62074506E-01
  0.56636203E+01  0.88037589E+01  0.00000000E+00  0.10000000E+01  0.13356748E+00  0.62322930E-01 -0.64688959E-01  0.24404819E-01 -0.60191642E-01 -0.34017979E-01 -0.27907202E-01
  0.56777441E+01  0.84801477E+01  0.00000000E+00  0.10000000E+01  0.12633008E+00  0.60025303E-01 -0.11462695E+00  0.22638549E-01 -0.11003531E+00 -0.39294704E-01  0.74212869E-02
  0.56918678E+01  0.81565660E+01  0.00000000E+00  0.10000000E+01  0.11854183E+00  0.57689452E-01 -0.16405994E+00  0.20910899E-01 -0.15943351E+00 -0.43975957E-01  0.42494114E-01
  0.57059916E+01  0.78330246E+01  0.00000000E+00  0.10000000E+01  0.11031570E+00  0.55319292E-01 -0.20925179E+00  0.19227955E-01 -0.20467885E+00 -0.47566765E-01  0.73602909E-01
  0.57201153E+01  0.75095382E+01  0.00000000E+00  0.10000000E+01  0.10198420E+00  0.52916256E-01 -0.25091698E+00  0.17593737E-01 -0.24646555E+00 -0.50235490E-01  0.99950574E-01
  0.57342391E+01  0.71861268E+01  0.00000000E+00  0.10000000E+01  0.93633509E-01  0.50481124E-01 -0.29154682E+00  0.16011717E-01 -0.28725377E+00 -0.52356415E-01  0.12486625E+00
  0.57483628E+01  0.68628176E+01  0.00000000E+00  0.10000000E+01  0.85223058E-01  0.48012452E-01 -0.33250429E+00  0.14483971E-01 -0.32839120E+00 -0.54111984E-01  0.14980605E+00
  0.57624865E+01  0.65396478E+01  0.00000000E+00  0.10000000E+01  0.76791312E-01  0.45513410E-01 -0.37108344E+00  0.13015433E-01 -0.36718657E+00 -0.55193708E-01  0.17273950E+00
  0.57766103E+01  0.62166681E+01  0.00000000E+00  0.10000000E+01  0.68379734E-01  0.42986959E-01 -0.40738046E+00  0.11610564E-01 -0.40372756E+00 -0.55656934E-01  0.19372107E+00
  0.57907340E+01  0.58939473E+01  0.00000000E+00  0.10000000E+01  0.59999971E-01  0.40435994E-01 -0.44158834E+00  0.10273445E-01 -0.43819900E+00 -0.55564721E-01  0.21306815E+00
  0.58048578E+01  0.55715790E+01  0.00000000E+00  0.10000000E+01  0.51504083E-01  0.37865216E-01 -0.47409228E+00  0.90086718E-02 -0.47097787E+00 -0.54995361E-01  0.23220565E+00
  0.58189815E+01  0.52496906E+01  0.00000000E+00  0.10000000E+01  0.42195385E-01  0.35271872E-01 -0.51185356E+00  0.78169424E-02 -0.50899133E+00 -0.54616832E-01  0.25872698E+00
  0.58331052E+01  0.49284546E+01  0.00000000E+00  0.10000000E+01  0.31299336E-01  0.32660542E-01 -0.55062527E+00  0.67023431E-02 -0.54801366E+00 -0.53982730E-01  0.29034411E+00
  0.58472290E+01  0.46081043E+01  0.00000000E+00  0.10000000E+01  0.22144333E-01  0.30086921E-01 -0.54124873E+00  0.56876829E-02 -0.53904221E+00 -0.49153176E-01  0.27220237E+00
