# time bound_circ lift drag moment
0.028601 0.068974 -0.131023 -0.001127 0.066090
0.042902 0.070019 0.232453 0.002928 -0.063362
0.057203 0.080412 0.326518 0.005493 -0.145882
0.071503 0.087712 0.290108 0.006083 -0.119083
0.085804 0.094064 0.275657 0.006918 -0.111053
0.100105 0.099434 0.259546 0.007574 -0.102327
0.114405 0.104049 0.245496 0.008156 -0.095540
0.128706 0.108050 0.232885 0.008667 -0.090032
0.143007 0.111539 0.221427 0.009112 -0.085507
0.157307 0.114592 0.210865 0.009493 -0.081731
0.171608 0.117267 0.201019 0.009812 -0.078541
0.185909 0.119609 0.191758 0.010071 -0.075821
0.200209 0.121655 0.182982 0.010271 -0.073487
0.214510 0.123433 0.174607 0.010412 -0.071471
0.228810 0.124969 0.166560 0.010495 -0.069721
0.243111 0.126283 0.158779 0.010518 -0.068192
0.257412 0.127394 0.151212 0.010480 -0.066849
0.271712 0.128315 0.143816 0.010382 -0.065664
0.286013 0.129060 0.136561 0.010221 -0.064614
0.300314 0.129641 0.129424 0.009997 -0.063683
0.314614 0.130067 0.122387 0.009711 -0.062856
0.328915 0.130347 0.115438 0.009361 -0.062123
0.343216 0.130490 0.108567 0.008948 -0.061475
0.357516 0.130503 0.101767 0.008471 -0.060904
0.371817 0.130392 0.095032 0.007931 -0.060404
0.386118 0.130164 0.088356 0.007328 -0.059969
0.400418 0.129824 0.081736 0.006661 -0.059594
0.414719 0.129377 0.075168 0.005931 -0.059276
0.429020 0.128828 0.068650 0.005138 -0.059009
0.443320 0.128182 0.062179 0.004282 -0.058792
0.457621 0.127443 0.055756 0.003364 -0.058622
0.471922 0.126614 0.049378 0.002383 -0.058495
0.486222 0.125700 0.043046 0.001341 -0.058410
0.500523 0.124704 0.036759 0.000237 -0.058366
0.514824 0.123628 0.030516 -0.000928 -0.058360
0.529124 0.122477 0.024317 -0.002154 -0.058390
0.543425 0.121254 0.018163 -0.003440 -0.058455
0.557726 0.119960 0.012051 -0.004786 -0.058553
0.572026 0.118599 0.005981 -0.006191 -0.058683
0.586327 0.117174 -0.000047 -0.007656 -0.058843
0.600628 0.115686 -0.006035 -0.009180 -0.059032
0.614928 0.114138 -0.011983 -0.010763 -0.059249
0.629229 0.112532 -0.017893 -0.012403 -0.059491
0.643529 0.110871 -0.023765 -0.014102 -0.059759
0.657830 0.109156 -0.029599 -0.015859 -0.060050
0.672131 0.107390 -0.035397 -0.017672 -0.060364
0.686431 0.105574 -0.041157 -0.019543 -0.060700
0.700732 0.103710 -0.046881 -0.021470 -0.061057
0.715033 0.101800 -0.052569 -0.023452 -0.061435
0.729333 0.099845 -0.058219 -0.025490 -0.061832
0.743634 0.097847 -0.063832 -0.027583 -0.062248
0.757935 0.095808 -0.069408 -0.029730 -0.062682
0.772235 0.093729 -0.074945 -0.031930 -0.063134
0.786536 0.091612 -0.080444 -0.034183 -0.063603
0.800837 0.089458 -0.085904 -0.036488 -0.064090
0.815137 0.087269 -0.091325 -0.038844 -0.064592
0.829438 0.085046 -0.096706 -0.041251 -0.065110
0.843739 0.082789 -0.102048 -0.043708 -0.065644
0.858039 0.080502 -0.107349 -0.046215 -0.066192
0.872340 0.078184 -0.112610 -0.048770 -0.066755
0.886641 0.075837 -0.117830 -0.051373 -0.067331
0.900941 0.073463 -0.123009 -0.054023 -0.067921
0.915242 0.071062 -0.128147 -0.056719 -0.068524
0.929543 0.068636 -0.133242 -0.059461 -0.069140
0.943843 0.066186 -0.138296 -0.062247 -0.069769
0.958144 0.063712 -0.143307 -0.065077 -0.070409
0.972445 0.061217 -0.148274 -0.067950 -0.071060
0.986745 0.058700 -0.153199 -0.070866 -0.071723
1.001046 0.056164 -0.158080 -0.073822 -0.072397
1.015347 0.053609 -0.162917 -0.076819 -0.073081
1.029647 0.051036 -0.167710 -0.079856 -0.073776
1.043948 0.048447 -0.172459 -0.082931 -0.074480
1.058248 0.045841 -0.177162 -0.086043 -0.075194
1.072549 0.043221 -0.181821 -0.089193 -0.075916
1.086850 0.040586 -0.186435 -0.092378 -0.076648
1.101150 0.037939 -0.191003 -0.095599 -0.077388
1.115451 0.035279 -0.195526 -0.098853 -0.078136
1.129752 0.032609 -0.200003 -0.102141 -0.078891
1.144052 0.029928 -0.204434 -0.105461 -0.079654
1.158353 0.027237 -0.208819 -0.108812 -0.080424
1.172654 0.024538 -0.213157 -0.112194 -0.081201
1.186954 0.021832 -0.217449 -0.115605 -0.081985
1.201255 0.019118 -0.221695 -0.119044 -0.082774
1.215556 0.016398 -0.225894 -0.122511 -0.083569
1.229856 0.013673 -0.230045 -0.126004 -0.084370
1.244157 0.010943 -0.234150 -0.129522 -0.085176
1.258458 0.008210 -0.238207 -0.133065 -0.085987
1.272758 0.005473 -0.242216 -0.136632 -0.086802
1.287059 0.002734 -0.246178 -0.140220 -0.087622
1.301360 -0.000006 -0.250092 -0.143830 -0.088446
1.315660 -0.002747 -0.253957 -0.147461 -0.089274
1.329961 -0.005488 -0.257775 -0.151110 -0.090105
1.344262 -0.008229 -0.261544 -0.154778 -0.090939
1.358562 -0.010968 -0.265264 -0.158463 -0.091776
1.372863 -0.013705 -0.268936 -0.162165 -0.092615
1.387164 -0.016439 -0.272560 -0.165881 -0.093457
1.401464 -0.019170 -0.276134 -0.169612 -0.094301
1.415765 -0.021897 -0.279660 -0.173355 -0.095147
1.430066 -0.024620 -0.283137 -0.177111 -0.095994
1.444366 -0.027337 -0.286564 -0.180878 -0.096842
1.458667 -0.030048 -0.289943 -0.184654 -0.097691
1.472967 -0.032752 -0.293273 -0.188440 -0.098541
1.487268 -0.035450 -0.296553 -0.192233 -0.099391
1.501569 -0.038139 -0.299784 -0.196033 -0.100241
1.515869 -0.040821 -0.302966 -0.199839 -0.101091
1.530170 -0.043493 -0.306099 -0.203650 -0.101940
1.544471 -0.046156 -0.309183 -0.207464 -0.102789
1.558771 -0.048809 -0.312218 -0.211282 -0.103636
1.573072 -0.051451 -0.315203 -0.215101 -0.104482
1.587373 -0.054083 -0.318140 -0.218921 -0.105326
1.601673 -0.056702 -0.321027 -0.222740 -0.106169
1.615974 -0.059310 -0.323866 -0.226558 -0.107009
1.630275 -0.061904 -0.326656 -0.230374 -0.107847
1.644575 -0.064486 -0.329397 -0.234187 -0.108682
1.658876 -0.067054 -0.332089 -0.237995 -0.109514
1.673177 -0.069608 -0.334733 -0.241798 -0.110343
1.687477 -0.072147 -0.337328 -0.245595 -0.111168
1.701778 -0.074671 -0.339874 -0.249385 -0.111990
1.716079 -0.077180 -0.342372 -0.253166 -0.112807
1.730379 -0.079672 -0.344822 -0.256939 -0.113620
1.744680 -0.082149 -0.347224 -0.260701 -0.114429
1.758981 -0.084608 -0.349578 -0.264452 -0.115233
1.773281 -0.087051 -0.351884 -0.268192 -0.116031
1.787582 -0.089475 -0.354142 -0.271918 -0.116825
1.801883 -0.091882 -0.356353 -0.275631 -0.117612
1.816183 -0.094270 -0.358516 -0.279329 -0.118394
1.830484 -0.096640 -0.360632 -0.283012 -0.119170
1.844784 -0.098990 -0.362701 -0.286678 -0.119940
1.859085 -0.101321 -0.364724 -0.290327 -0.120703
1.873386 -0.103632 -0.366700 -0.293957 -0.121459
1.887686 -0.105923 -0.368630 -0.297569 -0.122209
1.901987 -0.108193 -0.370513 -0.301161 -0.122950
1.916288 -0.110442 -0.372351 -0.304733 -0.123685
1.930588 -0.112671 -0.374143 -0.308283 -0.124412
1.944889 -0.114878 -0.375890 -0.311811 -0.125130
1.959190 -0.117063 -0.377593 -0.315316 -0.125841
1.973490 -0.119226 -0.379250 -0.318798 -0.126543
1.987791 -0.121367 -0.380863 -0.322255 -0.127236
2.002092 -0.123485 -0.382433 -0.325687 -0.127921
2.016392 -0.125581 -0.383958 -0.329094 -0.128596
2.030693 -0.127654 -0.385441 -0.332474 -0.129262
2.044994 -0.129703 -0.386880 -0.335827 -0.129919
2.059294 -0.131729 -0.388277 -0.339153 -0.130565
2.073595 -0.133731 -0.389632 -0.342450 -0.131202
2.087896 -0.135709 -0.390944 -0.345719 -0.131829
2.102196 -0.137664 -0.392216 -0.348958 -0.132445
2.116497 -0.139594 -0.393446 -0.352167 -0.133050
2.130798 -0.141500 -0.394636 -0.355346 -0.133645
2.145098 -0.143381 -0.395786 -0.358494 -0.134229
2.159399 -0.145237 -0.396896 -0.361610 -0.134802
2.173700 -0.147069 -0.397966 -0.364694 -0.135363
2.188000 -0.148875 -0.398998 -0.367746 -0.135913
2.202301 -0.150657 -0.399991 -0.370764 -0.136451
2.216602 -0.152413 -0.400946 -0.373750 -0.136977
2.230902 -0.154144 -0.401864 -0.376702 -0.137491
2.245203 -0.155849 -0.402745 -0.379620 -0.137993
2.259503 -0.157529 -0.403589 -0.382503 -0.138483
2.273804 -0.159183 -0.404398 -0.385352 -0.138959
2.288105 -0.160812 -0.405170 -0.388165 -0.139424
2.302405 -0.162415 -0.405908 -0.390944 -0.139875
2.316706 -0.163992 -0.406612 -0.393686 -0.140313
2.331007 -0.165544 -0.407281 -0.396393 -0.140739
2.345307 -0.167070 -0.407917 -0.399064 -0.141151
2.359608 -0.168570 -0.408520 -0.401699 -0.141549
2.373909 -0.170044 -0.409091 -0.404297 -0.141934
2.388209 -0.171492 -0.409631 -0.406859 -0.142305
2.402510 -0.172914 -0.410139 -0.409384 -0.142662
2.416811 -0.174311 -0.410616 -0.411872 -0.143006
2.431111 -0.175682 -0.411064 -0.414324 -0.143335
2.445412 -0.177027 -0.411482 -0.416739 -0.143650
2.459713 -0.178346 -0.411871 -0.419116 -0.143951
2.474013 -0.179640 -0.412233 -0.421457 -0.144238
2.488314 -0.180909 -0.412566 -0.423762 -0.144509
2.502615 -0.182152 -0.412873 -0.426029 -0.144767
2.516915 -0.183369 -0.413154 -0.428260 -0.145010
2.531216 -0.184561 -0.413409 -0.430454 -0.145237
2.545517 -0.185728 -0.413639 -0.432612 -0.145451
2.559817 -0.186870 -0.413845 -0.434733 -0.145649
2.574118 -0.187987 -0.414027 -0.436818 -0.145832
2.588419 -0.189079 -0.414186 -0.438867 -0.146000
2.602719 -0.190146 -0.414324 -0.440881 -0.146153
2.617020 -0.191189 -0.414439 -0.442859 -0.146290
2.631321 -0.192208 -0.414534 -0.444802 -0.146413
2.645621 -0.193202 -0.414608 -0.446711 -0.146520
2.659922 -0.194172 -0.414663 -0.448584 -0.146612
2.674222 -0.195118 -0.414699 -0.450424 -0.146688
2.688523 -0.196041 -0.414717 -0.452230 -0.146749
2.702824 -0.196940 -0.414718 -0.454002 -0.146794
2.717124 -0.197815 -0.414702 -0.455741 -0.146824
2.731425 -0.198668 -0.414671 -0.457448 -0.146838
2.745726 -0.199498 -0.414624 -0.459123 -0.146837
2.760026 -0.200305 -0.414563 -0.460767 -0.146820
2.774327 -0.201089 -0.414488 -0.462379 -0.146788
2.788628 -0.201851 -0.414401 -0.463961 -0.146740
2.802928 -0.202592 -0.414301 -0.465513 -0.146676
2.817229 -0.203311 -0.414190 -0.467035 -0.146597
2.831530 -0.204008 -0.414068 -0.468529 -0.146502
2.845830 -0.204684 -0.413937 -0.469995 -0.146392
2.860131 -0.205339 -0.413796 -0.471433 -0.146266
2.874432 -0.205974 -0.413647 -0.472845 -0.146124
2.888732 -0.206588 -0.413491 -0.474230 -0.145967
2.903033 -0.207182 -0.413328 -0.475590 -0.145795
2.917334 -0.207757 -0.413159 -0.476926 -0.145607
2.931634 -0.208312 -0.412984 -0.478237 -0.145403
2.945935 -0.208848 -0.412806 -0.479526 -0.145184
2.960236 -0.209366 -0.412623 -0.480792 -0.144950
2.974536 -0.209864 -0.412438 -0.482037 -0.144701
2.988837 -0.210345 -0.412251 -0.483261 -0.144436
3.003138 -0.210808 -0.412063 -0.484465 -0.144157
3.017438 -0.211253 -0.411874 -0.485650 -0.143862
3.031739 -0.211682 -0.411686 -0.486817 -0.143552
3.046040 -0.212093 -0.411499 -0.487967 -0.143227
3.060340 -0.212489 -0.411314 -0.489101 -0.142888
3.074641 -0.212868 -0.411131 -0.490219 -0.142533
3.088941 -0.213231 -0.410952 -0.491323 -0.142164
3.103242 -0.213580 -0.410778 -0.492414 -0.141780
3.117543 -0.213913 -0.410609 -0.493492 -0.141382
3.131843 -0.214232 -0.410446 -0.494559 -0.140969
3.146144 -0.214537 -0.410290 -0.495616 -0.140542
3.160445 -0.214828 -0.410141 -0.496663 -0.140101
3.174745 -0.215106 -0.410001 -0.497701 -0.139645
3.189046 -0.215371 -0.409870 -0.498733 -0.139176
3.203347 -0.215623 -0.409749 -0.499758 -0.138693
3.217647 -0.215863 -0.409639 -0.500778 -0.138196
3.231948 -0.216092 -0.409541 -0.501794 -0.137685
3.246249 -0.216309 -0.409455 -0.502807 -0.137161
3.260549 -0.216515 -0.409382 -0.503818 -0.136623
3.274850 -0.216711 -0.409324 -0.504828 -0.136072
3.289151 -0.216897 -0.409280 -0.505839 -0.135508
3.303451 -0.217073 -0.409253 -0.506851 -0.134931
3.317752 -0.217240 -0.409241 -0.507865 -0.134342
3.332053 -0.217399 -0.409247 -0.508884 -0.133739
3.346353 -0.217549 -0.409272 -0.509907 -0.133124
3.360654 -0.217691 -0.409315 -0.510936 -0.132497
3.374955 -0.217826 -0.409377 -0.511973 -0.131858
3.389255 -0.217954 -0.409460 -0.513018 -0.131206
3.403556 -0.218076 -0.409565 -0.514072 -0.130543
3.417857 -0.218191 -0.409691 -0.515137 -0.129868
3.432157 -0.218301 -0.409841 -0.516214 -0.129181
3.446458 -0.218406 -0.410014 -0.517304 -0.128483
3.460759 -0.218506 -0.410211 -0.518409 -0.127774
3.475059 -0.218601 -0.410434 -0.519529 -0.127054
3.489360 -0.218693 -0.410682 -0.520665 -0.126323
3.503660 -0.218782 -0.410958 -0.521819 -0.125581
3.517961 -0.218868 -0.411260 -0.522992 -0.124829
3.532262 -0.218951 -0.411591 -0.524185 -0.124067
3.546562 -0.219032 -0.411951 -0.525400 -0.123294
3.560863 -0.219112 -0.412341 -0.526637 -0.122512
3.575164 -0.219191 -0.412762 -0.527898 -0.121720
3.589464 -0.219269 -0.413213 -0.529183 -0.120918
3.603765 -0.219348 -0.413697 -0.530495 -0.120107
3.618066 -0.219426 -0.414213 -0.531834 -0.119287
3.632366 -0.219506 -0.414763 -0.533201 -0.118458
3.646667 -0.219586 -0.415347 -0.534597 -0.117621
3.660968 -0.219669 -0.415966 -0.536024 -0.116775
3.675268 -0.219753 -0.416621 -0.537483 -0.115920
3.689569 -0.219841 -0.417312 -0.538975 -0.115058
3.703870 -0.219931 -0.418040 -0.540500 -0.114188
3.718170 -0.220025 -0.418806 -0.542061 -0.113310
3.732471 -0.220123 -0.419610 -0.543658 -0.112424
3.746772 -0.220226 -0.420454 -0.545292 -0.111532
3.761072 -0.220333 -0.421337 -0.546964 -0.110632
3.775373 -0.220446 -0.422261 -0.548676 -0.109726
3.789674 -0.220565 -0.423227 -0.550428 -0.108813
3.803974 -0.220690 -0.424234 -0.552222 -0.107894
3.818275 -0.220822 -0.425283 -0.554058 -0.106969
3.832576 -0.220961 -0.426376 -0.555938 -0.106037
3.846876 -0.221107 -0.427513 -0.557863 -0.105101
3.861177 -0.221262 -0.428694 -0.559832 -0.104158
3.875478 -0.221425 -0.429921 -0.561849 -0.103211
3.889778 -0.221597 -0.431193 -0.563913 -0.102258
3.904079 -0.221779 -0.432512 -0.566025 -0.101301
3.918379 -0.221971 -0.433877 -0.568186 -0.100339
3.932680 -0.222172 -0.435290 -0.570397 -0.099373
3.946981 -0.222385 -0.436752 -0.572660 -0.098403
3.961281 -0.222608 -0.438262 -0.574974 -0.097428
3.975582 -0.222843 -0.439822 -0.577342 -0.096451
3.989883 -0.223090 -0.441431 -0.579762 -0.095469
4.004183 -0.223350 -0.443091 -0.582238 -0.094485
4.018484 -0.223622 -0.444802 -0.584768 -0.093498
4.032785 -0.223908 -0.446565 -0.587354 -0.092508
4.047085 -0.224206 -0.448380 -0.589997 -0.091515
4.061386 -0.224519 -0.450248 -0.592697 -0.090520
4.075687 -0.224847 -0.452169 -0.595455 -0.089524
4.089987 -0.225189 -0.454143 -0.598272 -0.088525
4.104288 -0.225546 -0.456172 -0.601148 -0.087525
4.118589 -0.225919 -0.458256 -0.604085 -0.086523
4.132889 -0.226308 -0.460394 -0.607082 -0.085520
4.147190 -0.226713 -0.462589 -0.610140 -0.084517
4.161491 -0.227135 -0.464839 -0.613259 -0.083512
4.175791 -0.227574 -0.467147 -0.616441 -0.082507
4.190092 -0.228030 -0.469511 -0.619686 -0.081502
4.204393 -0.228504 -0.471933 -0.622993 -0.080497
4.218693 -0.228996 -0.474413 -0.626365 -0.079492
4.232994 -0.229507 -0.476951 -0.629800 -0.078488
4.247295 -0.230036 -0.479547 -0.633300 -0.077484
4.261595 -0.230585 -0.482203 -0.636864 -0.076481
4.275896 -0.231153 -0.484919 -0.640494 -0.075479
4.290197 -0.231741 -0.487694 -0.644189 -0.074478
4.304497 -0.232349 -0.490530 -0.647950 -0.073479
4.318798 -0.232977 -0.493426 -0.651776 -0.072481
4.333098 -0.233627 -0.496383 -0.655669 -0.071485
4.347399 -0.234297 -0.499401 -0.659628 -0.070492
4.361700 -0.234988 -0.502481 -0.663653 -0.069501
4.376000 -0.235702 -0.505622 -0.667745 -0.068512
4.390301 -0.236437 -0.508826 -0.671903 -0.067526
4.404602 -0.237194 -0.512092 -0.676128 -0.066543
4.418902 -0.237974 -0.515421 -0.680420 -0.065563
4.433203 -0.238777 -0.518813 -0.684779 -0.064586
4.447504 -0.239602 -0.522268 -0.689204 -0.063613
4.461804 -0.240451 -0.525786 -0.693696 -0.062644
4.476105 -0.241324 -0.529368 -0.698254 -0.061678
4.490406 -0.242220 -0.533013 -0.702879 -0.060717
4.504706 -0.243140 -0.536723 -0.707569 -0.059760
4.519007 -0.244085 -0.540497 -0.712326 -0.058807
4.533308 -0.245054 -0.544334 -0.717149 -0.057860
4.547608 -0.246048 -0.548237 -0.722037 -0.056916
4.561909 -0.247066 -0.552204 -0.726990 -0.055978
4.576210 -0.248110 -0.556235 -0.732009 -0.055045
4.590510 -0.249179 -0.560331 -0.737091 -0.054118
4.604811 -0.250273 -0.564492 -0.742238 -0.053196
4.619112 -0.251393 -0.568718 -0.747449 -0.052280
4.633412 -0.252539 -0.573009 -0.752723 -0.051369
4.647713 -0.253711 -0.577364 -0.758059 -0.050465
4.662014 -0.254910 -0.581785 -0.763458 -0.049567
4.676314 -0.256134 -0.586271 -0.768919 -0.048675
4.690615 -0.257385 -0.590821 -0.774440 -0.047790
4.704915 -0.258663 -0.595437 -0.780022 -0.046911
4.719216 -0.259967 -0.600117 -0.785664 -0.046040
4.733517 -0.261299 -0.604862 -0.791364 -0.045175
4.747817 -0.262657 -0.609672 -0.797124 -0.044317
4.762118 -0.264042 -0.614547 -0.802940 -0.043467
4.776419 -0.265455 -0.619486 -0.808814 -0.042624
4.790719 -0.266895 -0.624490 -0.814743 -0.041788
4.805020 -0.268363 -0.629558 -0.820728 -0.040960
4.819321 -0.269858 -0.634690 -0.826767 -0.040141
4.833621 -0.271380 -0.639886 -0.832859 -0.039329
4.847922 -0.272931 -0.645146 -0.839004 -0.038525
4.862223 -0.274508 -0.650469 -0.845199 -0.037729
4.876523 -0.276114 -0.655856 -0.851446 -0.036941
4.890824 -0.277748 -0.661306 -0.857741 -0.036162
4.905125 -0.279409 -0.666818 -0.864085 -0.035392
4.919425 -0.281099 -0.672393 -0.870476 -0.034630
4.933726 -0.282816 -0.678030 -0.876913 -0.033877
4.948027 -0.284561 -0.683729 -0.883395 -0.033133
4.962327 -0.286334 -0.689490 -0.889920 -0.032397
4.976628 -0.288135 -0.695312 -0.896488 -0.031671
4.990929 -0.289964 -0.701195 -0.903097 -0.030954
5.005229 -0.291821 -0.707138 -0.909746 -0.030246
5.019530 -0.293706 -0.713141 -0.916433 -0.029548
5.033831 -0.295618 -0.719204 -0.923158 -0.028859
5.048131 -0.297559 -0.725326 -0.929918 -0.028179
5.062432 -0.299527 -0.731507 -0.936713 -0.027509
5.076733 -0.301523 -0.737746 -0.943541 -0.026849
5.091033 -0.303546 -0.744043 -0.950400 -0.026199
5.105334 -0.305598 -0.750397 -0.957289 -0.025558
5.119634 -0.307677 -0.756807 -0.964207 -0.024927
5.133935 -0.309783 -0.763274 -0.971152 -0.024306
5.148236 -0.311916 -0.769796 -0.978122 -0.023695
5.162536 -0.314077 -0.776373 -0.985116 -0.023095
5.176837 -0.316265 -0.783005 -0.992132 -0.022504
5.191138 -0.318480 -0.789690 -0.999169 -0.021923
5.205438 -0.320722 -0.796428 -1.006225 -0.021353
5.219739 -0.322991 -0.803219 -1.013298 -0.020793
5.234040 -0.325286 -0.810061 -1.020387 -0.020243
5.248340 -0.327608 -0.816954 -1.027490 -0.019704
5.262641 -0.329956 -0.823897 -1.034604 -0.019175
5.276942 -0.332331 -0.830890 -1.041730 -0.018656
5.291242 -0.334731 -0.837931 -1.048863 -0.018148
5.305543 -0.337158 -0.845021 -1.056004 -0.017651
5.319844 -0.339610 -0.852157 -1.063149 -0.017163
5.334144 -0.342088 -0.859340 -1.070297 -0.016687
5.348445 -0.344590 -0.866568 -1.077447 -0.016221
5.362746 -0.347118 -0.873841 -1.084596 -0.015765
5.377046 -0.349671 -0.881157 -1.091742 -0.015320
5.391347 -0.352249 -0.888516 -1.098884 -0.014885
5.405648 -0.354851 -0.895917 -1.106020 -0.014462
5.419948 -0.357477 -0.903359 -1.113147 -0.014048
5.434249 -0.360127 -0.910841 -1.120264 -0.013645
5.448550 -0.362801 -0.918362 -1.127369 -0.013253
5.462850 -0.365499 -0.925921 -1.134460 -0.012872
5.477151 -0.368219 -0.933517 -1.141534 -0.012501
5.491452 -0.370963 -0.941148 -1.148590 -0.012140
5.505752 -0.373729 -0.948815 -1.155626 -0.011790
5.520053 -0.376518 -0.956515 -1.162640 -0.011451
5.534353 -0.379329 -0.964248 -1.169630 -0.011122
5.548654 -0.382162 -0.972013 -1.176593 -0.010803
5.562955 -0.385016 -0.979808 -1.183528 -0.010495
5.577255 -0.387892 -0.987633 -1.190432 -0.010197
5.591556 -0.390788 -0.995485 -1.197304 -0.009910
5.605857 -0.393705 -1.003365 -1.204141 -0.009633
5.620157 -0.396642 -1.011270 -1.210942 -0.009366
5.634458 -0.399600 -1.019200 -1.217705 -0.009110
5.648759 -0.402577 -1.027154 -1.224426 -0.008864
5.663059 -0.405573 -1.035129 -1.231105 -0.008628
5.677360 -0.408588 -1.043126 -1.237738 -0.008402
5.691661 -0.411621 -1.051141 -1.244325 -0.008186
5.705961 -0.414673 -1.059176 -1.250863 -0.007980
5.720262 -0.417743 -1.067227 -1.257349 -0.007785
5.734563 -0.420830 -1.075294 -1.263782 -0.007599
5.748863 -0.423934 -1.083375 -1.270160 -0.007423
5.763164 -0.427055 -1.091469 -1.276481 -0.007257
5.777465 -0.430192 -1.099574 -1.282742 -0.007100
5.791765 -0.433345 -1.107690 -1.288942 -0.006954
5.806066 -0.436514 -1.115815 -1.295078 -0.006817
5.820367 -0.439698 -1.123947 -1.301148 -0.006689
5.834667 -0.442896 -1.132085 -1.307151 -0.006571
5.848968 -0.446109 -1.140227 -1.313084 -0.006462
5.863269 -0.449336 -1.148372 -1.318945 -0.006363
5.877569 -0.452576 -1.156519 -1.324733 -0.006273
5.891870 -0.455829 -1.164666 -1.330444 -0.006192
5.906171 -0.459094 -1.172812 -1.336078 -0.006120
5.920471 -0.462372 -1.180955 -1.341633 -0.006058
5.934772 -0.465661 -1.189093 -1.347105 -0.006004
5.949072 -0.468962 -1.197226 -1.352494 -0.005959
5.963373 -0.472273 -1.205351 -1.357798 -0.005922
5.977674 -0.475594 -1.213467 -1.363013 -0.005895
5.991974 -0.478926 -1.221572 -1.368140 -0.005876
6.006275 -0.482267 -1.229665 -1.373175 -0.005865
6.020576 -0.485616 -1.237745 -1.378116 -0.005863
6.034876 -0.488975 -1.245809 -1.382963 -0.005869
6.049177 -0.492341 -1.253856 -1.387713 -0.005883
6.063478 -0.495714 -1.261885 -1.392364 -0.005906
6.077778 -0.499095 -1.269893 -1.396914 -0.005936
6.092079 -0.502481 -1.277880 -1.401362 -0.005974
6.106380 -0.505874 -1.285843 -1.405706 -0.006020
6.120680 -0.509273 -1.293782 -1.409944 -0.006074
6.134981 -0.512676 -1.301693 -1.414075 -0.006135
6.149282 -0.516084 -1.309577 -1.418096 -0.006204
6.163582 -0.519496 -1.317430 -1.422007 -0.006280
6.177883 -0.522911 -1.325252 -1.425805 -0.006364
6.192184 -0.526329 -1.333041 -1.429489 -0.006454
6.206484 -0.529750 -1.340794 -1.433057 -0.006552
6.220785 -0.533172 -1.348512 -1.436508 -0.006657
6.235086 -0.536596 -1.356190 -1.439841 -0.006768
6.249386 -0.540021 -1.363829 -1.443053 -0.006886
6.263687 -0.543446 -1.371427 -1.446143 -0.007011
6.277988 -0.546871 -1.378981 -1.449110 -0.007142
6.292288 -0.550295 -1.386490 -1.451953 -0.007280
6.306589 -0.553718 -1.393953 -1.454670 -0.007424
6.320890 -0.557139 -1.401367 -1.457259 -0.007574
6.335190 -0.560557 -1.408731 -1.459720 -0.007730
6.349491 -0.563973 -1.416044 -1.462051 -0.007892
6.363791 -0.567385 -1.423303 -1.464251 -0.008060
6.378092 -0.570794 -1.430508 -1.466319 -0.008233
6.392393 -0.574197 -1.437656 -1.468253 -0.008412
6.406693 -0.577596 -1.444745 -1.470053 -0.008597
6.420994 -0.580989 -1.451775 -1.471717 -0.008786
6.435295 -0.584376 -1.458743 -1.473245 -0.008981
6.449595 -0.587757 -1.465648 -1.474634 -0.009182
6.463896 -0.591130 -1.472488 -1.475885 -0.009387
6.478197 -0.594495 -1.479261 -1.476997 -0.009597
6.492497 -0.597852 -1.485966 -1.477967 -0.009812
6.506798 -0.601200 -1.492602 -1.478797 -0.010031
6.521099 -0.604539 -1.499166 -1.479484 -0.010255
6.535399 -0.607867 -1.505657 -1.480028 -0.010483
6.549700 -0.611185 -1.512074 -1.480429 -0.010716
6.564001 -0.614492 -1.518414 -1.480685 -0.010952
6.578301 -0.617788 -1.524677 -1.480796 -0.011193
6.592602 -0.621071 -1.530860 -1.480761 -0.011438
6.606903 -0.624341 -1.536963 -1.480580 -0.011686
6.621203 -0.627598 -1.542983 -1.480252 -0.011939
6.635504 -0.630841 -1.548920 -1.479777 -0.012194
6.649805 -0.634070 -1.554771 -1.479154 -0.012454
6.664105 -0.637284 -1.560535 -1.478383 -0.012716
6.678406 -0.640482 -1.566210 -1.477463 -0.012982
6.692707 -0.643665 -1.571796 -1.476395 -0.013251
6.707007 -0.646831 -1.577291 -1.475177 -0.013523
6.721308 -0.649979 -1.582692 -1.473811 -0.013798
6.735609 -0.653110 -1.588000 -1.472294 -0.014075
6.749909 -0.656223 -1.593212 -1.470628 -0.014355
6.764210 -0.659317 -1.598326 -1.468813 -0.014638
6.778510 -0.662392 -1.603343 -1.466847 -0.014923
6.792811 -0.665447 -1.608260 -1.464732 -0.015211
6.807112 -0.668482 -1.613075 -1.462467 -0.015501
6.821412 -0.671495 -1.617789 -1.460053 -0.015792
6.835713 -0.674488 -1.622399 -1.457489 -0.016086
6.850014 -0.677458 -1.626903 -1.454776 -0.016382
6.864314 -0.680406 -1.631302 -1.451913 -0.016679
6.878615 -0.683332 -1.635593 -1.448902 -0.016979
6.892916 -0.686233 -1.639776 -1.445742 -0.017279
6.907216 -0.689111 -1.643848 -1.442434 -0.017581
6.921517 -0.691964 -1.647810 -1.438979 -0.017885
6.935818 -0.694792 -1.651660 -1.435376 -0.018190
6.950118 -0.697595 -1.655396 -1.431626 -0.018495
6.964419 -0.700372 -1.659018 -1.427730 -0.018802
6.978720 -0.703122 -1.662525 -1.423688 -0.019110
6.993020 -0.705845 -1.665915 -1.419502 -0.019419
7.007321 -0.708541 -1.669188 -1.415171 -0.019728
7.021622 -0.711209 -1.672343 -1.410696 -0.020038
7.035922 -0.713276 -1.674542 -1.404450 -0.019910
7.050223 -0.714722 -1.674906 -1.396544 -0.022633
7.064524 -0.715562 -1.675160 -1.388562 -0.026502
7.078824 -0.715840 -1.675401 -1.380570 -0.030043
7.093125 -0.715622 -1.675579 -1.372535 -0.033316
7.107426 -0.714961 -1.675730 -1.364483 -0.036406
7.121726 -0.713889 -1.675831 -1.356397 -0.039349
7.136027 -0.712432 -1.675935 -1.348315 -0.042166
7.150328 -0.710610 -1.675938 -1.340168 -0.044859
7.164628 -0.708442 -1.675919 -1.332011 -0.047434
7.178929 -0.705947 -1.675861 -1.323831 -0.049897
7.193229 -0.703142 -1.675721 -1.315603 -0.052250
7.207530 -0.700044 -1.675521 -1.307342 -0.054498
7.221831 -0.696671 -1.675271 -1.299055 -0.056643
7.236131 -0.693039 -1.674960 -1.290737 -0.058688
7.250432 -0.689163 -1.674585 -1.282387 -0.060634
7.264733 -0.685058 -1.674145 -1.274004 -0.062482
7.279033 -0.680740 -1.673641 -1.265592 -0.064235
7.293334 -0.676223 -1.673073 -1.257150 -0.065894
7.307635 -0.671521 -1.672436 -1.248677 -0.067458
7.321935 -0.666649 -1.671724 -1.240171 -0.068930
7.336236 -0.661620 -1.670930 -1.231628 -0.070312
7.350537 -0.656448 -1.670044 -1.223044 -0.071605
7.364837 -0.651145 -1.669062 -1.214420 -0.072811
7.379138 -0.645727 -1.667993 -1.205760 -0.073931
7.393439 -0.640204 -1.666860 -1.197079 -0.074963
7.407739 -0.634590 -1.665699 -1.188399 -0.075900
7.422040 -0.628897 -1.664548 -1.179741 -0.076738
7.436341 -0.623137 -1.663426 -1.171116 -0.077469
7.450641 -0.617322 -1.662311 -1.162510 -0.078097
7.464942 -0.611463 -1.661136 -1.153888 -0.078631
7.479243 -0.605573 -1.659808 -1.145202 -0.079088
7.493543 -0.599663 -1.658248 -1.136411 -0.079484
7.507844 -0.593747 -1.656437 -1.127509 -0.079824
7.522145 -0.587836 -1.654433 -1.118530 -0.080095
7.536445 -0.581944 -1.652358 -1.109539 -0.080271
7.550746 -0.576083 -1.650341 -1.100603 -0.080320
7.565046 -0.570267 -1.648466 -1.091765 -0.080223
7.579347 -0.564508 -1.646733 -1.083023 -0.079973
7.593648 -0.558822 -1.645067 -1.074337 -0.079580
7.607948 -0.553223 -1.643363 -1.065655 -0.079058
7.622249 -0.547732 -1.641546 -1.056940 -0.078403
7.636550 -0.542374 -1.639661 -1.048217 -0.077563
7.650850 -0.537188 -1.637936 -1.039595 -0.076388
7.665151 -0.532243 -1.636839 -1.031296 -0.074539
7.679452 -0.527689 -1.637369 -1.023783 -0.071221
7.693752 -0.523716 -1.639882 -1.017200 -0.066100
7.708053 -0.520213 -1.640935 -1.009927 -0.062113
7.722354 -0.517067 -1.640715 -1.002068 -0.059183
7.736654 -0.514330 -1.640894 -0.994402 -0.055759
7.750955 -0.512015 -1.640965 -0.986693 -0.052266
7.765256 -0.510117 -1.640802 -0.978888 -0.048838
7.779556 -0.508624 -1.640353 -0.970967 -0.045554
7.793857 -0.507523 -1.639663 -0.962953 -0.042392
7.808158 -0.506806 -1.638797 -0.954878 -0.039303
7.822458 -0.506471 -1.637792 -0.946759 -0.036245
7.836759 -0.506518 -1.636647 -0.938600 -0.033205
7.851060 -0.506945 -1.635340 -0.930391 -0.030191
7.865360 -0.507755 -1.633870 -0.922135 -0.027201
7.879661 -0.508947 -1.632255 -0.913841 -0.024223
7.893962 -0.510524 -1.630514 -0.905520 -0.021253
7.908262 -0.512486 -1.628655 -0.897176 -0.018290
7.922563 -0.514836 -1.626684 -0.888812 -0.015332
7.936864 -0.517576 -1.624604 -0.880432 -0.012375
7.951164 -0.520707 -1.622411 -0.872035 -0.009420
7.965465 -0.524233 -1.620103 -0.863623 -0.006471
7.979765 -0.528156 -1.617679 -0.855196 -0.003527
7.994066 -0.532479 -1.615144 -0.846757 -0.000586
8.008367 -0.537206 -1.612499 -0.838310 0.002351
8.022667 -0.542340 -1.609750 -0.829856 0.005286
8.036968 -0.547884 -1.606901 -0.821400 0.008221
8.051269 -0.553743 -1.603736 -0.812708 0.011234
8.065569 -0.559640 -1.599670 -0.803241 0.013977
8.079870 -0.565568 -1.594883 -0.793359 0.015206
8.094171 -0.571520 -1.589687 -0.783268 0.015905
8.108471 -0.577487 -1.584151 -0.773028 0.016359
8.122772 -0.583461 -1.578310 -0.762671 0.016649
8.137073 -0.589435 -1.572193 -0.752221 0.016814
8.151373 -0.595403 -1.565822 -0.741695 0.016878
8.165674 -0.601359 -1.559218 -0.731108 0.016857
8.179975 -0.607297 -1.552394 -0.720470 0.016763
8.194275 -0.613212 -1.545352 -0.709787 0.016595
8.208576 -0.619098 -1.538076 -0.699059 0.016340
8.222877 -0.624945 -1.530544 -0.688285 0.015978
8.237177 -0.630741 -1.522731 -0.677463 0.015487
8.251478 -0.636474 -1.514628 -0.666592 0.014855
8.265779 -0.642128 -1.506247 -0.655684 0.014087
8.280079 -0.647694 -1.497623 -0.644751 0.013203
8.294380 -0.653161 -1.488805 -0.633812 0.012235
8.308681 -0.658521 -1.479835 -0.622883 0.011211
8.322981 -0.663771 -1.470738 -0.611973 0.010146
8.337282 -0.668902 -1.461516 -0.601085 0.009034
8.351583 -0.673907 -1.452151 -0.590218 0.007859
8.365883 -0.678773 -1.442629 -0.579370 0.006604
8.380184 -0.683490 -1.432957 -0.568546 0.005267
8.394484 -0.688046 -1.423173 -0.557759 0.003873
8.408785 -0.692436 -1.413352 -0.547029 0.002473
8.423086 -0.696661 -1.403561 -0.536376 0.001119
8.437386 -0.700722 -1.393822 -0.525803 -0.000175
8.451687 -0.704617 -1.384086 -0.515302 -0.001445
8.465988 -0.708337 -1.374285 -0.504856 -0.002748
8.480288 -0.711872 -1.364385 -0.494460 -0.004113
8.494589 -0.715209 -1.354404 -0.484119 -0.005531
8.508890 -0.718339 -1.344367 -0.473841 -0.006987
8.523190 -0.721253 -1.334288 -0.463631 -0.008471
8.537491 -0.723940 -1.324173 -0.453491 -0.009982
8.551792 -0.726391 -1.314027 -0.443424 -0.011516
8.566092 -0.728597 -1.303852 -0.433431 -0.013074
8.580393 -0.730549 -1.293651 -0.423514 -0.014651
8.594694 -0.732237 -1.283425 -0.413673 -0.016249
8.608994 -0.733651 -1.273173 -0.403911 -0.017865
8.623295 -0.734785 -1.262891 -0.394228 -0.019498
8.637596 -0.735629 -1.252578 -0.384623 -0.021145
8.651896 -0.736177 -1.242229 -0.375099 -0.022805
8.666197 -0.736422 -1.231841 -0.365654 -0.024470
8.680498 -0.736363 -1.221411 -0.356291 -0.026135
8.694798 -0.735997 -1.210940 -0.347009 -0.027786
8.709099 -0.735326 -1.200435 -0.337813 -0.029409
8.723400 -0.734357 -1.189909 -0.328703 -0.030977
8.737700 -0.733102 -1.179391 -0.319687 -0.032457
8.752001 -0.731579 -1.168927 -0.310771 -0.033799
8.766302 -0.729814 -1.158584 -0.301965 -0.034939
8.780602 -0.727844 -1.148438 -0.293279 -0.035812
8.794903 -0.725705 -1.138518 -0.284714 -0.036394
8.809203 -0.723431 -1.128781 -0.276265 -0.036724
8.823504 -0.721047 -1.119153 -0.267919 -0.036875
8.837805 -0.718571 -1.109576 -0.259670 -0.036904
8.852105 -0.716015 -1.100020 -0.251513 -0.036850
8.866406 -0.713388 -1.090464 -0.243447 -0.036737
8.880707 -0.710697 -1.080902 -0.235473 -0.036580
8.895007 -0.707946 -1.071326 -0.227588 -0.036388
8.909308 -0.705140 -1.061734 -0.219795 -0.036170
8.923609 -0.702281 -1.052126 -0.212094 -0.035931
8.937909 -0.699373 -1.042498 -0.204485 -0.035672
8.952210 -0.696418 -1.032852 -0.196969 -0.035399
8.966511 -0.693417 -1.023188 -0.189546 -0.035112
8.980811 -0.690373 -1.013505 -0.182218 -0.034812
8.995112 -0.687285 -1.003808 -0.174986 -0.034501
9.009413 -0.684156 -0.994098 -0.167850 -0.034179
9.023713 -0.680987 -0.984376 -0.160811 -0.033846
9.038014 -0.677778 -0.974645 -0.153870 -0.033502
9.052315 -0.674531 -0.964906 -0.147027 -0.033149
9.066615 -0.671247 -0.955160 -0.140283 -0.032786
9.080916 -0.667925 -0.945408 -0.133638 -0.032414
9.095217 -0.664567 -0.935651 -0.127094 -0.032032
9.109517 -0.661174 -0.925891 -0.120651 -0.031642
9.123818 -0.657746 -0.916129 -0.114309 -0.031243
9.138119 -0.654284 -0.906366 -0.108068 -0.030835
9.152419 -0.650789 -0.896603 -0.101930 -0.030419
9.166720 -0.647260 -0.886841 -0.095894 -0.029994
9.181021 -0.643699 -0.877082 -0.089962 -0.029561
9.195321 -0.640106 -0.867327 -0.084133 -0.029119
9.209622 -0.636482 -0.857579 -0.078407 -0.028668
9.223922 -0.632826 -0.847837 -0.072786 -0.028208
9.238223 -0.629141 -0.838105 -0.067269 -0.027740
9.252524 -0.625425 -0.828384 -0.061856 -0.027262
9.266824 -0.621681 -0.818674 -0.056549 -0.026776
9.281125 -0.617907 -0.808978 -0.051346 -0.026280
9.295426 -0.614105 -0.799295 -0.046249 -0.025776
9.309726 -0.610276 -0.789627 -0.041257 -0.025263
9.324027 -0.606419 -0.779975 -0.036370 -0.024740
9.338328 -0.602535 -0.770340 -0.031589 -0.024209
9.352628 -0.598625 -0.760722 -0.026914 -0.023669
9.366929 -0.594689 -0.751124 -0.022344 -0.023120
9.381230 -0.590728 -0.741545 -0.017879 -0.022563
9.395530 -0.586741 -0.731988 -0.013521 -0.021996
9.409831 -0.582731 -0.722452 -0.009268 -0.021421
9.424132 -0.578696 -0.712938 -0.005120 -0.020837
9.438432 -0.574638 -0.703448 -0.001078 -0.020244
9.452733 -0.570557 -0.693983 0.002859 -0.019642
9.467034 -0.566454 -0.684543 0.006691 -0.019031
9.481334 -0.562328 -0.675130 0.010418 -0.018412
9.495635 -0.558181 -0.665746 0.014040 -0.017783
9.509936 -0.554013 -0.656389 0.017558 -0.017146
9.524236 -0.549824 -0.647063 0.020971 -0.016499
9.538537 -0.545615 -0.637767 0.024280 -0.015844
9.552838 -0.541387 -0.628501 0.027486 -0.015180
9.567138 -0.537139 -0.619268 0.030588 -0.014507
9.581439 -0.532873 -0.610067 0.033587 -0.013826
9.595740 -0.528589 -0.600899 0.036483 -0.013136
9.610040 -0.524287 -0.591765 0.039277 -0.012437
9.624341 -0.519968 -0.582666 0.041968 -0.011729
9.638641 -0.515632 -0.573602 0.044558 -0.011013
9.652942 -0.511280 -0.564574 0.047047 -0.010289
9.667243 -0.506913 -0.555582 0.049434 -0.009556
9.681543 -0.502530 -0.546626 0.051722 -0.008815
9.695844 -0.498133 -0.537709 0.053909 -0.008065
9.710145 -0.493721 -0.528830 0.055998 -0.007307
9.724445 -0.489296 -0.519990 0.057987 -0.006541
9.738746 -0.484857 -0.511189 0.059878 -0.005767
9.753047 -0.480406 -0.502428 0.061671 -0.004985
9.767347 -0.475943 -0.493708 0.063367 -0.004195
9.781648 -0.471468 -0.485030 0.064967 -0.003397
9.795949 -0.466982 -0.476393 0.066470 -0.002591
9.810249 -0.462485 -0.467798 0.067878 -0.001777
9.824550 -0.457978 -0.459246 0.069191 -0.000956
9.838851 -0.453461 -0.450738 0.070411 -0.000126
9.853151 -0.448935 -0.442273 0.071536 0.000710
9.867452 -0.444400 -0.433853 0.072570 0.001555
9.881753 -0.439858 -0.425478 0.073511 0.002406
9.896053 -0.435307 -0.417147 0.074361 0.003265
9.910354 -0.430750 -0.408863 0.075120 0.004131
9.924655 -0.426185 -0.400624 0.075789 0.005004
9.938955 -0.421615 -0.392432 0.076370 0.005884
9.953256 -0.417039 -0.384287 0.076862 0.006771
9.967557 -0.412457 -0.376190 0.077267 0.007665
9.981857 -0.407872 -0.368140 0.077585 0.008566
9.996158 -0.403282 -0.360139 0.077817 0.009473
10.010459 -0.398688 -0.352187 0.077965 0.010387
10.024759 -0.394092 -0.344284 0.078028 0.011307
10.039060 -0.389492 -0.336430 0.078008 0.012233
10.053360 -0.384891 -0.328627 0.077906 0.013166
10.067661 -0.380288 -0.320874 0.077723 0.014105
10.081962 -0.375684 -0.313172 0.077459 0.015049
10.096262 -0.371080 -0.305520 0.077115 0.016000
10.110563 -0.366475 -0.297921 0.076693 0.016956
10.124864 -0.361871 -0.290372 0.076193 0.017918
10.139164 -0.357268 -0.282876 0.075616 0.018885
10.153465 -0.352667 -0.275433 0.074964 0.019857
10.167766 -0.348067 -0.268042 0.074237 0.020835
10.182066 -0.343470 -0.260704 0.073436 0.021817
10.196367 -0.338644 -0.198768 0.056905 0.015551
10.210668 -0.334039 -0.244120 0.071023 0.023832
10.224968 -0.329377 -0.229368 0.067757 0.023612
10.239269 -0.324739 -0.224568 0.067320 0.025046
10.253570 -0.320106 -0.218146 0.066324 0.026165
10.267870 -0.315483 -0.211804 0.065274 0.027307
10.282171 -0.310869 -0.205331 0.064104 0.028421
10.296472 -0.306263 -0.198830 0.062846 0.029526
10.310772 -0.301667 -0.192305 0.061501 0.030621
10.325073 -0.297081 -0.185738 0.060064 0.031704
10.339374 -0.292505 -0.179288 0.058587 0.032798
10.353674 -0.287939 -0.172765 0.057008 0.033875
10.367975 -0.283385 -0.166357 0.055390 0.034961
10.382276 -0.278841 -0.159962 0.053700 0.036043
10.396576 -0.274309 -0.153569 0.051935 0.037118
10.410877 -0.269790 -0.147225 0.050112 0.038193
10.425177 -0.265282 -0.140947 0.048238 0.039271
10.439478 -0.260788 -0.134728 0.046311 0.040349
10.453779 -0.256307 -0.128559 0.044329 0.041428
10.468079 -0.251840 -0.122437 0.042293 0.042505
10.482380 -0.247387 -0.116362 0.040203 0.043581
10.496681 -0.242949 -0.110336 0.038062 0.044657
10.510981 -0.238526 -0.104362 0.035870 0.045731
10.525282 -0.234118 -0.098441 0.033630 0.046805
10.539583 -0.229726 -0.092573 0.031343 0.047878
10.553883 -0.225351 -0.086760 0.029011 0.048950
10.568184 -0.220992 -0.081002 0.026635 0.050021
10.582485 -0.216651 -0.075300 0.024215 0.051091
10.596785 -0.212327 -0.069654 0.021755 0.052160
10.611086 -0.208021 -0.064064 0.019254 0.053227
10.625387 -0.203734 -0.058532 0.016714 0.054293
10.639687 -0.199465 -0.053056 0.014137 0.055357
10.653988 -0.195216 -0.047638 0.011523 0.056420
10.668289 -0.190986 -0.042278 0.008875 0.057480
10.682589 -0.186776 -0.036975 0.006192 0.058538
10.696890 -0.182587 -0.031730 0.003477 0.059594
10.711191 -0.178418 -0.026543 0.000731 0.060647
10.725491 -0.174271 -0.021414 -0.002046 0.061697
10.739792 -0.170142 -0.015570 -0.005205 0.062640
10.754093 -0.166037 -0.011273 -0.007713 0.063785
10.768393 -0.161951 -0.005517 -0.010947 0.064716
10.782694 -0.157891 -0.001364 -0.013489 0.065860
10.796995 -0.153850 0.004299 -0.016790 0.066780
10.811295 -0.149836 0.008310 -0.019360 0.067921
10.825596 -0.145841 0.013877 -0.022725 0.068831
10.839896 -0.141874 0.017749 -0.025319 0.069966
10.854197 -0.137927 0.023219 -0.028741 0.070865
10.868498 -0.134009 0.026953 -0.031356 0.071995
10.882798 -0.130111 0.032325 -0.034831 0.072881
10.897099 -0.126243 0.035923 -0.037462 0.074004
10.911400 -0.122400 0.040295 -0.040523 0.075000
10.925700 -0.118579 0.045527 -0.044070 0.075870
10.940001 -0.114788 0.048913 -0.046711 0.076981
10.954302 -0.111024 0.053112 -0.049809 0.077960
10.968602 -0.107283 0.058203 -0.053421 0.078807
10.982903 -0.103573 0.061383 -0.056063 0.079905
10.997204 -0.099889 0.065409 -0.059188 0.080864
11.011504 -0.096234 0.069373 -0.062317 0.081821
11.025805 -0.092603 0.074282 -0.066001 0.082634
11.040106 -0.089004 0.077188 -0.068627 0.083711
11.054406 -0.085434 0.080986 -0.071772 0.084641
11.068707 -0.081888 0.085747 -0.075493 0.085429
11.083008 -0.078375 0.088460 -0.078100 0.086487
11.097308 -0.074891 0.092089 -0.081250 0.087394
11.111609 -0.071432 0.096701 -0.084997 0.088155
11.125910 -0.068008 0.099227 -0.087579 0.089192
11.140210 -0.064613 0.102688 -0.090723 0.090074
11.154511 -0.061248 0.106089 -0.093861 0.090952
11.168812 -0.057914 0.109440 -0.096997 0.091819
11.183112 -0.054611 0.112738 -0.100128 0.092676
11.197413 -0.051339 0.115981 -0.103253 0.093524
11.211714 -0.048097 0.119167 -0.106368 0.094362
11.226014 -0.044887 0.122300 -0.109475 0.095190
11.240315 -0.041708 0.125380 -0.112573 0.096008
11.254615 -0.038561 0.128408 -0.115661 0.096816
11.268916 -0.035445 0.131382 -0.118739 0.097612
11.283217 -0.032361 0.134299 -0.121801 0.098399
11.297517 -0.029309 0.137163 -0.124849 0.099176
11.311818 -0.026288 0.139989 -0.127894 0.099939
11.326119 -0.023300 0.142766 -0.130925 0.100691
11.340419 -0.020344 0.145487 -0.133938 0.101432
11.354720 -0.017420 0.148158 -0.136936 0.102161
11.369021 -0.014529 0.150781 -0.139919 0.102879
11.383321 -0.011670 0.153363 -0.142891 0.103583
11.397622 -0.008843 0.155888 -0.145840 0.104276
11.411923 -0.006049 0.158354 -0.148764 0.104959
11.426223 -0.003288 0.160775 -0.151671 0.105629
11.440524 -0.000559 0.163151 -0.154560 0.106286
11.454825 0.002137 0.165482 -0.157430 0.106930
11.469125 0.004801 0.167764 -0.160279 0.107561
11.483426 0.007432 0.169994 -0.163102 0.108180
11.497727 0.010030 0.172188 -0.165910 0.108785
11.512027 0.012595 0.174344 -0.168701 0.109375
11.526328 0.015128 0.176453 -0.171468 0.109952
11.540629 0.017628 0.178518 -0.174212 0.110516
11.554929 0.020095 0.180543 -0.176936 0.111066
11.569230 0.022530 0.182524 -0.179634 0.111602
11.583531 0.024933 0.184451 -0.182300 0.112125
11.597831 0.027302 0.186340 -0.184944 0.112635
11.612132 0.029640 0.188190 -0.187565 0.113129
11.626433 0.031945 0.190001 -0.190162 0.113609
11.640733 0.034217 0.191772 -0.192734 0.114075
11.655034 0.036457 0.193506 -0.195281 0.114526
11.669334 0.038666 0.195202 -0.197804 0.114962
11.683635 0.040842 0.196860 -0.200300 0.115383
11.697936 0.042986 0.198480 -0.202770 0.115790
11.712236 0.045099 0.200064 -0.205214 0.116182
11.726537 0.047179 0.201612 -0.207632 0.116559
11.740838 0.049229 0.203125 -0.210023 0.116920
11.755138 0.051247 0.204603 -0.212389 0.117267
11.769439 0.053233 0.206048 -0.214728 0.117598
11.783740 0.055189 0.207461 -0.217041 0.117914
11.798040 0.057113 0.208842 -0.219328 0.118214
11.812341 0.059007 0.210191 -0.221590 0.118499
11.826642 0.060870 0.211510 -0.223824 0.118768
11.840942 0.062703 0.212797 -0.226033 0.119022
11.855243 0.064506 0.214055 -0.228215 0.119261
11.869544 0.066279 0.215285 -0.230372 0.119483
11.883844 0.068021 0.216487 -0.232503 0.119690
11.898145 0.069735 0.217662 -0.234609 0.119881
11.912446 0.071419 0.218811 -0.236690 0.120056
11.926746 0.073074 0.219935 -0.238747 0.120215
11.941047 0.074700 0.221033 -0.240778 0.120359
11.955348 0.076298 0.222107 -0.242785 0.120486
11.969648 0.077867 0.223158 -0.244769 0.120598
11.983949 0.079408 0.224187 -0.246728 0.120694
11.998250 0.080921 0.225194 -0.248664 0.120774
12.012550 0.082407 0.226180 -0.250578 0.120838
12.026851 0.083866 0.227146 -0.252469 0.120886
12.041152 0.085297 0.228093 -0.254338 0.120918
12.055452 0.086702 0.229021 -0.256186 0.120934
12.069753 0.088081 0.229931 -0.258012 0.120934
12.084053 0.089434 0.230825 -0.259818 0.120919
12.098354 0.090761 0.231703 -0.261604 0.120887
12.112655 0.092062 0.232565 -0.263371 0.120840
12.126955 0.093339 0.233413 -0.265118 0.120777
12.141256 0.094590 0.234248 -0.266848 0.120698
12.155557 0.095818 0.235069 -0.268560 0.120604
12.169857 0.097021 0.235879 -0.270255 0.120494
12.184158 0.098201 0.236678 -0.271933 0.120368
12.198459 0.099357 0.237466 -0.273596 0.120227
12.212759 0.100490 0.238246 -0.275244 0.120070
12.227060 0.101601 0.239016 -0.276878 0.119898
12.241361 0.102690 0.239779 -0.278498 0.119710
12.255661 0.103756 0.240535 -0.280106 0.119507
12.269962 0.104802 0.241285 -0.281701 0.119289
12.284263 0.105826 0.242030 -0.283286 0.119055
12.298563 0.106829 0.242771 -0.284860 0.118807
12.312864 0.107813 0.243508 -0.286425 0.118543
12.327165 0.108776 0.244243 -0.287981 0.118265
12.341465 0.109720 0.244976 -0.289530 0.117971
12.355766 0.110652 0.246951 -0.292265 0.117437
12.370067 0.111574 0.249008 -0.295094 0.116878
12.384367 0.112488 0.251133 -0.298003 0.116295
12.398668 0.113366 0.248259 -0.296066 0.116622
12.412969 0.114226 0.248992 -0.297587 0.116262
12.427269 0.115069 0.249725 -0.299102 0.115893
12.441570 0.115922 0.255356 -0.305432 0.114604
12.455871 0.116735 0.251444 -0.302405 0.115083
12.470171 0.117567 0.258070 -0.309750 0.113576
12.484472 0.118355 0.253232 -0.305767 0.114216
12.498772 0.119166 0.260735 -0.314024 0.112521
12.513073 0.119930 0.255087 -0.309188 0.113301
12.527374 0.120722 0.263389 -0.318292 0.111431
12.541674 0.121463 0.257013 -0.312675 0.112337
12.555975 0.122191 0.257816 -0.314220 0.111849
12.570276 0.122950 0.266828 -0.324117 0.109822
12.584576 0.123657 0.259843 -0.317796 0.110816
12.598877 0.124403 0.269565 -0.328473 0.108617
12.613178 0.125094 0.261961 -0.321460 0.109726
12.627478 0.125827 0.272339 -0.332871 0.107382
12.641779 0.126502 0.264167 -0.325212 0.108594
12.656080 0.127166 0.265068 -0.326837 0.108030
12.670380 0.127875 0.276020 -0.338938 0.105560
12.684681 0.128525 0.267405 -0.330718 0.106836
12.698982 0.129228 0.278938 -0.343495 0.104218
12.713282 0.129868 0.269851 -0.334714 0.105589
12.727583 0.130565 0.281916 -0.348120 0.102853
12.741884 0.131196 0.272401 -0.338821 0.104307
12.756184 0.131820 0.273442 -0.340581 0.103674
12.770485 0.132500 0.285971 -0.354586 0.100839
12.784786 0.133116 0.276154 -0.344861 0.102336
12.799086 0.133796 0.289160 -0.359450 0.099375
12.813387 0.134410 0.278992 -0.349280 0.100950
12.827688 0.135017 0.280159 -0.351170 0.100272
12.841988 0.135614 0.281346 -0.353080 0.099601
12.856289 0.136279 0.294792 -0.368291 0.096530
12.870590 0.136878 0.284440 -0.357779 0.098126
12.884890 0.137550 0.298290 -0.373504 0.094956
12.899191 0.138230 0.300411 -0.376574 0.094138
12.913491 0.138924 0.302657 -0.379785 0.093285
12.927792 0.139548 0.291656 -0.368434 0.095038
12.942093 0.140165 0.293045 -0.370570 0.094327
12.956393 0.140775 0.294470 -0.372744 0.093612
12.970694 0.141380 0.295946 -0.374975 0.092867
12.984995 0.141981 0.297465 -0.377253 0.092104
12.999295 0.142662 0.312311 -0.394375 0.088707
13.013596 0.143358 0.314589 -0.397644 0.087840
13.027897 0.144072 0.317028 -0.401098 0.086941
13.042197 0.144717 0.305924 -0.389363 0.088741
13.056498 0.145360 0.307606 -0.391832 0.087976
13.070799 0.145998 0.309330 -0.394348 0.087209
13.085099 0.146635 0.311111 -0.396928 0.086413
13.099400 0.147273 0.312940 -0.399563 0.085601
13.113701 0.147912 0.314815 -0.402251 0.084776
13.128001 0.148638 0.330455 -0.420587 0.081207
13.142302 0.149384 0.333009 -0.424193 0.080306
13.156603 0.150153 0.335852 -0.428131 0.079349
13.170903 0.150941 0.338560 -0.431922 0.078450
13.185204 0.151661 0.327586 -0.420037 0.080300
13.199505 0.152382 0.329687 -0.422996 0.079500
13.213805 0.153101 0.331840 -0.426015 0.078696
13.228106 0.153823 0.334058 -0.429108 0.077863
13.242407 0.154549 0.336332 -0.432267 0.077014
13.256707 0.155281 0.338658 -0.435487 0.076154
13.271008 0.156107 0.355127 -0.455091 0.072449
13.285308 0.156870 0.344192 -0.443063 0.074321
13.299609 0.157642 0.346662 -0.446453 0.073448
13.313910 0.158508 0.363377 -0.466426 0.069731
13.328210 0.159311 0.352481 -0.454372 0.071631
13.342511 0.160123 0.355099 -0.457936 0.070759
13.356812 0.160942 0.357761 -0.461551 0.069903
13.371112 0.161768 0.360488 -0.465241 0.069027
13.385413 0.162605 0.363272 -0.468998 0.068142
13.399714 0.163452 0.366113 -0.472820 0.067251
13.414014 0.164311 0.369009 -0.476707 0.066355
13.428315 0.165270 0.385955 -0.497133 0.062615
13.442616 0.166257 0.389039 -0.501374 0.061762
13.456916 0.167273 0.392707 -0.506299 0.060799
13.471217 0.168318 0.396636 -0.511532 0.059819
13.485518 0.169389 0.400306 -0.516460 0.058922
13.499818 0.170485 0.404165 -0.521612 0.058006
13.514119 0.171606 0.408070 -0.526818 0.057100
13.528420 0.172750 0.411787 -0.531798 0.056256
13.542720 0.173917 0.415778 -0.537102 0.055373
13.557021 0.175111 0.420138 -0.542841 0.054421
13.571322 0.176324 0.423743 -0.547683 0.053658
13.585622 0.177562 0.427996 -0.553290 0.052767
13.599923 0.178820 0.431801 -0.558359 0.051993
13.614224 0.180100 0.435886 -0.563756 0.051172
13.628524 0.181401 0.439944 -0.569115 0.050373
13.642825 0.182724 0.444130 -0.574619 0.049559
13.657126 0.184069 0.448464 -0.580294 0.048728
13.671426 0.185434 0.452492 -0.585596 0.047986
13.685727 0.186818 0.456544 -0.590917 0.047248
13.700027 0.188223 0.460862 -0.596545 0.046469
13.714328 0.189649 0.465355 -0.602374 0.045665
13.728629 0.191095 0.469590 -0.607885 0.044935
13.742929 0.192563 0.474290 -0.613942 0.044116
13.757230 0.194050 0.478527 -0.619435 0.043415
13.771531 0.195557 0.482989 -0.625183 0.042679
13.785831 0.197083 0.487322 -0.630764 0.041987
13.800132 0.198628 0.491892 -0.636614 0.041258
13.814433 0.200194 0.496527 -0.642529 0.040528
13.828733 0.201778 0.501044 -0.648288 0.039838
13.843034 0.203381 0.505603 -0.654080 0.039154
13.857335 0.205004 0.510365 -0.660100 0.038442
13.871635 0.206646 0.514987 -0.665934 0.037773
13.885936 0.208306 0.519699 -0.671859 0.037099
13.900237 0.209985 0.524532 -0.677910 0.036413
13.914537 0.211682 0.529282 -0.683843 0.035759
13.928838 0.213398 0.534024 -0.689747 0.035121
13.943139 0.215131 0.538890 -0.695778 0.034470
13.957439 0.216883 0.543718 -0.701742 0.033841
13.971740 0.218651 0.548559 -0.707700 0.033223
13.986041 0.220438 0.553481 -0.713730 0.032601
14.000341 0.222241 0.558433 -0.719773 0.031986
14.014642 0.224061 0.563368 -0.725771 0.031388
14.028943 0.225898 0.568319 -0.731764 0.030799
14.043243 0.227753 0.573460 -0.737956 0.030185
14.057544 0.229627 0.579071 -0.744685 0.029488
14.071845 0.231523 0.584745 -0.751467 0.028793
14.086145 0.233440 0.590482 -0.758299 0.028102
14.100446 0.235378 0.596279 -0.765180 0.027415
14.114746 0.237339 0.602138 -0.772108 0.026733
14.129047 0.239322 0.608056 -0.779082 0.026056
14.143348 0.241328 0.614034 -0.786100 0.025386
14.157648 0.243357 0.620072 -0.793162 0.024722
14.171949 0.245409 0.626168 -0.800265 0.024065
14.186250 0.247485 0.632322 -0.807408 0.023414
14.200550 0.249584 0.638534 -0.814591 0.022772
14.214851 0.251707 0.644804 -0.821812 0.022136
14.229152 0.253853 0.651131 -0.829069 0.021508
14.243452 0.256024 0.657515 -0.836362 0.020888
14.257753 0.258218 0.663954 -0.843688 0.020276
14.272054 0.260437 0.670450 -0.851046 0.019673
14.286354 0.262679 0.677001 -0.858436 0.019077
14.300655 0.264946 0.683607 -0.865855 0.018491
14.314956 0.267237 0.690267 -0.873302 0.017912
14.329256 0.269552 0.696981 -0.880776 0.017343
14.343557 0.271892 0.703748 -0.888275 0.016782
14.357858 0.274255 0.710568 -0.895798 0.016230
14.372158 0.276643 0.717441 -0.903342 0.015688
14.386459 0.279055 0.724364 -0.910907 0.015154
14.400760 0.281491 0.731339 -0.918491 0.014630
14.415060 0.283951 0.738364 -0.926092 0.014115
14.429361 0.286435 0.745439 -0.933708 0.013609
14.443662 0.288943 0.752563 -0.941338 0.013113
14.457962 0.291474 0.759735 -0.948980 0.012627
14.472263 0.294030 0.766955 -0.956633 0.012150
14.486564 0.296609 0.774222 -0.964294 0.011682
14.500864 0.299211 0.781535 -0.971962 0.011224
14.515165 0.301837 0.788894 -0.979635 0.010776
14.529465 0.304487 0.796297 -0.987312 0.010338
14.543766 0.307159 0.803744 -0.994990 0.009910
14.558067 0.309854 0.811234 -1.002667 0.009492
14.572367 0.312573 0.818766 -1.010343 0.009083
14.586668 0.315314 0.826340 -1.018014 0.008684
14.600969 0.318077 0.833954 -1.025679 0.008296
14.615269 0.320863 0.841608 -1.033336 0.007917
14.629570 0.323670 0.849300 -1.040984 0.007549
14.643871 0.326500 0.857031 -1.048619 0.007190
14.658171 0.329351 0.864798 -1.056241 0.006841
14.672472 0.332224 0.872600 -1.063847 0.006503
14.686773 0.335119 0.880438 -1.071436 0.006174
14.701073 0.338034 0.888309 -1.079004 0.005856
14.715374 0.340970 0.896214 -1.086551 0.005547
14.729675 0.343926 0.904150 -1.094075 0.005249
14.743975 0.346903 0.912116 -1.101572 0.004960
14.758276 0.349900 0.920113 -1.109042 0.004682
14.772577 0.352917 0.928137 -1.116482 0.004414
14.786877 0.355953 0.936190 -1.123890 0.004155
14.801178 0.359008 0.944268 -1.131264 0.003907
14.815479 0.362083 0.952372 -1.138603 0.003668
14.829779 0.365176 0.960499 -1.145903 0.003440
14.844080 0.368287 0.968649 -1.153163 0.003221
14.858381 0.371416 0.976821 -1.160381 0.003012
14.872681 0.374563 0.985013 -1.167554 0.002813
14.886982 0.377727 0.993225 -1.174682 0.002624
14.901283 0.380909 1.001454 -1.181760 0.002444
14.915583 0.384107 1.009699 -1.188789 0.002275
14.929884 0.387321 1.017960 -1.195764 0.002114
14.944184 0.390551 1.026235 -1.202686 0.001964
14.958485 0.393797 1.034523 -1.209550 0.001823
14.972786 0.397059 1.042822 -1.216355 0.001691
14.987086 0.400335 1.051131 -1.223100 0.001569
15.001387 0.403625 1.059448 -1.229782 0.001456
15.015688 0.406930 1.067773 -1.236398 0.001353
15.029988 0.410249 1.076104 -1.242948 0.001258
15.044289 0.413580 1.084439 -1.249429 0.001173
15.058590 0.416925 1.092777 -1.255838 0.001097
15.072890 0.420283 1.101117 -1.262174 0.001030
15.087191 0.423652 1.109457 -1.268435 0.000972
15.101492 0.427033 1.117796 -1.274619 0.000923
15.115792 0.430426 1.126132 -1.280723 0.000883
15.130093 0.433829 1.134464 -1.286747 0.000852
15.144394 0.437243 1.142790 -1.292687 0.000829
15.158694 0.440667 1.151110 -1.298542 0.000815
15.172995 0.444101 1.159420 -1.304310 0.000809
15.187296 0.447543 1.167720 -1.309989 0.000811
15.201596 0.450995 1.176008 -1.315577 0.000822
15.215897 0.454454 1.184284 -1.321072 0.000842
15.230198 0.457921 1.192544 -1.326473 0.000869
15.244498 0.461396 1.200788 -1.331777 0.000904
15.258799 0.464877 1.209014 -1.336982 0.000948
15.273100 0.468365 1.217220 -1.342088 0.000999
15.287400 0.471859 1.225405 -1.347091 0.001058
15.301701 0.475358 1.233568 -1.351991 0.001124
15.316002 0.478862 1.241706 -1.356785 0.001198
15.330302 0.482370 1.249819 -1.361471 0.001280
15.344603 0.485883 1.257904 -1.366049 0.001369
15.358903 0.489399 1.265959 -1.370516 0.001465
15.373204 0.492918 1.273985 -1.374870 0.001569
15.387505 0.496439 1.281977 -1.379111 0.001679
15.401805 0.499962 1.289936 -1.383236 0.001796
15.416106 0.503487 1.297859 -1.387244 0.001920
15.430407 0.507013 1.305745 -1.391133 0.002051
15.444707 0.510539 1.313593 -1.394902 0.002189
15.459008 0.514065 1.321399 -1.398549 0.002333
15.473309 0.517590 1.329164 -1.402073 0.002483
15.487609 0.521115 1.336884 -1.405472 0.002640
15.501910 0.524637 1.344560 -1.408745 0.002803
15.516211 0.528158 1.352188 -1.411891 0.002971
15.530511 0.531676 1.359768 -1.414908 0.003146
15.544812 0.535191 1.367297 -1.417795 0.003327
15.559113 0.538702 1.374774 -1.420551 0.003513
15.573413 0.542209 1.382198 -1.423174 0.003705
15.587714 0.545711 1.389567 -1.425663 0.003902
15.602015 0.549207 1.396879 -1.428018 0.004105
15.616315 0.552698 1.404132 -1.430236 0.004313
15.630616 0.556183 1.411325 -1.432317 0.004526
15.644917 0.559660 1.418456 -1.434260 0.004744
15.659217 0.563130 1.425524 -1.436064 0.004967
15.673518 0.566592 1.432528 -1.437728 0.005195
15.687819 0.570046 1.439464 -1.439250 0.005427
15.702119 0.573491 1.446333 -1.440631 0.005664
15.716420 0.576926 1.453132 -1.441868 0.005905
15.730721 0.580350 1.459859 -1.442962 0.006151
15.745021 0.583765 1.466514 -1.443911 0.006400
15.759322 0.587167 1.473094 -1.444715 0.006654
15.773622 0.590559 1.479599 -1.445373 0.006912
15.787923 0.593937 1.486026 -1.445885 0.007173
15.802224 0.597303 1.492373 -1.446249 0.007439
15.816524 0.600656 1.498641 -1.446466 0.007707
15.830825 0.603995 1.504826 -1.446534 0.007980
15.845126 0.607319 1.510928 -1.446453 0.008255
15.859426 0.610629 1.516944 -1.446223 0.008534
15.873727 0.613922 1.522874 -1.445844 0.008816
15.888028 0.617200 1.528717 -1.445314 0.009101
15.902328 0.620461 1.534469 -1.444634 0.009389
15.916629 0.623706 1.540131 -1.443803 0.009680
15.930930 0.626932 1.545701 -1.442822 0.009973
15.945230 0.630140 1.551177 -1.441689 0.010269
15.959531 0.633330 1.556558 -1.440406 0.010567
15.973832 0.636500 1.561843 -1.438971 0.010868
15.988132 0.639651 1.567030 -1.437385 0.011171
16.002433 0.642782 1.572117 -1.435647 0.011476
16.016734 0.645891 1.577105 -1.433758 0.011783
16.031034 0.648980 1.581991 -1.431718 0.012092
16.045335 0.652046 1.586774 -1.429527 0.012402
16.059636 0.655090 1.591452 -1.427185 0.012714
16.073936 0.658112 1.596026 -1.424693 0.013028
16.088237 0.661110 1.600492 -1.422050 0.013343
16.102538 0.664084 1.604851 -1.419257 0.013660
16.116838 0.667034 1.609101 -1.416314 0.013977
16.131139 0.669959 1.613241 -1.413221 0.014296
16.145439 0.672859 1.617270 -1.409980 0.014616
16.159740 0.675732 1.621186 -1.406591 0.014937
16.174041 0.678580 1.624989 -1.403053 0.015258
16.188341 0.681401 1.628677 -1.399368 0.015581
16.202642 0.684194 1.632250 -1.395537 0.015904
16.216943 0.686960 1.635706 -1.391559 0.016227
16.231243 0.689698 1.639045 -1.387436 0.016551
16.245544 0.692406 1.642265 -1.383169 0.016875
16.259845 0.695086 1.645366 -1.378757 0.017199
16.274145 0.697736 1.648347 -1.374203 0.017524
16.288446 0.700356 1.651207 -1.369506 0.017848
16.302747 0.702945 1.653945 -1.364669 0.018172
16.317047 0.705504 1.656560 -1.359691 0.018497
16.331348 0.708031 1.659051 -1.354574 0.018821
16.345649 0.710526 1.661418 -1.349318 0.019144
16.359949 0.712989 1.663661 -1.343926 0.019467
16.374250 0.715419 1.665777 -1.338398 0.019790
16.388551 0.717816 1.667767 -1.332735 0.020112
16.402851 0.720179 1.669630 -1.326938 0.020433
16.417152 0.722503 1.671357 -1.320993 0.020749
16.431453 0.724212 1.671891 -1.313208 0.020597
16.445753 0.725472 1.671352 -1.304754 0.023628
16.460054 0.726310 1.670891 -1.296356 0.026439
16.474355 0.726779 1.670370 -1.287929 0.028989
16.488655 0.726919 1.669800 -1.279481 0.031350
16.502956 0.726761 1.669186 -1.271015 0.033561
16.517257 0.726327 1.668517 -1.262526 0.035638
16.531557 0.725638 1.667796 -1.254016 0.037592
16.545858 0.724712 1.667008 -1.245479 0.039428
16.560158 0.723565 1.666160 -1.236917 0.041153
16.574459 0.722214 1.665249 -1.228332 0.042769
16.588760 0.720675 1.664274 -1.219723 0.044281
16.603060 0.718965 1.663235 -1.211092 0.045693
16.617361 0.717097 1.662133 -1.202440 0.047005
16.631662 0.715087 1.660963 -1.193765 0.048222
16.645962 0.712949 1.659727 -1.185070 0.049343
16.660263 0.710697 1.658423 -1.176354 0.050371
16.674564 0.708344 1.657049 -1.167618 0.051308
16.688864 0.705904 1.655605 -1.158862 0.052154
16.703165 0.703389 1.654086 -1.150085 0.052912
16.717466 0.700814 1.652491 -1.141287 0.053582
16.731766 0.698189 1.650822 -1.132472 0.054165
16.746067 0.695529 1.649083 -1.123642 0.054662
16.760368 0.692845 1.647288 -1.114804 0.055073
16.774668 0.690148 1.645451 -1.105968 0.055394
16.788969 0.687452 1.643586 -1.097141 0.055626
16.803270 0.684768 1.641695 -1.088326 0.055765
16.817570 0.682106 1.639767 -1.079516 0.055815
16.831871 0.679480 1.637776 -1.070699 0.055780
16.846172 0.676899 1.635690 -1.061861 0.055667
16.860472 0.674376 1.633484 -1.052991 0.055481
16.874773 0.671922 1.631153 -1.044086 0.055223
16.889074 0.669549 1.628715 -1.035160 0.054889
16.903374 0.667268 1.626207 -1.026229 0.054472
16.917675 0.665092 1.623671 -1.017316 0.053962
16.931976 0.663031 1.621141 -1.008437 0.053349
16.946276 0.661099 1.618630 -0.999597 0.052631
16.960577 0.659307 1.616133 -0.990794 0.051806
16.974877 0.657667 1.613630 -0.982019 0.050877
16.989178 0.656195 1.611102 -0.973263 0.049842
17.003479 0.654903 1.608546 -0.964526 0.048694
17.017779 0.653811 1.605983 -0.955816 0.047412
17.032080 0.652940 1.603473 -0.947161 0.045950
17.046381 0.652320 1.601139 -0.938613 0.044216
17.060681 0.652002 1.599230 -0.930276 0.042014
17.074982 0.652076 1.598204 -0.922338 0.038965
17.089283 0.652640 1.598113 -0.914809 0.035014
17.103583 0.653694 1.597848 -0.907217 0.031108
17.117884 0.655210 1.597185 -0.899474 0.027472
17.132185 0.657064 1.596108 -0.891382 0.023774
17.146485 0.659082 1.594262 -0.882664 0.020607
17.160786 0.661248 1.591800 -0.873582 0.018532
17.175087 0.663543 1.588887 -0.864265 0.016900
17.189387 0.665955 1.585642 -0.854784 0.015500
17.203688 0.668471 1.582106 -0.845173 0.014259
17.217989 0.671080 1.578340 -0.835463 0.013134
17.232289 0.673774 1.574306 -0.825649 0.012116
17.246590 0.676542 1.570045 -0.815751 0.011193
17.260891 0.679376 1.565561 -0.805776 0.010358
17.275191 0.682267 1.560849 -0.795727 0.009612
17.289492 0.685206 1.555943 -0.785621 0.008946
17.303793 0.688184 1.550808 -0.775448 0.008366
17.318093 0.691192 1.545478 -0.765226 0.007865
17.332394 0.694223 1.539923 -0.754947 0.007449
17.346695 0.697266 1.534168 -0.744622 0.007112
17.360995 0.700313 1.528195 -0.734250 0.006857
17.375296 0.703356 1.522038 -0.723844 0.006680
17.389596 0.706386 1.515665 -0.713399 0.006585
17.403897 0.709392 1.509102 -0.702924 0.006569
17.418198 0.712368 1.502348 -0.692424 0.006631
17.432498 0.715302 1.495402 -0.681901 0.006773
17.446799 0.718187 1.488258 -0.671356 0.006995
17.461100 0.721012 1.480936 -0.660797 0.007294
17.475400 0.723768 1.473441 -0.650230 0.007667
17.489701 0.726447 1.465784 -0.639662 0.008113
17.504002 0.729038 1.457943 -0.629087 0.008634
17.518302 0.731532 1.449929 -0.618512 0.009228
17.532603 0.733919 1.441742 -0.607939 0.009897
17.546904 0.736190 1.433413 -0.597381 0.010635
17.561204 0.738333 1.424918 -0.586832 0.011449
17.575505 0.740339 1.416269 -0.576299 0.012335
17.589806 0.742196 1.407464 -0.565785 0.013294
17.604106 0.743894 1.398529 -0.555297 0.014320
17.618407 0.745423 1.389451 -0.544836 0.015413
17.632708 0.746772 1.380244 -0.534406 0.016567
17.647008 0.747931 1.370908 -0.524012 0.017781
17.661309 0.748892 1.361460 -0.513658 0.019049
17.675610 0.749643 1.351896 -0.503346 0.020370
17.689910 0.750177 1.342215 -0.493077 0.021741
17.704211 0.750484 1.332427 -0.482857 0.023157
17.718512 0.750558 1.322537 -0.472689 0.024610
17.732812 0.750392 1.312564 -0.462578 0.026090
17.747113 0.749983 1.302500 -0.452524 0.027586
17.761414 0.749330 1.292368 -0.442535 0.029079
17.775714 0.748433 1.282198 -0.432618 0.030543
17.790015 0.747301 1.272023 -0.422781 0.031945
17.804315 0.745945 1.261876 -0.413032 0.033242
17.818616 0.744385 1.251843 -0.403388 0.034367
17.832917 0.742651 1.242010 -0.393866 0.035242
17.847217 0.740779 1.232447 -0.384477 0.035815
17.861518 0.738801 1.223105 -0.375210 0.036120
17.875819 0.736739 1.213874 -0.366043 0.036248
17.890119 0.734607 1.204683 -0.356963 0.036271
17.904420 0.732413 1.195486 -0.347963 0.036231
17.918721 0.730162 1.186268 -0.339040 0.036150
17.933021 0.727859 1.177013 -0.330193 0.036040
17.947322 0.725507 1.167717 -0.321422 0.035910
17.961623 0.723106 1.158369 -0.312727 0.035764
17.975923 0.720659 1.148939 -0.304103 0.035610
17.990224 0.718167 1.139405 -0.295549 0.035453
18.004525 0.715629 1.129660 -0.287050 0.035309
18.018825 0.713047 1.119653 -0.278602 0.035184
18.033126 0.710420 1.109736 -0.270254 0.035031
18.047427 0.707750 1.099971 -0.262016 0.034845
18.061727 0.705037 1.090080 -0.253852 0.034662
18.076028 0.702282 1.080156 -0.245776 0.034471
18.090329 0.699486 1.070203 -0.237787 0.034270
18.104629 0.696648 1.060293 -0.229897 0.034050
18.118930 0.693769 1.050326 -0.222094 0.033827
18.133231 0.690850 1.040400 -0.214389 0.033585
18.147531 0.687892 1.030456 -0.206778 0.033334
18.161832 0.684894 1.020469 -0.199259 0.033077
18.176133 0.681857 1.010534 -0.191841 0.032801
18.190433 0.678782 1.000538 -0.184515 0.032522
18.204734 0.675669 0.990583 -0.177290 0.032227
18.219034 0.672518 0.980576 -0.170159 0.031928
18.233335 0.669331 0.970589 -0.163129 0.031615
18.247636 0.666107 0.960629 -0.156201 0.031288
18.261936 0.662846 0.950677 -0.149374 0.030951
18.276237 0.659551 0.940685 -0.142645 0.030608
18.290538 0.656219 0.930659 -0.136015 0.030260
18.304838 0.652853 0.920681 -0.129489 0.029896
18.319139 0.649453 0.910743 -0.123068 0.029516
18.333440 0.646018 0.900735 -0.116747 0.029137
18.347740 0.642550 0.890794 -0.110532 0.028740
18.362041 0.639049 0.880756 -0.104416 0.028346
18.376342 0.635515 0.870868 -0.098411 0.027922
18.390642 0.631950 0.860919 -0.092507 0.027500
18.404943 0.628352 0.850918 -0.086708 0.027075
18.419244 0.624723 0.841074 -0.081017 0.026620
18.433544 0.621090 0.837459 -0.075545 0.025332
18.447845 0.617427 0.827676 -0.070073 0.024883
18.462146 0.613738 0.817943 -0.064705 0.024393
18.476446 0.610023 0.808208 -0.059442 0.023904
