# time bound_circ lift drag moment
0.014306 0.042810 -0.363412 -0.001680 0.063611
0.021459 0.038077 -0.266011 -0.001899 0.072689
0.028612 0.038289 -0.157258 -0.001759 -0.017741
0.035765 0.040820 -0.110718 -0.001764 -0.059689
0.042918 0.043021 -0.123987 -0.002177 -0.053989
0.050071 0.044672 -0.141674 -0.002686 -0.044569
0.057224 0.046042 -0.153313 -0.003185 -0.039996
0.064377 0.047206 -0.163402 -0.003707 -0.036730
0.071530 0.048175 -0.173308 -0.004268 -0.033662
0.078683 0.048968 -0.182860 -0.004861 -0.030911
0.085836 0.049605 -0.192004 -0.005487 -0.028514
0.092989 0.050101 -0.200818 -0.006143 -0.026404
0.100142 0.050469 -0.209368 -0.006830 -0.024523
0.107295 0.050721 -0.217699 -0.007549 -0.022836
0.114448 0.050864 -0.225844 -0.008298 -0.021312
0.121601 0.050907 -0.233830 -0.009079 -0.019931
0.128754 0.050855 -0.241679 -0.009890 -0.018672
0.135907 0.050715 -0.249410 -0.010732 -0.017522
0.143060 0.050493 -0.257036 -0.011604 -0.016466
0.150213 0.050191 -0.264571 -0.012508 -0.015496
0.157366 0.049815 -0.272024 -0.013442 -0.014602
0.164519 0.049369 -0.279405 -0.014407 -0.013777
0.171672 0.048854 -0.286719 -0.015403 -0.013014
0.178825 0.048275 -0.293975 -0.016429 -0.012309
0.185978 0.047634 -0.301176 -0.017486 -0.011655
0.193131 0.046933 -0.308328 -0.018574 -0.011050
0.200284 0.046175 -0.315434 -0.019693 -0.010489
0.207437 0.045363 -0.322498 -0.020842 -0.009970
0.214590 0.044497 -0.329523 -0.022021 -0.009489
0.221743 0.043580 -0.336512 -0.023232 -0.009043
0.228896 0.042613 -0.343466 -0.024473 -0.008632
0.236049 0.041598 -0.350389 -0.025744 -0.008252
0.243202 0.040537 -0.357282 -0.027046 -0.007901
0.250355 0.039431 -0.364147 -0.028379 -0.007578
0.257508 0.038282 -0.370986 -0.029742 -0.007282
0.264661 0.037090 -0.377800 -0.031135 -0.007010
0.271814 0.035856 -0.384590 -0.032559 -0.006762
0.278967 0.034583 -0.391358 -0.034013 -0.006537
0.286120 0.033270 -0.398105 -0.035497 -0.006332
0.293273 0.031920 -0.404832 -0.037012 -0.006147
0.300426 0.030532 -0.411541 -0.038557 -0.005981
0.307579 0.029108 -0.418232 -0.040132 -0.005834
0.314732 0.027649 -0.424906 -0.041738 -0.005703
0.321884 0.026155 -0.431564 -0.043373 -0.005589
0.329037 0.024628 -0.438207 -0.045039 -0.005491
0.336190 0.023068 -0.444836 -0.046734 -0.005407
0.343343 0.021475 -0.451450 -0.048460 -0.005338
0.350496 0.019852 -0.458052 -0.050215 -0.005282
0.357649 0.018197 -0.464640 -0.052000 -0.005240
0.364802 0.016512 -0.471216 -0.053815 -0.005210
0.371955 0.014798 -0.477780 -0.055660 -0.005192
0.379108 0.013054 -0.484332 -0.057534 -0.005186
0.386261 0.011283 -0.490873 -0.059437 -0.005191
0.393414 0.009483 -0.497401 -0.061370 -0.005208
0.400567 0.007657 -0.503918 -0.063333 -0.005235
0.407720 0.005804 -0.510424 -0.065324 -0.005272
0.414873 0.003924 -0.516918 -0.067344 -0.005319
0.422026 0.002019 -0.523401 -0.069394 -0.005376
0.429179 0.000089 -0.529872 -0.071472 -0.005443
0.436332 -0.001866 -0.536331 -0.073578 -0.005519
0.443485 -0.003845 -0.542779 -0.075713 -0.005604
0.450638 -0.005848 -0.549215 -0.077877 -0.005698
0.457791 -0.007874 -0.555639 -0.080068 -0.005801
0.464944 -0.009923 -0.562052 -0.082288 -0.005912
0.472097 -0.011994 -0.568452 -0.084535 -0.006032
0.479250 -0.014087 -0.574841 -0.086810 -0.006159
0.486403 -0.016202 -0.581219 -0.089112 -0.006294
0.493556 -0.018339 -0.587584 -0.091442 -0.006437
0.500709 -0.020496 -0.593938 -0.093800 -0.006587
0.507862 -0.022673 -0.600280 -0.096184 -0.006745
0.515015 -0.024871 -0.606611 -0.098595 -0.006909
0.522168 -0.027088 -0.612930 -0.101033 -0.007081
0.529321 -0.029325 -0.619237 -0.103497 -0.007258
0.536474 -0.031581 -0.625533 -0.105988 -0.007443
0.543627 -0.033855 -0.631818 -0.108504 -0.007633
0.550780 -0.036148 -0.638091 -0.111047 -0.007830
0.557933 -0.038458 -0.644353 -0.113616 -0.008033
0.565086 -0.040787 -0.650603 -0.116210 -0.008242
0.572239 -0.043132 -0.656842 -0.118830 -0.008456
0.579392 -0.045495 -0.663069 -0.121474 -0.008676
0.586545 -0.047875 -0.669285 -0.124144 -0.008901
0.593698 -0.050271 -0.675489 -0.126839 -0.009132
0.600851 -0.052683 -0.681681 -0.129558 -0.009367
0.608004 -0.055111 -0.687862 -0.132301 -0.009608
0.615157 -0.057554 -0.694030 -0.135069 -0.009854
0.622310 -0.060013 -0.700187 -0.137860 -0.010104
0.629463 -0.062486 -0.706331 -0.140675 -0.010360
0.636616 -0.064975 -0.712463 -0.143514 -0.010620
0.643769 -0.067478 -0.718583 -0.146375 -0.010884
0.650922 -0.069995 -0.724690 -0.149260 -0.011153
0.658075 -0.072526 -0.730785 -0.152167 -0.011427
0.665228 -0.075070 -0.736867 -0.155097 -0.011705
0.672381 -0.077628 -0.742936 -0.158048 -0.011986
0.679534 -0.080199 -0.748993 -0.161022 -0.012273
0.686687 -0.082783 -0.755036 -0.164017 -0.012563
0.693840 -0.085379 -0.761066 -0.167034 -0.012857
0.700993 -0.087988 -0.767083 -0.170072 -0.013154
0.708146 -0.090609 -0.773087 -0.173130 -0.013456
0.715299 -0.093242 -0.779077 -0.176209 -0.013761
0.722452 -0.095886 -0.785054 -0.179309 -0.014070
0.729605 -0.098542 -0.791018 -0.182428 -0.014383
0.736758 -0.101209 -0.796968 -0.185568 -0.014698
0.743911 -0.103887 -0.802904 -0.188726 -0.015017
0.751064 -0.106575 -0.808827 -0.191904 -0.015339
0.758217 -0.109274 -0.814736 -0.195101 -0.015665
0.765370 -0.111983 -0.820632 -0.198317 -0.015993
0.772523 -0.114703 -0.826513 -0.201550 -0.016324
0.779676 -0.117432 -0.832381 -0.204802 -0.016659
0.786829 -0.120170 -0.838235 -0.208072 -0.016996
0.793982 -0.122918 -0.844074 -0.211359 -0.017335
0.801135 -0.125675 -0.849900 -0.214663 -0.017678
0.808288 -0.128441 -0.855711 -0.217984 -0.018022
0.815441 -0.131216 -0.861508 -0.221322 -0.018370
0.822594 -0.133999 -0.867290 -0.224676 -0.018720
0.829747 -0.136791 -0.873058 -0.228046 -0.019072
0.836900 -0.139590 -0.878811 -0.231431 -0.019427
0.844053 -0.142398 -0.884549 -0.234832 -0.019783
0.851206 -0.145213 -0.890271 -0.238247 -0.020142
0.858359 -0.148036 -0.895979 -0.241677 -0.020504
0.865512 -0.150866 -0.901671 -0.245122 -0.020867
0.872665 -0.153703 -0.907348 -0.248580 -0.021232
0.879818 -0.156547 -0.913009 -0.252052 -0.021600
0.886971 -0.159397 -0.918655 -0.255537 -0.021969
0.894124 -0.162255 -0.924284 -0.259035 -0.022340
0.901277 -0.165118 -0.929898 -0.262546 -0.022713
0.908430 -0.167988 -0.935495 -0.266069 -0.023087
0.915583 -0.170863 -0.941076 -0.269604 -0.023464
0.922736 -0.173744 -0.946641 -0.273150 -0.023842
0.929889 -0.176631 -0.952189 -0.276708 -0.024221
0.937042 -0.179523 -0.957721 -0.280276 -0.024602
0.944195 -0.182421 -0.963237 -0.283855 -0.024985
0.951348 -0.185323 -0.968735 -0.287444 -0.025369
0.958500 -0.188230 -0.974217 -0.291043 -0.025754
0.965653 -0.191142 -0.979682 -0.294651 -0.026140
0.972806 -0.194058 -0.985130 -0.298269 -0.026528
0.979959 -0.196979 -0.990560 -0.301895 -0.026916
0.987112 -0.199903 -0.995974 -0.305530 -0.027306
0.994265 -0.202832 -1.001370 -0.309172 -0.027697
1.001418 -0.205764 -1.006749 -0.312823 -0.028088
1.008571 -0.208700 -1.012111 -0.316480 -0.028481
1.015724 -0.211640 -1.017454 -0.320145 -0.028874
1.022877 -0.214582 -1.022780 -0.323816 -0.029268
1.030030 -0.217528 -1.028089 -0.327493 -0.029663
1.037183 -0.220476 -1.033379 -0.331177 -0.030059
1.044336 -0.223427 -1.038651 -0.334865 -0.030455
1.051489 -0.226381 -1.043904 -0.338559 -0.030852
1.058642 -0.229337 -1.049140 -0.342257 -0.031249
1.065795 -0.232296 -1.054356 -0.345960 -0.031647
1.072948 -0.235256 -1.059554 -0.349666 -0.032045
1.080101 -0.238219 -1.064733 -0.353376 -0.032444
1.087254 -0.241183 -1.069893 -0.357090 -0.032843
1.094407 -0.244149 -1.075034 -0.360806 -0.033242
1.101560 -0.247116 -1.080156 -0.364524 -0.033642
1.108713 -0.250084 -1.085258 -0.368244 -0.034042
1.115866 -0.253054 -1.090340 -0.371966 -0.034442
1.123019 -0.256025 -1.095403 -0.375690 -0.034842
1.130172 -0.258996 -1.100446 -0.379414 -0.035242
1.137325 -0.261968 -1.105468 -0.383138 -0.035642
1.144478 -0.264940 -1.110471 -0.386862 -0.036043
1.151631 -0.267913 -1.115453 -0.390586 -0.036443
1.158784 -0.270886 -1.120415 -0.394309 -0.036843
1.165937 -0.273859 -1.125356 -0.398032 -0.037243
1.173090 -0.276832 -1.130276 -0.401752 -0.037643
1.180243 -0.279804 -1.135176 -0.405471 -0.038042
1.187396 -0.282776 -1.140055 -0.409187 -0.038442
1.194549 -0.285748 -1.144912 -0.412900 -0.038841
1.201702 -0.288718 -1.149749 -0.416611 -0.039239
1.208855 -0.291688 -1.154564 -0.420318 -0.039638
1.216008 -0.294657 -1.159357 -0.424021 -0.040035
1.223161 -0.297625 -1.164129 -0.427719 -0.040433
1.230314 -0.300591 -1.168879 -0.431413 -0.040829
1.237467 -0.303556 -1.173607 -0.435102 -0.041225
1.244620 -0.306520 -1.178313 -0.438785 -0.041621
1.251773 -0.309481 -1.182997 -0.442463 -0.042016
1.258926 -0.312441 -1.187658 -0.446134 -0.042410
1.266079 -0.315398 -1.192297 -0.449798 -0.042803
1.273232 -0.318354 -1.196913 -0.453455 -0.043196
1.280385 -0.321307 -1.201507 -0.457105 -0.043588
1.287538 -0.324258 -1.206077 -0.460746 -0.043979
1.294691 -0.327206 -1.210624 -0.464380 -0.044369
1.301844 -0.330152 -1.215148 -0.468004 -0.044759
1.308997 -0.333094 -1.219648 -0.471620 -0.045147
1.316150 -0.336034 -1.224124 -0.475226 -0.045534
1.323303 -0.338970 -1.228577 -0.478821 -0.045921
1.330456 -0.341904 -1.233005 -0.482407 -0.046306
1.337609 -0.344833 -1.237409 -0.485982 -0.046690
1.344762 -0.347760 -1.241789 -0.489545 -0.047074
1.351915 -0.350682 -1.246144 -0.493097 -0.047456
1.359068 -0.353601 -1.250474 -0.496637 -0.047837
1.366221 -0.356516 -1.254779 -0.500164 -0.048217
1.373374 -0.359427 -1.259059 -0.503679 -0.048595
1.380527 -0.362334 -1.263314 -0.507181 -0.048973
1.387680 -0.365236 -1.267543 -0.510669 -0.049349
1.394833 -0.368134 -1.271747 -0.514142 -0.049724
1.401986 -0.371027 -1.275925 -0.517602 -0.050097
1.409139 -0.373916 -1.280077 -0.521046 -0.050470
1.416292 -0.376800 -1.284203 -0.524476 -0.050841
1.423445 -0.379678 -1.288302 -0.527890 -0.051210
1.430598 -0.382552 -1.292375 -0.531287 -0.051578
1.437751 -0.385421 -1.296421 -0.534669 -0.051944
1.444904 -0.388284 -1.300440 -0.538034 -0.052310
1.452057 -0.391142 -1.304433 -0.541381 -0.052673
1.459210 -0.393994 -1.308398 -0.544711 -0.053035
1.466363 -0.396840 -1.312336 -0.548023 -0.053396
1.473516 -0.399681 -1.316246 -0.551316 -0.053754
1.480669 -0.402516 -1.320129 -0.554591 -0.054112
1.487822 -0.405344 -1.323984 -0.557847 -0.054467
1.494975 -0.408167 -1.327810 -0.561083 -0.054821
1.502128 -0.410983 -1.331609 -0.564299 -0.055173
1.509281 -0.413668 -1.335156 -0.567188 -0.055446
1.516434 -0.415703 -1.337101 -0.568456 -0.056180
1.523587 -0.417459 -1.337458 -0.569315 -0.061841
1.530740 -0.418898 -1.338115 -0.570239 -0.068340
1.537893 -0.420055 -1.338790 -0.571156 -0.074203
1.545046 -0.420946 -1.339481 -0.572067 -0.079703
1.552199 -0.421586 -1.340192 -0.572971 -0.084931
1.559352 -0.421986 -1.340925 -0.573870 -0.089942
1.566505 -0.422154 -1.341682 -0.574764 -0.094768
1.573658 -0.422099 -1.342463 -0.575652 -0.099430
1.580811 -0.421827 -1.343269 -0.576536 -0.103944
1.587963 -0.421345 -1.344100 -0.577415 -0.108322
1.595116 -0.420659 -1.344955 -0.578290 -0.112571
1.602269 -0.419774 -1.345835 -0.579159 -0.116701
1.609422 -0.418697 -1.346740 -0.580023 -0.120717
1.616575 -0.417431 -1.347668 -0.580882 -0.124625
1.623728 -0.415983 -1.348621 -0.581736 -0.128428
1.630881 -0.414357 -1.349598 -0.582584 -0.132132
1.638034 -0.412558 -1.350597 -0.583428 -0.135740
1.645187 -0.410590 -1.351620 -0.584265 -0.139254
1.652340 -0.408457 -1.352665 -0.585097 -0.142678
1.659493 -0.406163 -1.353732 -0.585923 -0.146014
1.666646 -0.403714 -1.354820 -0.586744 -0.149265
1.673799 -0.401112 -1.355929 -0.587558 -0.152431
1.680952 -0.398362 -1.357058 -0.588365 -0.155516
1.688105 -0.395467 -1.358207 -0.589166 -0.158522
1.695258 -0.392431 -1.359375 -0.589960 -0.161448
1.702411 -0.389259 -1.360561 -0.590747 -0.164298
1.709564 -0.385953 -1.361765 -0.591527 -0.167073
1.716717 -0.382517 -1.362986 -0.592300 -0.169773
1.723870 -0.378954 -1.364223 -0.593065 -0.172401
1.731023 -0.375269 -1.365476 -0.593822 -0.174957
1.738176 -0.371464 -1.366743 -0.594571 -0.177443
1.745329 -0.367542 -1.368024 -0.595312 -0.179859
1.752482 -0.363507 -1.369319 -0.596044 -0.182207
1.759635 -0.359362 -1.370626 -0.596767 -0.184488
1.766788 -0.355110 -1.371945 -0.597481 -0.186702
1.773941 -0.350754 -1.373275 -0.598186 -0.188851
1.781094 -0.346298 -1.374615 -0.598881 -0.190936
1.788247 -0.341743 -1.375964 -0.599567 -0.192956
1.795400 -0.337094 -1.377322 -0.600242 -0.194914
1.802553 -0.332353 -1.378688 -0.600907 -0.196810
1.809706 -0.327522 -1.380060 -0.601561 -0.198645
1.816859 -0.322605 -1.381438 -0.602204 -0.200420
1.824012 -0.317605 -1.382823 -0.602836 -0.202134
1.831165 -0.312523 -1.384211 -0.603457 -0.203790
1.838318 -0.307363 -1.385602 -0.604066 -0.205388
1.845471 -0.302128 -1.386997 -0.604663 -0.206928
1.852624 -0.296820 -1.388394 -0.605248 -0.208412
1.859777 -0.291441 -1.389792 -0.605820 -0.209839
1.866930 -0.285994 -1.391189 -0.606379 -0.211211
1.874083 -0.280482 -1.392585 -0.606925 -0.212528
1.881236 -0.274906 -1.393982 -0.607459 -0.213791
1.888389 -0.269270 -1.395376 -0.607978 -0.215001
1.895542 -0.263576 -1.396766 -0.608483 -0.216158
1.902695 -0.257825 -1.398151 -0.608975 -0.217263
1.909848 -0.252021 -1.399534 -0.609452 -0.218316
1.917001 -0.246166 -1.400912 -0.609914 -0.219318
1.924154 -0.240261 -1.402281 -0.610361 -0.220270
1.931307 -0.234309 -1.403642 -0.610793 -0.221172
1.938460 -0.228313 -1.404998 -0.611210 -0.222024
1.945613 -0.222274 -1.406346 -0.611612 -0.222828
1.952766 -0.216194 -1.407682 -0.611996 -0.223584
1.959919 -0.210075 -1.409006 -0.612365 -0.224292
1.967072 -0.203920 -1.410322 -0.612717 -0.224953
1.974225 -0.197730 -1.411628 -0.613054 -0.225567
1.981378 -0.191508 -1.412919 -0.613373 -0.226135
1.988531 -0.185255 -1.414194 -0.613674 -0.226659
1.995684 -0.178973 -1.415457 -0.613958 -0.227137
2.002837 -0.172664 -1.416711 -0.614226 -0.227569
2.009990 -0.166331 -1.417946 -0.614475 -0.227958
2.017143 -0.159974 -1.419157 -0.614704 -0.228305
2.024296 -0.153595 -1.420357 -0.614917 -0.228607
2.031449 -0.147198 -1.421550 -0.615114 -0.228864
2.038602 -0.140782 -1.422716 -0.615290 -0.229082
2.045755 -0.134350 -1.423849 -0.615443 -0.229260
2.052908 -0.127904 -1.424977 -0.615582 -0.229394
2.060061 -0.121445 -1.426102 -0.615705 -0.229482
2.067214 -0.114975 -1.427186 -0.615804 -0.229535
2.074367 -0.108495 -1.428232 -0.615879 -0.229552
2.081520 -0.102008 -1.429283 -0.615941 -0.229522
2.088673 -0.095515 -1.430326 -0.615987 -0.229448
2.095826 -0.089016 -1.431314 -0.616004 -0.229344
2.102979 -0.082515 -1.432272 -0.616000 -0.229202
2.110132 -0.076013 -1.433242 -0.615985 -0.229013
2.117285 -0.069510 -1.434182 -0.615948 -0.228786
2.124438 -0.063009 -1.435063 -0.615881 -0.228530
2.131591 -0.056511 -1.435943 -0.615801 -0.228229
2.138744 -0.050018 -1.436823 -0.615706 -0.227884
2.145897 -0.043530 -1.437637 -0.615580 -0.227512
2.153050 -0.037051 -1.438422 -0.615433 -0.227103
2.160203 -0.030580 -1.439228 -0.615277 -0.226644
2.167356 -0.024120 -1.439982 -0.615093 -0.226153
2.174509 -0.017673 -1.440677 -0.614880 -0.225634
2.181662 -0.011239 -1.441399 -0.614660 -0.225062
2.188815 -0.004820 -1.442095 -0.614420 -0.224452
2.195968 0.001582 -1.442709 -0.614143 -0.223819
2.203121 0.007966 -1.443344 -0.613859 -0.223133
2.210274 0.014329 -1.443985 -0.613563 -0.222399
2.217427 0.020671 -1.444530 -0.613227 -0.221643
2.224579 0.026989 -1.445087 -0.612881 -0.220835
2.231732 0.033281 -1.445684 -0.612532 -0.219965
2.238885 0.039546 -1.446181 -0.612143 -0.219069
2.246038 0.045781 -1.446689 -0.611743 -0.218115
2.253191 0.051982 -1.447279 -0.611351 -0.217077
2.260344 0.058148 -1.447782 -0.610922 -0.215997
2.267497 0.064273 -1.448323 -0.610490 -0.214830
2.274650 0.070353 -1.449032 -0.610087 -0.213525
2.281803 0.076380 -1.449730 -0.609668 -0.212105
2.288956 0.082342 -1.450635 -0.609289 -0.210464
2.296109 0.088222 -1.452038 -0.609024 -0.208433
2.303262 0.093990 -1.453921 -0.608869 -0.205877
2.310415 0.099604 -1.456738 -0.608939 -0.202530
2.317568 0.105031 -1.460432 -0.609219 -0.198508
2.324721 0.110263 -1.464044 -0.609461 -0.194396
2.331874 0.115310 -1.467462 -0.609638 -0.190451
2.339027 0.120198 -1.470444 -0.609686 -0.186895
2.346180 0.124942 -1.472676 -0.609528 -0.183734
2.353333 0.129549 -1.474952 -0.609365 -0.180608
2.360486 0.134023 -1.477105 -0.609156 -0.177547
2.367639 0.138369 -1.478724 -0.608797 -0.174656
2.374792 0.142586 -1.480719 -0.608518 -0.171655
2.381945 0.146680 -1.482291 -0.608117 -0.168786
2.389098 0.150652 -1.483527 -0.607616 -0.166003
2.396251 0.154502 -1.485327 -0.607243 -0.163059
2.403404 0.158236 -1.486096 -0.606597 -0.160408
2.410557 0.161852 -1.487329 -0.606053 -0.157601
2.417710 0.165353 -1.488589 -0.605502 -0.154788
2.424863 0.168740 -1.488645 -0.604636 -0.152271
2.432016 0.172011 -1.490434 -0.604189 -0.149256
2.439169 0.175169 -1.490013 -0.603178 -0.146815
2.446322 0.178211 -1.491233 -0.602561 -0.143893
2.453475 0.181139 -1.491547 -0.601707 -0.141181
2.460628 0.183952 -1.491332 -0.600709 -0.138605
2.467781 0.186650 -1.492712 -0.600090 -0.135547
2.474934 0.189236 -1.491383 -0.598794 -0.133249
2.482087 0.191707 -1.493151 -0.598243 -0.130076
2.489240 0.194069 -1.491796 -0.596917 -0.127783
2.496393 0.196318 -1.492843 -0.596164 -0.124826
2.503546 0.198458 -1.492730 -0.595116 -0.122233
2.510699 0.200490 -1.492452 -0.594015 -0.119680
2.517852 0.202411 -1.493679 -0.593266 -0.116770
2.525005 0.204226 -1.493938 -0.592270 -0.114174
2.532158 0.205931 -1.494331 -0.591293 -0.111519
2.539311 0.207529 -1.495206 -0.590420 -0.108760
2.546464 0.209020 -1.496035 -0.589521 -0.106011
2.553617 0.210402 -1.496391 -0.588497 -0.103306
2.560770 0.211679 -1.496277 -0.587350 -0.100673
2.567923 0.212847 -1.496222 -0.586204 -0.097907
2.575076 0.213909 -1.495150 -0.584808 -0.095339
2.582229 0.214864 -1.494246 -0.583440 -0.092679
2.589382 0.215710 -1.493256 -0.582042 -0.089990
2.596535 0.216450 -1.492213 -0.580621 -0.087348
2.603688 0.217079 -1.491226 -0.579203 -0.084644
2.610841 0.217597 -1.490531 -0.577843 -0.081885
2.617994 0.218002 -1.489513 -0.576398 -0.079175
2.625147 0.218290 -1.488994 -0.575058 -0.076316
2.632300 0.218464 -1.488152 -0.573633 -0.073563
2.639453 0.218518 -1.487215 -0.572176 -0.070774
2.646606 0.218457 -1.486601 -0.570783 -0.067951
2.653759 0.218277 -1.486002 -0.569383 -0.065080
2.660912 0.217983 -1.484650 -0.567803 -0.062433
2.668065 0.217575 -1.483422 -0.566242 -0.059712
2.675218 0.217050 -1.483203 -0.564898 -0.056636
2.682371 0.216410 -1.482345 -0.563401 -0.053755
2.689524 0.215649 -1.480670 -0.561712 -0.050930
2.696677 0.214765 -1.479615 -0.560153 -0.047862
2.703830 0.213749 -1.478846 -0.558648 -0.044592
2.710983 0.212593 -1.478285 -0.557180 -0.041127
2.718136 0.211295 -1.477708 -0.555698 -0.037626
2.725289 0.209842 -1.477280 -0.554239 -0.033922
2.732442 0.208236 -1.476872 -0.552775 -0.030234
2.739595 0.206470 -1.477019 -0.551421 -0.026326
2.746748 0.204540 -1.476933 -0.550006 -0.022486
2.753901 0.202447 -1.476967 -0.548607 -0.018648
2.761054 0.200183 -1.476703 -0.547133 -0.014796
2.768207 0.197748 -1.476186 -0.545596 -0.011010
2.775360 0.195138 -1.475286 -0.543969 -0.007247
2.782513 0.192348 -1.474464 -0.542350 -0.003402
2.789666 0.189390 -1.473302 -0.540651 0.000237
2.796819 0.186273 -1.471775 -0.538868 0.003629
2.803972 0.183028 -1.469742 -0.536974 0.006525
2.811125 0.179700 -1.466814 -0.534888 0.008599
2.818278 0.176346 -1.462536 -0.532520 0.009572
2.825431 0.173039 -1.456808 -0.529854 0.009291
2.832584 0.169858 -1.449435 -0.526855 0.007603
2.839737 0.166880 -1.440200 -0.523484 0.004508
2.846890 0.164146 -1.430171 -0.519962 0.000776
2.854043 0.161717 -1.418695 -0.516160 -0.004053
2.861195 0.159626 -1.406763 -0.512281 -0.009294
2.868348 0.157648 -1.400033 -0.509452 -0.010294
2.875501 0.156002 -1.388147 -0.505608 -0.015331
2.882654 0.154800 -1.374347 -0.501405 -0.022103
2.889807 0.153677 -1.368864 -0.498848 -0.022045
2.896960 0.152571 -1.364768 -0.496564 -0.020784
2.904113 0.151211 -1.367132 -0.495530 -0.014386
2.911266 0.149569 -1.370079 -0.494595 -0.007501
2.918419 0.147977 -1.365432 -0.492192 -0.006753
2.925572 0.146647 -1.355863 -0.488855 -0.009940
2.932725 0.145458 -1.349014 -0.486044 -0.010855
2.939878 0.144197 -1.349071 -0.484318 -0.005746
2.947031 0.142738 -1.352226 -0.482910 0.001779
2.954184 0.140992 -1.356473 -0.481539 0.009727
2.961337 0.138836 -1.362807 -0.480446 0.019169
2.968490 0.136047 -1.373506 -0.480079 0.032187
2.975643 0.132245 -1.392337 -0.481136 0.051869
2.982796 0.126928 -1.421834 -0.484074 0.080304
2.989949 0.120304 -1.445428 -0.485868 0.104376
2.997102 0.113859 -1.435188 -0.481491 0.101240
3.004255 0.108817 -1.398526 -0.472350 0.076280
3.011408 0.105744 -1.351128 -0.461299 0.041835
3.018561 0.103849 -1.323812 -0.453822 0.022615
3.025714 0.102190 -1.318064 -0.450141 0.020525
3.032867 0.100561 -1.316990 -0.447258 0.022150
3.040020 0.098933 -1.316775 -0.444504 0.024387
3.047173 0.097260 -1.317705 -0.441927 0.027515
3.054326 0.095498 -1.319058 -0.439401 0.031302
3.061479 0.093606 -1.320891 -0.436936 0.035733
3.068632 0.091538 -1.323072 -0.434510 0.040782
3.075785 0.089238 -1.325728 -0.432142 0.046596
3.082938 0.086639 -1.329518 -0.429943 0.053537
3.090091 0.083671 -1.334484 -0.427916 0.061627
3.097244 0.080308 -1.339666 -0.425903 0.070056
3.104397 0.076649 -1.342448 -0.423477 0.076671
3.111550 0.072900 -1.340740 -0.420306 0.079625
3.118703 0.069227 -1.335711 -0.416588 0.079795
3.125856 0.065614 -1.331450 -0.412984 0.080412
3.133009 0.061916 -1.330775 -0.409936 0.083785
3.140162 0.057999 -1.333147 -0.407352 0.089570
3.147315 0.053797 -1.336969 -0.404977 0.096504
3.154468 0.049281 -1.341443 -0.402684 0.103894
3.161621 0.044438 -1.346416 -0.400449 0.111550
3.168774 0.039254 -1.351962 -0.398282 0.119478
3.175927 0.033715 -1.358199 -0.396199 0.127759
3.183080 0.027797 -1.365351 -0.394233 0.136562
3.190233 0.021465 -1.373707 -0.392425 0.146108
3.197386 0.014672 -1.383513 -0.390806 0.156609
3.204539 0.007354 -1.395097 -0.389422 0.168345
3.211692 -0.000576 -1.408984 -0.388342 0.181746
3.218845 -0.009238 -1.425838 -0.387656 0.197339
3.225998 -0.018775 -1.446082 -0.387416 0.215506
3.233151 -0.029335 -1.469500 -0.387582 0.236177
3.240304 -0.041025 -1.494953 -0.387986 0.258539
3.247457 -0.053835 -1.519558 -0.388228 0.280337
3.254610 -0.067474 -1.536923 -0.387439 0.296466
3.261763 -0.081277 -1.538962 -0.384549 0.300390
3.268916 -0.094512 -1.524534 -0.379449 0.291104
3.276069 -0.106744 -1.500211 -0.373052 0.273990
3.283222 -0.117877 -1.472785 -0.366277 0.254902
3.290375 -0.128102 -1.447470 -0.359807 0.238518
3.297528 -0.137734 -1.426457 -0.353918 0.226835
3.304681 -0.146997 -1.408183 -0.348401 0.218386
3.311834 -0.155973 -1.390520 -0.342981 0.211006
3.318987 -0.164676 -1.372892 -0.337585 0.203848
3.326140 -0.173167 -1.356654 -0.332381 0.197841
3.333293 -0.181556 -1.342789 -0.327484 0.193813
3.340446 -0.189894 -1.329825 -0.322712 0.190605
3.347599 -0.198132 -1.315881 -0.317838 0.186591
3.354752 -0.206220 -1.301225 -0.312899 0.181855
3.361905 -0.214185 -1.287483 -0.308086 0.177715
3.369058 -0.222080 -1.274949 -0.303430 0.174514
3.376211 -0.229918 -1.262660 -0.298820 0.171516
3.383364 -0.237692 -1.250189 -0.294207 0.168327
3.390517 -0.245424 -1.238359 -0.289685 0.165573
3.397670 -0.253205 -1.228501 -0.285397 0.164365
3.404823 -0.261162 -1.221202 -0.281401 0.165276
3.411976 -0.269411 -1.215993 -0.277640 0.168020
3.419129 -0.278022 -1.211827 -0.273999 0.171788
3.426282 -0.287001 -1.207397 -0.270338 0.175503
3.433435 -0.296272 -1.201171 -0.266503 0.177810
3.440588 -0.305659 -1.191525 -0.262335 0.177152
3.447741 -0.314906 -1.177315 -0.257734 0.172340
3.454894 -0.323770 -1.158909 -0.252750 0.163634
3.462047 -0.332138 -1.138373 -0.247596 0.153054
3.469200 -0.340060 -1.118006 -0.242500 0.142981
3.476353 -0.347677 -1.099138 -0.237585 0.134825
3.483506 -0.355147 -1.082034 -0.232872 0.128833
3.490659 -0.362586 -1.066155 -0.228307 0.124415
3.497811 -0.370050 -1.050710 -0.223815 0.120700
3.504964 -0.377551 -1.035270 -0.219359 0.117132
3.512117 -0.385107 -1.020128 -0.214964 0.113842
3.519270 -0.392771 -1.006088 -0.210698 0.111499
3.526423 -0.400630 -0.993699 -0.206604 0.110599
3.533576 -0.408752 -0.982715 -0.202657 0.110894
3.540729 -0.417144 -0.972166 -0.198774 0.111429
3.547882 -0.425730 -0.960775 -0.194853 0.110942
3.555035 -0.434365 -0.947465 -0.190813 0.108371
3.562188 -0.442880 -0.931817 -0.186630 0.103323
3.569341 -0.451138 -0.914175 -0.182338 0.096209
3.576494 -0.459055 -0.895173 -0.177992 0.087820
3.583647 -0.466598 -0.875178 -0.173622 0.078746
3.590800 -0.473750 -0.854239 -0.169237 0.069208
3.597953 -0.480499 -0.832370 -0.164842 0.059254
3.605106 -0.486829 -0.809734 -0.160450 0.048922
3.612259 -0.492713 -0.786482 -0.156077 0.038153
3.619412 -0.498105 -0.762728 -0.151731 0.026837
3.626565 -0.502973 -0.739019 -0.147451 0.015307
3.633718 -0.507347 -0.716557 -0.143311 0.004582
3.640871 -0.511321 -0.696452 -0.139374 -0.004291
3.648024 -0.515007 -0.678851 -0.135642 -0.011087
3.655177 -0.518485 -0.663036 -0.132064 -0.016399
3.662330 -0.521780 -0.648096 -0.128585 -0.021068
3.669483 -0.524875 -0.633414 -0.125166 -0.025728
3.676636 -0.527737 -0.618890 -0.121804 -0.030582
3.683789 -0.530348 -0.605048 -0.118524 -0.035286
3.690942 -0.532728 -0.592726 -0.115367 -0.039195
3.698095 -0.534911 -0.582297 -0.112345 -0.042013
3.705248 -0.536912 -0.573324 -0.109431 -0.044106
3.712401 -0.538710 -0.565030 -0.106586 -0.046124
3.719554 -0.540259 -0.556933 -0.103785 -0.048461
3.726707 -0.541525 -0.549178 -0.101035 -0.050961
3.733860 -0.542510 -0.542332 -0.098357 -0.053068
3.741013 -0.543248 -0.536712 -0.095762 -0.054370
3.748166 -0.543774 -0.531913 -0.093228 -0.055009
3.755319 -0.544101 -0.527044 -0.090722 -0.055528
3.762472 -0.544221 -0.521311 -0.088214 -0.056438
3.769625 -0.544118 -0.514456 -0.085699 -0.057893
3.776778 -0.543790 -0.506802 -0.083193 -0.059635
3.783931 -0.543257 -0.498907 -0.080715 -0.061255
3.791084 -0.542550 -0.491118 -0.078277 -0.062517
3.798237 -0.541695 -0.483453 -0.075879 -0.063459
3.805390 -0.540708 -0.475775 -0.073516 -0.064234
3.812543 -0.539598 -0.467997 -0.071188 -0.064957
3.819696 -0.538369 -0.460148 -0.068894 -0.065648
3.826849 -0.537027 -0.452318 -0.066638 -0.066269
3.834002 -0.535580 -0.444590 -0.064422 -0.066774
3.841155 -0.534037 -0.436989 -0.062245 -0.067149
3.848308 -0.532404 -0.429491 -0.060107 -0.067410
3.855461 -0.530689 -0.422040 -0.058007 -0.067591
3.862614 -0.528897 -0.414572 -0.055944 -0.067727
3.869767 -0.527030 -0.407022 -0.053917 -0.067854
3.876920 -0.525093 -0.399331 -0.051926 -0.068003
3.884073 -0.523086 -0.391451 -0.049972 -0.068198
3.891226 -0.521011 -0.383354 -0.048054 -0.068452
3.898379 -0.518870 -0.375040 -0.046175 -0.068764
3.905532 -0.516665 -0.366540 -0.044335 -0.069117
3.912685 -0.514398 -0.357912 -0.042535 -0.069486
3.919838 -0.512072 -0.349235 -0.040776 -0.069837
3.926991 -0.509691 -0.340590 -0.039059 -0.070134
3.934144 -0.507259 -0.332053 -0.037384 -0.070349
3.941297 -0.504781 -0.323680 -0.035749 -0.070463
3.948450 -0.502261 -0.315502 -0.034155 -0.070467
3.955603 -0.499702 -0.307523 -0.032601 -0.070367
3.962756 -0.497108 -0.299724 -0.031087 -0.070173
3.969909 -0.494482 -0.292076 -0.029611 -0.069903
3.977062 -0.491825 -0.284543 -0.028174 -0.069575
3.984215 -0.489140 -0.277091 -0.026777 -0.069205
3.991368 -0.486428 -0.269691 -0.025419 -0.068805
3.998521 -0.483690 -0.262321 -0.024100 -0.068387
4.005674 -0.480926 -0.254964 -0.022820 -0.067957
4.012827 -0.478139 -0.247602 -0.021581 -0.067523
4.019980 -0.475328 -0.240225 -0.020382 -0.067089
4.027133 -0.472493 -0.232821 -0.019223 -0.066660
4.034286 -0.469637 -0.225386 -0.018105 -0.066236
4.041439 -0.466758 -0.217917 -0.017029 -0.065820
4.048592 -0.463857 -0.210411 -0.015994 -0.065411
4.055745 -0.460936 -0.202871 -0.015000 -0.065008
4.062898 -0.457993 -0.195300 -0.014048 -0.064611
4.070051 -0.455030 -0.187698 -0.013138 -0.064219
4.077204 -0.452048 -0.180069 -0.012269 -0.063831
4.084357 -0.449045 -0.172412 -0.011443 -0.063448
4.091510 -0.446023 -0.164729 -0.010659 -0.063070
4.098663 -0.442983 -0.157020 -0.009917 -0.062696
4.105816 -0.439923 -0.149284 -0.009218 -0.062327
4.112969 -0.436845 -0.141523 -0.008561 -0.061963
4.120122 -0.433749 -0.133740 -0.007946 -0.061603
4.127275 -0.430635 -0.125937 -0.007374 -0.061247
4.134427 -0.427504 -0.118117 -0.006845 -0.060893
4.141580 -0.424355 -0.110282 -0.006358 -0.060542
4.148733 -0.421188 -0.102431 -0.005914 -0.060194
4.155886 -0.418005 -0.094564 -0.005513 -0.059848
4.163039 -0.414805 -0.086678 -0.005155 -0.059506
4.170192 -0.411589 -0.078771 -0.004839 -0.059169
4.177345 -0.408355 -0.070841 -0.004568 -0.058836
4.184498 -0.405106 -0.062890 -0.004339 -0.058508
4.191651 -0.401841 -0.054917 -0.004154 -0.058184
4.198804 -0.398560 -0.046925 -0.004013 -0.057863
4.205957 -0.395263 -0.038919 -0.003914 -0.057544
4.213110 -0.391950 -0.030903 -0.003859 -0.057225
4.220263 -0.388623 -0.022881 -0.003847 -0.056905
4.227416 -0.385280 -0.014857 -0.003877 -0.056583
4.234569 -0.381923 -0.006835 -0.003949 -0.056259
4.241722 -0.378551 0.001185 -0.004064 -0.055931
4.248875 -0.375165 0.009200 -0.004220 -0.055600
4.256028 -0.371765 0.017211 -0.004419 -0.055265
4.263181 -0.368352 0.025217 -0.004660 -0.054927
4.270334 -0.364925 0.033216 -0.004942 -0.054584
4.277487 -0.361484 0.041206 -0.005266 -0.054238
4.284640 -0.358031 0.049185 -0.005632 -0.053886
4.291793 -0.354565 0.057153 -0.006038 -0.053530
4.298946 -0.351086 0.065109 -0.006485 -0.053168
4.306099 -0.347595 0.073052 -0.006974 -0.052802
4.313252 -0.344093 0.080984 -0.007503 -0.052431
4.320405 -0.340578 0.088905 -0.008073 -0.052055
4.327558 -0.337052 0.096818 -0.008684 -0.051677
4.334711 -0.333515 0.104722 -0.009336 -0.051295
4.341864 -0.329966 0.112618 -0.010028 -0.050910
4.349017 -0.326407 0.120506 -0.010761 -0.050521
4.356170 -0.322837 0.128385 -0.011534 -0.050130
4.363323 -0.319256 0.136254 -0.012348 -0.049735
4.370476 -0.315665 0.144112 -0.013201 -0.049337
4.377629 -0.312064 0.151959 -0.014094 -0.048935
4.384782 -0.308453 0.159792 -0.015027 -0.048528
4.391935 -0.304833 0.167610 -0.015999 -0.048118
4.399088 -0.301203 0.175413 -0.017009 -0.047703
4.406241 -0.297563 0.183199 -0.018058 -0.047282
4.413394 -0.293915 0.190966 -0.019146 -0.046857
4.420547 -0.290258 0.198715 -0.020271 -0.046427
4.427700 -0.286592 0.206444 -0.021435 -0.045992
4.434853 -0.282918 0.214153 -0.022635 -0.045551
4.442006 -0.279236 0.221844 -0.023874 -0.045106
4.449159 -0.275546 0.229517 -0.025149 -0.044656
4.456312 -0.271848 0.237172 -0.026462 -0.044203
4.463465 -0.268143 0.244812 -0.027811 -0.043746
4.470618 -0.264430 0.252437 -0.029198 -0.043286
4.477771 -0.260710 0.260048 -0.030622 -0.042822
4.484924 -0.256982 0.267644 -0.032082 -0.042357
4.492077 -0.253248 0.275228 -0.033579 -0.041888
4.499230 -0.249508 0.282799 -0.035112 -0.041418
4.506383 -0.245760 0.290356 -0.036681 -0.040945
4.513536 -0.242006 0.297899 -0.038286 -0.040470
4.520689 -0.238246 0.305430 -0.039927 -0.039992
4.527842 -0.234480 0.312946 -0.041603 -0.039513
4.534995 -0.230708 0.320448 -0.043314 -0.039031
4.542148 -0.226931 0.327935 -0.045060 -0.038546
4.549301 -0.223147 0.335407 -0.046841 -0.038060
4.556454 -0.219359 0.342863 -0.048655 -0.037570
4.563607 -0.215564 0.350303 -0.050504 -0.037079
4.570760 -0.211765 0.357728 -0.052386 -0.036585
4.577913 -0.207961 0.365135 -0.054302 -0.036089
4.585066 -0.204152 0.372527 -0.056250 -0.035590
4.592219 -0.200338 0.379903 -0.058232 -0.035090
4.599372 -0.196520 0.387262 -0.060246 -0.034588
4.606525 -0.192697 0.394606 -0.062292 -0.034083
4.613678 -0.188871 0.401935 -0.064371 -0.033577
4.620831 -0.185040 0.409249 -0.066482 -0.033070
4.627984 -0.181205 0.416548 -0.068624 -0.032561
4.635137 -0.177366 0.423832 -0.070797 -0.032051
4.642290 -0.173524 0.431101 -0.073002 -0.031540
4.649443 -0.169678 0.438356 -0.075238 -0.031028
4.656596 -0.165829 0.445595 -0.077504 -0.030514
4.663749 -0.161976 0.452817 -0.079800 -0.029999
4.670902 -0.158121 0.460024 -0.082125 -0.029483
4.678055 -0.154262 0.467213 -0.084480 -0.028965
4.685208 -0.150400 0.474384 -0.086864 -0.028446
4.692361 -0.146536 0.481537 -0.089277 -0.027925
4.699514 -0.142670 0.488672 -0.091718 -0.027402
4.706667 -0.138801 0.495789 -0.094187 -0.026878
4.713820 -0.134929 0.502887 -0.096683 -0.026353
4.720973 -0.131056 0.509966 -0.099206 -0.025826
4.728126 -0.127180 0.517027 -0.101757 -0.025298
4.735279 -0.123303 0.524070 -0.104334 -0.024769
4.742432 -0.119424 0.531094 -0.106937 -0.024238
4.749585 -0.115543 0.538100 -0.109566 -0.023707
4.756738 -0.111661 0.545087 -0.112221 -0.023175
4.763890 -0.107778 0.552057 -0.114901 -0.022642
4.771043 -0.103893 0.559009 -0.117607 -0.022108
4.778196 -0.100007 0.565942 -0.120337 -0.021573
4.785349 -0.096121 0.572858 -0.123091 -0.021038
4.792502 -0.092233 0.579755 -0.125869 -0.020502
4.799655 -0.088345 0.586634 -0.128671 -0.019966
4.806808 -0.084457 0.593494 -0.131496 -0.019429
4.813961 -0.080568 0.600336 -0.134344 -0.018892
4.821114 -0.076679 0.607160 -0.137214 -0.018355
4.828267 -0.072790 0.613965 -0.140107 -0.017817
4.835420 -0.068900 0.620750 -0.143021 -0.017278
4.842573 -0.065011 0.627517 -0.145957 -0.016740
4.849726 -0.061122 0.634265 -0.148914 -0.016201
4.856879 -0.057233 0.640994 -0.151891 -0.015662
4.864032 -0.053345 0.647704 -0.154889 -0.015123
4.871185 -0.049458 0.654395 -0.157906 -0.014583
4.878338 -0.045571 0.661066 -0.160943 -0.014044
4.885491 -0.041685 0.667717 -0.164000 -0.013505
4.892644 -0.037801 0.674349 -0.167074 -0.012965
4.899797 -0.033917 0.680961 -0.170168 -0.012426
4.906950 -0.030034 0.687552 -0.173279 -0.011886
4.914103 -0.026153 0.694123 -0.176407 -0.011347
4.921256 -0.022274 0.700673 -0.179553 -0.010807
4.928409 -0.018396 0.707202 -0.182715 -0.010268
4.935562 -0.014519 0.713711 -0.185893 -0.009729
4.942715 -0.010645 0.720199 -0.189087 -0.009190
4.949868 -0.006773 0.726665 -0.192297 -0.008651
4.957021 -0.002902 0.733111 -0.195522 -0.008112
4.964174 0.000966 0.739535 -0.198761 -0.007574
4.971327 0.004831 0.745938 -0.202014 -0.007036
4.978480 0.008694 0.752320 -0.205282 -0.006498
4.985633 0.012555 0.758679 -0.208563 -0.005961
4.992786 0.016413 0.765018 -0.211856 -0.005424
4.999939 0.020268 0.771334 -0.215162 -0.004888
5.007092 0.024120 0.777628 -0.218481 -0.004353
5.014245 0.027969 0.783899 -0.221811 -0.003817
5.021398 0.031815 0.790149 -0.225152 -0.003283
5.028551 0.035657 0.796376 -0.228504 -0.002749
5.035704 0.039496 0.802580 -0.231867 -0.002215
5.042857 0.043331 0.808761 -0.235239 -0.001683
5.050010 0.047163 0.814919 -0.238621 -0.001151
5.057163 0.050991 0.821055 -0.242012 -0.000619
5.064316 0.054815 0.827167 -0.245412 -0.000089
5.071469 0.058635 0.833255 -0.248820 0.000441
5.078622 0.062451 0.839319 -0.252236 0.000970
5.085775 0.066262 0.845360 -0.255659 0.001498
5.092928 0.070070 0.851377 -0.259089 0.002025
5.100081 0.073872 0.857369 -0.262525 0.002552
5.107234 0.077670 0.863337 -0.265967 0.003077
5.114387 0.081464 0.869280 -0.269415 0.003602
5.121540 0.085252 0.875198 -0.272868 0.004126
5.128693 0.089036 0.881092 -0.276326 0.004648
5.135846 0.092814 0.886961 -0.279788 0.005170
5.142999 0.096587 0.892806 -0.283253 0.005690
5.150152 0.100355 0.898625 -0.286723 0.006210
5.157305 0.104117 0.904419 -0.290195 0.006728
5.164458 0.107874 0.910188 -0.293670 0.007244
5.171611 0.111626 0.915931 -0.297146 0.007760
5.178764 0.115371 0.921649 -0.300625 0.008274
5.185917 0.119111 0.927341 -0.304104 0.008787
5.193070 0.122844 0.933008 -0.307585 0.009299
5.200223 0.126572 0.938648 -0.311065 0.009809
5.207376 0.130293 0.944262 -0.314546 0.010318
5.214529 0.134008 0.949850 -0.318026 0.010825
5.221682 0.137717 0.955412 -0.321505 0.011331
5.228835 0.141419 0.960946 -0.324982 0.011835
5.235988 0.145114 0.966454 -0.328458 0.012338
5.243141 0.148803 0.971936 -0.331931 0.012839
5.250294 0.152485 0.977390 -0.335401 0.013339
5.257447 0.156159 0.982816 -0.338868 0.013837
5.264600 0.159827 0.988216 -0.342332 0.014333
5.271753 0.163488 0.993588 -0.345791 0.014828
5.278906 0.167141 0.998931 -0.349246 0.015321
5.286059 0.170787 1.004247 -0.352695 0.015813
5.293212 0.174425 1.009534 -0.356139 0.016302
5.300365 0.178056 1.014793 -0.359577 0.016791
5.307518 0.181679 1.020023 -0.363008 0.017277
5.314671 0.185294 1.025223 -0.366433 0.017762
5.321824 0.188901 1.030394 -0.369850 0.018245
5.328977 0.192500 1.035536 -0.373259 0.018726
5.336130 0.196091 1.040649 -0.376660 0.019206
5.343283 0.199674 1.045731 -0.380052 0.019683
5.350436 0.203248 1.050783 -0.383435 0.020159
5.357589 0.206814 1.055806 -0.386808 0.020633
5.364742 0.210371 1.060798 -0.390172 0.021105
5.371895 0.213920 1.065760 -0.393525 0.021575
5.379048 0.217460 1.070691 -0.396867 0.022044
5.386201 0.220991 1.075592 -0.400197 0.022510
5.393354 0.224513 1.080462 -0.403516 0.022974
5.400506 0.228026 1.085301 -0.406823 0.023436
5.407659 0.231530 1.090110 -0.410117 0.023897
5.414812 0.235024 1.094887 -0.413398 0.024355
5.421965 0.238509 1.099632 -0.416666 0.024811
5.429118 0.241985 1.104346 -0.419919 0.025264
5.436271 0.245451 1.109028 -0.423159 0.025716
5.443424 0.248908 1.113678 -0.426383 0.026166
5.450577 0.252354 1.118296 -0.429593 0.026613
5.457730 0.255791 1.122882 -0.432786 0.027058
5.464883 0.259218 1.127435 -0.435964 0.027501
5.472036 0.262634 1.131956 -0.439125 0.027942
5.479189 0.266041 1.136443 -0.442270 0.028381
5.486342 0.269437 1.140898 -0.445397 0.028817
5.493495 0.272823 1.145319 -0.448506 0.029251
5.500648 0.276198 1.149707 -0.451597 0.029683
5.507801 0.279563 1.154061 -0.454670 0.030113
5.514954 0.282917 1.158381 -0.457723 0.030540
5.522107 0.286261 1.162667 -0.460757 0.030965
5.529260 0.289594 1.166918 -0.463772 0.031388
5.536413 0.292915 1.171135 -0.466766 0.031808
5.543566 0.296226 1.175317 -0.469739 0.032227
5.550719 0.299526 1.179465 -0.472691 0.032642
5.557872 0.302814 1.183577 -0.475622 0.033056
5.565025 0.306091 1.187653 -0.478531 0.033467
5.572178 0.309356 1.191695 -0.481418 0.033876
5.579331 0.312611 1.195700 -0.484282 0.034282
5.586484 0.315853 1.199670 -0.487123 0.034686
5.593637 0.319084 1.203603 -0.489941 0.035088
5.600790 0.322303 1.207501 -0.492735 0.035487
5.607943 0.325510 1.211362 -0.495504 0.035884
5.615096 0.328706 1.215186 -0.498250 0.036279
5.622249 0.331889 1.218973 -0.500970 0.036671
5.629402 0.335060 1.222723 -0.503664 0.037061
5.636555 0.338219 1.226436 -0.506334 0.037448
5.643708 0.341365 1.230111 -0.508977 0.037833
5.650861 0.344500 1.233749 -0.511593 0.038215
5.658014 0.347621 1.237348 -0.514183 0.038595
5.665167 0.350730 1.240910 -0.516745 0.038973
5.672320 0.353827 1.244433 -0.519280 0.039348
5.679473 0.356910 1.247918 -0.521788 0.039721
5.686626 0.359981 1.251364 -0.524266 0.040091
5.693779 0.363039 1.254771 -0.526717 0.040459
5.700932 0.366084 1.258139 -0.529138 0.040824
5.708085 0.369116 1.261468 -0.531530 0.041187
5.715238 0.372135 1.264757 -0.533892 0.041547
5.722391 0.375140 1.268007 -0.536225 0.041905
5.729544 0.378132 1.271217 -0.538527 0.042261
5.736697 0.381110 1.274387 -0.540799 0.042614
5.743850 0.384075 1.277517 -0.543039 0.042964
5.751003 0.387027 1.280606 -0.545249 0.043312
5.758156 0.389964 1.283655 -0.547427 0.043658
5.765309 0.392888 1.286664 -0.549573 0.044001
5.772462 0.395798 1.289631 -0.551687 0.044341
5.779615 0.398694 1.292557 -0.553768 0.044679
5.786768 0.401576 1.295442 -0.555817 0.045015
5.793921 0.404444 1.298285 -0.557832 0.045348
5.801074 0.407298 1.301086 -0.559814 0.045678
5.808227 0.410138 1.303846 -0.561763 0.046007
5.815380 0.412963 1.306563 -0.563677 0.046332
5.822533 0.415774 1.309238 -0.565557 0.046656
5.829686 0.418570 1.311870 -0.567403 0.046976
5.836839 0.421351 1.314460 -0.569214 0.047295
5.843992 0.424118 1.317006 -0.570989 0.047611
5.851145 0.426870 1.319510 -0.572730 0.047924
5.858298 0.429608 1.321969 -0.574434 0.048235
5.865451 0.432330 1.324385 -0.576103 0.048544
5.872604 0.435037 1.326758 -0.577736 0.048850
5.879757 0.437730 1.329086 -0.579332 0.049154
5.886910 0.440407 1.331370 -0.580891 0.049456
5.894063 0.443069 1.333610 -0.582414 0.049755
5.901216 0.445716 1.335805 -0.583900 0.050051
5.908369 0.448347 1.337955 -0.585348 0.050346
5.915522 0.450963 1.340060 -0.586758 0.050638
5.922675 0.453563 1.342120 -0.588131 0.050927
5.929828 0.456147 1.344135 -0.589466 0.051215
5.936981 0.458716 1.346105 -0.590762 0.051500
5.944134 0.461269 1.348029 -0.592021 0.051782
5.951287 0.463807 1.349907 -0.593240 0.052063
5.958440 0.466328 1.351739 -0.594421 0.052341
5.965593 0.468833 1.353525 -0.595563 0.052616
5.972746 0.471323 1.355264 -0.596665 0.052889
5.979899 0.473635 1.356672 -0.597328 0.053058
5.987052 0.475664 1.357094 -0.597272 0.054217
5.994205 0.477529 1.356980 -0.597060 0.057451
6.001358 0.479225 1.356967 -0.596862 0.060828
6.008511 0.480770 1.356939 -0.596647 0.063860
6.015664 0.482174 1.356897 -0.596415 0.066680
6.022817 0.483446 1.356841 -0.596166 0.069333
6.029970 0.484594 1.356773 -0.595902 0.071849
6.037122 0.485621 1.356694 -0.595622 0.074244
6.044275 0.486535 1.356604 -0.595325 0.076531
6.051428 0.487339 1.356501 -0.595013 0.078716
6.058581 0.488039 1.356387 -0.594685 0.080808
6.065734 0.488637 1.356260 -0.594341 0.082811
6.072887 0.489139 1.356121 -0.593981 0.084728
6.080040 0.489549 1.355969 -0.593604 0.086565
6.087193 0.489869 1.355803 -0.593212 0.088324
6.094346 0.490104 1.355624 -0.592803 0.090008
6.101499 0.490257 1.355431 -0.592378 0.091619
6.108652 0.490331 1.355223 -0.591936 0.093160
6.115805 0.490330 1.355000 -0.591478 0.094632
6.122958 0.490257 1.354763 -0.591003 0.096038
6.130111 0.490115 1.354510 -0.590512 0.097379
6.137264 0.489908 1.354241 -0.590004 0.098656
6.144417 0.489637 1.353956 -0.589480 0.099871
6.151570 0.489307 1.353654 -0.588939 0.101025
6.158723 0.488920 1.353336 -0.588381 0.102119
6.165876 0.488478 1.353000 -0.587806 0.103154
6.173029 0.487985 1.352646 -0.587214 0.104132
6.180182 0.487444 1.352275 -0.586606 0.105052
6.187335 0.486856 1.351885 -0.585980 0.105917
6.194488 0.486225 1.351476 -0.585338 0.106727
6.201641 0.485554 1.351049 -0.584678 0.107483
6.208794 0.484845 1.350602 -0.584002 0.108185
6.215947 0.484100 1.350135 -0.583308 0.108835
6.223100 0.483322 1.349649 -0.582598 0.109432
6.230253 0.482514 1.349142 -0.581870 0.109978
6.237406 0.481678 1.348615 -0.581126 0.110473
6.244559 0.480816 1.348068 -0.580364 0.110918
6.251712 0.479932 1.347499 -0.579585 0.111313
6.258865 0.479026 1.346910 -0.578790 0.111659
6.266018 0.478102 1.346299 -0.577977 0.111957
6.273171 0.477163 1.345666 -0.577147 0.112206
6.280324 0.476209 1.345012 -0.576301 0.112407
6.287477 0.475244 1.344336 -0.575438 0.112561
6.294630 0.474270 1.343638 -0.574557 0.112669
6.301783 0.473290 1.342918 -0.573661 0.112729
6.308936 0.472304 1.342176 -0.572747 0.112744
6.316089 0.471317 1.341411 -0.571817 0.112713
6.323242 0.470329 1.340624 -0.570870 0.112636
6.330395 0.469343 1.339815 -0.569907 0.112514
6.337548 0.468362 1.338984 -0.568927 0.112348
6.344701 0.467387 1.338130 -0.567931 0.112137
6.351854 0.466421 1.337253 -0.566919 0.111882
6.359007 0.465466 1.336355 -0.565891 0.111582
6.366160 0.464523 1.335433 -0.564846 0.111239
6.373313 0.463596 1.334490 -0.563786 0.110853
6.380466 0.462686 1.333525 -0.562710 0.110423
6.387619 0.461796 1.332537 -0.561619 0.109950
6.394772 0.460926 1.331527 -0.560512 0.109434
6.401925 0.460081 1.330496 -0.559390 0.108875
6.409078 0.459261 1.329443 -0.558252 0.108274
6.416231 0.458469 1.328369 -0.557100 0.107630
6.423384 0.457707 1.327274 -0.555933 0.106943
6.430537 0.456977 1.326157 -0.554751 0.106215
6.437690 0.456281 1.325020 -0.553554 0.105444
6.444843 0.455622 1.323863 -0.552343 0.104631
6.451996 0.455001 1.322686 -0.551118 0.103775
6.459149 0.454420 1.321489 -0.549880 0.102878
6.466302 0.453882 1.320272 -0.548627 0.101939
6.473455 0.453388 1.319038 -0.547361 0.100957
6.480608 0.452941 1.317784 -0.546082 0.099933
6.487761 0.452543 1.316513 -0.544789 0.098868
6.494914 0.452196 1.315224 -0.543484 0.097760
6.502067 0.451903 1.313919 -0.542166 0.096610
6.509220 0.451664 1.312597 -0.540836 0.095417
6.516373 0.451483 1.311259 -0.539494 0.094182
6.523526 0.451362 1.309906 -0.538140 0.092904
6.530679 0.451302 1.308539 -0.536774 0.091584
6.537832 0.451306 1.307158 -0.535397 0.090221
6.544985 0.451376 1.305765 -0.534009 0.088814
6.552138 0.451515 1.304359 -0.532610 0.087364
6.559291 0.451724 1.302941 -0.531201 0.085871
6.566444 0.452007 1.301514 -0.529782 0.084333
6.573597 0.452364 1.300076 -0.528353 0.082752
6.580750 0.452798 1.298631 -0.526915 0.081125
6.587903 0.453313 1.297178 -0.525467 0.079454
6.595056 0.453909 1.295718 -0.524011 0.077736
6.602209 0.454590 1.294254 -0.522547 0.075973
6.609362 0.455357 1.292786 -0.521074 0.074163
6.616515 0.456214 1.291316 -0.519594 0.072305
6.623668 0.457069 1.289651 -0.517880 0.070333
6.630821 0.457906 1.287593 -0.515921 0.068993
6.637974 0.458726 1.285277 -0.513810 0.068276
6.645127 0.459530 1.282802 -0.511598 0.067871
6.652280 0.460318 1.280215 -0.509312 0.067607
6.659433 0.461091 1.277538 -0.506964 0.067411
6.666586 0.461850 1.274787 -0.504564 0.067249
6.673738 0.462595 1.271975 -0.502119 0.067101
6.680891 0.463327 1.269113 -0.499632 0.066953
6.688044 0.464049 1.266210 -0.497110 0.066794
6.695197 0.464761 1.263280 -0.494555 0.066613
6.702350 0.465466 1.260336 -0.491973 0.066397
6.709503 0.466166 1.257400 -0.489370 0.066130
6.716656 0.466867 1.254501 -0.486751 0.065789
6.723809 0.467574 1.251682 -0.484129 0.065339
6.730962 0.468296 1.249015 -0.481517 0.064724
6.738115 0.469047 1.246606 -0.478939 0.063860
6.745268 0.469846 1.244597 -0.476425 0.062634
6.752421 0.470717 1.243062 -0.473988 0.060988
6.759574 0.471675 1.241838 -0.471597 0.059053
6.766727 0.472722 1.240580 -0.469179 0.057105
6.773880 0.473846 1.239028 -0.466684 0.055356
6.781033 0.475035 1.237163 -0.464108 0.053819
6.788186 0.476283 1.235109 -0.461477 0.052397
6.795339 0.477588 1.232933 -0.458804 0.051034
6.802492 0.478945 1.230645 -0.456094 0.049722
6.809645 0.480353 1.228244 -0.453346 0.048462
6.816798 0.481808 1.225734 -0.450561 0.047251
6.823951 0.483309 1.223120 -0.447741 0.046085
6.831104 0.484851 1.220406 -0.444887 0.044959
6.838257 0.486435 1.217600 -0.442003 0.043869
6.845410 0.488058 1.214708 -0.439088 0.042810
6.852563 0.489718 1.211734 -0.436144 0.041778
6.859716 0.491414 1.208680 -0.433174 0.040772
6.866869 0.493145 1.205546 -0.430176 0.039790
6.874022 0.494910 1.202334 -0.427151 0.038833
6.881175 0.496707 1.199042 -0.424101 0.037901
6.888328 0.498534 1.195671 -0.421026 0.036994
6.895481 0.500391 1.192220 -0.417925 0.036112
6.902634 0.502277 1.188691 -0.414800 0.035253
6.909787 0.504190 1.185084 -0.411652 0.034418
6.916940 0.506128 1.181399 -0.408481 0.033606
6.924093 0.508092 1.177636 -0.405287 0.032817
6.931246 0.510080 1.173793 -0.402070 0.032053
6.938399 0.512090 1.169868 -0.398831 0.031314
6.945552 0.514121 1.165857 -0.395570 0.030604
6.952705 0.516172 1.161759 -0.392287 0.029923
6.959858 0.518242 1.157571 -0.388982 0.029273
6.967011 0.520329 1.153292 -0.385655 0.028654
6.974164 0.522432 1.148920 -0.382307 0.028068
6.981317 0.524550 1.144453 -0.378938 0.027517
6.988470 0.526679 1.139885 -0.375547 0.027003
6.995623 0.528820 1.135212 -0.372135 0.026530
7.002776 0.530970 1.130430 -0.368700 0.026101
7.009929 0.533127 1.125531 -0.365244 0.025721
7.017082 0.535288 1.120512 -0.361765 0.025393
7.024235 0.537452 1.115368 -0.358264 0.025120
7.031388 0.539615 1.110095 -0.354740 0.024905
7.038541 0.541776 1.104689 -0.351194 0.024752
7.045694 0.543930 1.099144 -0.347626 0.024664
7.052847 0.546075 1.093457 -0.344036 0.024644
7.060000 0.548208 1.087623 -0.340423 0.024697
7.067153 0.550325 1.081638 -0.336788 0.024826
7.074306 0.552423 1.075501 -0.333131 0.025033
7.081459 0.554497 1.069210 -0.329454 0.025320
7.088612 0.556543 1.062768 -0.325756 0.025686
7.095765 0.558559 1.056175 -0.322040 0.026131
7.102918 0.560539 1.049435 -0.318307 0.026656
7.110071 0.562480 1.042552 -0.314557 0.027258
7.117224 0.564377 1.035531 -0.310792 0.027935
7.124377 0.566227 1.028378 -0.307015 0.028685
7.131530 0.568026 1.021102 -0.303227 0.029504
7.138683 0.569769 1.013710 -0.299430 0.030386
7.145836 0.571454 1.006214 -0.295627 0.031328
7.152989 0.573076 0.998621 -0.291819 0.032324
7.160142 0.574632 0.990943 -0.288008 0.033368
7.167295 0.576120 0.983189 -0.284197 0.034456
7.174448 0.577535 0.975369 -0.280387 0.035581
7.181601 0.578875 0.967492 -0.276581 0.036739
7.188754 0.580137 0.959568 -0.272781 0.037923
7.195907 0.581321 0.952408 -0.269096 0.039011
7.203060 0.582432 0.948555 -0.265872 0.039630
7.210213 0.583461 0.942353 -0.262353 0.040630
7.217366 0.584408 0.936397 -0.258881 0.041596
7.224519 0.585269 0.929962 -0.255363 0.042637
7.231672 0.586046 0.923800 -0.251896 0.043633
7.238825 0.586734 0.917277 -0.248399 0.044686
7.245978 0.587334 0.910826 -0.244927 0.045723
7.253131 0.587844 0.904447 -0.241481 0.046743
7.260284 0.588223 0.880310 -0.235847 0.050367
7.267437 0.588553 0.890145 -0.234382 0.048875
7.274590 0.588787 0.883482 -0.230949 0.049963
7.281743 0.588926 0.877103 -0.227567 0.050973
7.288896 0.588924 0.848935 -0.221620 0.055135
7.296049 0.588832 0.841092 -0.218052 0.056148
7.303202 0.588696 0.854822 -0.217001 0.054049
7.310354 0.588460 0.848123 -0.213650 0.055108
7.317507 0.588131 0.841241 -0.210297 0.056104
7.324660 0.587713 0.834533 -0.206983 0.056994
7.331813 0.587149 0.802279 -0.200871 0.061589
7.338966 0.586503 0.794513 -0.197424 0.062411
7.346119 0.585770 0.786615 -0.193984 0.063308
7.353272 0.584949 0.778650 -0.190557 0.064227
7.360425 0.584043 0.770699 -0.187154 0.065100
7.367578 0.583056 0.762781 -0.183776 0.065912
7.374731 0.581991 0.754896 -0.180423 0.066660
7.381884 0.580854 0.747048 -0.177096 0.067341
7.389037 0.579648 0.739248 -0.173796 0.067945
7.396190 0.578379 0.731501 -0.170525 0.068469
7.403343 0.577052 0.723809 -0.167282 0.068910
7.410496 0.575673 0.716168 -0.164067 0.069273
7.417649 0.574245 0.708572 -0.160879 0.069564
7.424802 0.572774 0.701011 -0.157719 0.069792
7.431955 0.571261 0.693475 -0.154585 0.069967
7.439108 0.569711 0.685955 -0.151476 0.070098
7.446261 0.568126 0.678444 -0.148394 0.070192
7.453414 0.566508 0.670937 -0.145336 0.070255
7.460567 0.564859 0.663429 -0.142304 0.070291
7.467720 0.563180 0.655918 -0.139297 0.070306
7.474873 0.561472 0.648400 -0.136316 0.070301
7.482026 0.559737 0.640873 -0.133360 0.070280
7.489179 0.557976 0.633337 -0.130430 0.070244
7.496332 0.556189 0.625790 -0.127527 0.070196
7.503485 0.554377 0.618231 -0.124649 0.070137
7.510638 0.552599 0.636142 -0.123686 0.066365
7.517791 0.550794 0.629601 -0.120975 0.066291
7.524944 0.548970 0.623430 -0.118315 0.066058
7.532097 0.547129 0.617191 -0.115677 0.065786
7.539250 0.545272 0.610642 -0.113045 0.065555
7.546403 0.543401 0.604813 -0.110486 0.065215
7.553556 0.541512 0.598060 -0.107894 0.065019
7.560709 0.539607 0.591721 -0.105355 0.064749
7.567862 0.537613 0.552822 -0.100817 0.069204
7.575015 0.535609 0.545374 -0.098225 0.068895
7.582168 0.533585 0.537719 -0.095652 0.068734
7.589321 0.531539 0.529961 -0.093103 0.068642
7.596474 0.529470 0.522198 -0.090585 0.068540
7.603627 0.527381 0.514439 -0.088099 0.068422
7.610780 0.525270 0.506674 -0.085645 0.068295
7.617933 0.523138 0.498901 -0.083222 0.068162
7.625086 0.521060 0.523653 -0.082465 0.063313
7.632239 0.518956 0.516599 -0.080174 0.063262
7.639392 0.516836 0.509804 -0.077925 0.063042
7.646545 0.514703 0.503145 -0.075711 0.062737
7.653698 0.512558 0.496456 -0.073526 0.062439
7.660851 0.510398 0.489251 -0.071349 0.062231
7.668004 0.508228 0.483373 -0.069257 0.061815
7.675157 0.506042 0.475901 -0.067132 0.061648
7.682310 0.503845 0.469995 -0.065097 0.061233
7.689463 0.501635 0.463389 -0.063066 0.060932
7.696616 0.499410 0.456001 -0.061039 0.060753
7.703769 0.497172 0.449128 -0.059061 0.060480
7.710922 0.494921 0.442290 -0.057114 0.060204
7.718075 0.492657 0.435668 -0.055206 0.059897
7.725228 0.490289 0.388532 -0.052150 0.065432
7.732381 0.487915 0.380929 -0.050253 0.065020
7.739534 0.485524 0.373081 -0.048385 0.064794
7.746687 0.483112 0.365113 -0.046550 0.064655
7.753840 0.480680 0.357150 -0.044752 0.064505
7.760993 0.478227 0.349202 -0.042991 0.064336
7.768146 0.475756 0.341257 -0.041266 0.064156
7.775299 0.473265 0.333312 -0.039579 0.063970
7.782452 0.470756 0.325366 -0.037928 0.063776
7.789605 0.468229 0.317420 -0.036315 0.063577
7.796758 0.465683 0.309473 -0.034740 0.063372
7.803911 0.463120 0.301525 -0.033202 0.063161
7.811064 0.460539 0.293576 -0.031701 0.062946
7.818217 0.457941 0.285625 -0.030239 0.062725
7.825370 0.455326 0.277674 -0.028815 0.062500
7.832523 0.452694 0.269722 -0.027429 0.062270
7.839676 0.450045 0.261769 -0.026082 0.062037
7.846829 0.447379 0.253816 -0.024773 0.061799
7.853982 0.444697 0.245863 -0.023502 0.061556
