# time bound_circ lift drag moment
0.028774 0.021642 -4.145780 -0.291153 -0.191203
0.043162 0.074963 -4.856596 -0.339805 -0.061148
0.057549 0.117247 -5.189101 -0.387658 0.014207
0.071936 0.163557 -5.376302 -0.434910 -0.040115
0.086323 0.211420 -5.550459 -0.484291 -0.084053
0.100711 0.261290 -5.695348 -0.534573 -0.135045
0.115098 0.312608 -5.843763 -0.587057 -0.180046
0.129485 0.364737 -5.998907 -0.641989 -0.213682
0.143872 0.417261 -6.156341 -0.699123 -0.240573
0.158259 0.469913 -6.312634 -0.758158 -0.264565
0.172647 0.522534 -6.472220 -0.819409 -0.283344
0.187034 0.575016 -6.619035 -0.881291 -0.299573
0.201421 0.627002 -6.764187 -0.944630 -0.308487
0.215808 0.677675 -6.920309 -1.010741 -0.307851
0.230195 0.726821 -7.079284 -1.078803 -0.305072
0.244583 0.774824 -7.225691 -1.146831 -0.304456
0.258970 0.821463 -7.358069 -1.214280 -0.296900
0.273357 0.865746 -7.509490 -1.285429 -0.278902
0.287744 0.908693 -7.652592 -1.356537 -0.273751
0.302132 0.950974 -7.769196 -1.424548 -0.272246
0.316519 0.991891 -7.879113 -1.492027 -0.259805
0.330906 1.031819 -7.992526 -1.560454 -0.253099
0.345293 1.071256 -8.081679 -1.625011 -0.249651
0.359680 1.109711 -8.166124 -1.688658 -0.236743
0.374068 1.147351 -8.252931 -1.752531 -0.225948
0.388455 1.184024 -8.330822 -1.814440 -0.210546
0.402842 1.219851 -8.410098 -1.876163 -0.197047
0.417229 1.254908 -8.473587 -1.934188 -0.185991
0.431617 1.289208 -8.522344 -1.988398 -0.174761
0.446004 1.323000 -8.553956 -2.037984 -0.164752
0.460391 1.356237 -8.566999 -2.082317 -0.150500
0.474778 1.388863 -8.570894 -2.123155 -0.131691
0.489165 1.420761 -8.569128 -2.161109 -0.109083
0.503553 1.451492 -8.568114 -2.197534 -0.079235
0.517940 1.480021 -8.592269 -2.238097 -0.040966
0.532327 1.506531 -8.621902 -2.278377 -0.011962
0.546714 1.532313 -8.615149 -2.308299 0.001297
0.561101 1.557833 -8.571766 -2.327373 0.013259
0.575489 1.582754 -8.512577 -2.340370 0.033339
0.589876 1.606801 -8.453163 -2.351048 0.057361
0.604263 1.629988 -8.393702 -2.359458 0.078635
0.618650 1.652335 -8.324854 -2.363224 0.098054
0.633038 1.673802 -8.239744 -2.360522 0.118299
0.647425 1.694324 -8.137890 -2.351151 0.140494
0.661812 1.713768 -8.024228 -2.336351 0.165981
0.676199 1.731915 -7.908049 -2.318569 0.195226
0.690586 1.748664 -7.792690 -2.298744 0.224598
0.704974 1.764106 -7.668445 -2.274367 0.251251
0.719361 1.778279 -7.530153 -2.244114 0.276674
0.733748 1.791089 -7.381828 -2.209113 0.302832
0.748135 1.802431 -7.227633 -2.170565 0.329916
0.762522 1.812290 -7.068223 -2.128749 0.356633
0.776910 1.820760 -6.900492 -2.082948 0.381070
0.791297 1.827958 -6.719720 -2.032028 0.402633
0.805684 1.833919 -6.525429 -1.976012 0.422712
0.820071 1.838562 -6.322623 -1.916405 0.442827
0.834459 1.841741 -6.115975 -1.854622 0.463318
0.848846 1.843334 -5.906215 -1.791027 0.483855
0.863233 1.843317 -5.692378 -1.725544 0.503761
0.877620 1.841766 -5.473035 -1.657985 0.521756
0.892007 1.838792 -5.247381 -1.588342 0.537295
0.906395 1.834474 -5.016535 -1.517114 0.550778
0.920782 1.828853 -4.781091 -1.444663 0.562762
0.935169 1.821938 -4.541387 -1.371286 0.573782
0.949556 1.813716 -4.298429 -1.297447 0.583854
0.963944 1.804178 -4.053417 -1.223647 0.592624
0.978331 1.793333 -3.807163 -1.150278 0.599719
0.992718 1.781194 -3.560000 -1.077609 0.604954
1.007105 1.767739 -3.312265 -1.005901 0.608510
1.021492 1.752894 -3.065083 -0.935590 0.610952
1.035880 1.736559 -2.820521 -0.867298 0.612891
1.050267 1.721713 -2.579173 -0.795198 0.615415
1.064654 1.708521 -2.347937 -0.722710 0.606738
1.079041 1.696953 -2.124879 -0.651017 0.590170
1.093428 1.686976 -1.908077 -0.580580 0.570106
1.107816 1.678553 -1.697603 -0.511964 0.548772
1.122203 1.671647 -1.494796 -0.445840 0.527309
1.136590 1.666214 -1.301015 -0.382830 0.506085
1.150977 1.662209 -1.116655 -0.323361 0.484994
1.165365 1.659583 -0.941476 -0.267744 0.463876
1.179752 1.658287 -0.775290 -0.216268 0.442769
1.194139 1.658270 -0.617983 -0.169172 0.421877
1.208526 1.659487 -0.469306 -0.126612 0.401478
1.222913 1.661898 -0.328854 -0.088668 0.381828
1.237301 1.665471 -0.196097 -0.055366 0.363058
1.251688 1.670183 -0.070559 -0.026720 0.345186
1.266075 1.676019 0.047813 -0.002781 0.328232
1.280462 1.682970 0.158713 0.016382 0.312186
1.294850 1.691022 0.261848 0.030737 0.296923
1.309237 1.700162 0.357259 0.040324 0.282250
1.323624 1.710377 0.445345 0.045242 0.268041
1.338011 1.721656 0.526597 0.045609 0.254308
1.352398 1.733990 0.601222 0.041528 0.241210
1.366786 1.747363 0.668925 0.033073 0.228973
1.381173 1.761765 0.729175 0.020342 0.217716
1.395560 1.777196 0.781791 0.003500 0.207428
1.409947 1.793653 0.827038 -0.017220 0.198290
1.424334 1.811088 0.865068 -0.041571 0.190957
1.438722 1.829383 0.895467 -0.069308 0.186438
1.453109 1.848356 0.917309 -0.100173 0.185755
1.467496 1.867771 0.929375 -0.133872 0.189799
1.481883 1.887350 0.930252 -0.170061 0.199399
1.496271 1.906780 0.918742 -0.208342 0.215233
1.510658 1.911880 0.888662 -0.219935 0.234936
1.525045 1.911601 0.817990 -0.226823 0.285245
1.539432 1.899595 0.769311 -0.232798 0.414555
1.553819 1.878958 0.736516 -0.238274 0.510921
1.568207 1.852298 0.735235 -0.243979 0.582762
1.582594 1.821969 0.774357 -0.250916 0.630692
1.596981 1.789001 0.836558 -0.259345 0.667139
1.611368 1.753557 0.906082 -0.269057 0.701106
1.625755 1.716209 0.989788 -0.280579 0.727249
1.640143 1.677462 1.092223 -0.294501 0.743869
1.654530 1.637336 1.208374 -0.310883 0.755032
1.668917 1.595492 1.330098 -0.329386 0.765028
1.683304 1.551808 1.457911 -0.350151 0.772898
1.697692 1.506421 1.593319 -0.373418 0.778335
1.712079 1.459290 1.727721 -0.398469 0.786369
1.726466 1.410345 1.856624 -0.424766 0.798364
1.740853 1.359585 1.985909 -0.452813 0.811301
1.755240 1.306608 2.106917 -0.481532 0.829463
1.769628 1.250699 2.207242 -0.509126 0.857213
1.784015 1.191359 2.308750 -0.538048 0.886136
1.798402 1.128524 2.445846 -0.573117 0.903643
1.812789 1.063753 2.600907 -0.612398 0.904329
1.827177 1.001960 2.839121 -0.666204 0.849979
1.841564 0.946076 3.121271 -0.729774 0.766719
1.855951 0.892916 3.348242 -0.787324 0.719225
1.870338 0.840584 3.554579 -0.843669 0.689603
1.884725 0.789789 3.747839 -0.899673 0.659952
1.899113 0.739593 3.924728 -0.954388 0.641027
1.913500 0.688139 4.061978 -1.003001 0.645062
1.927887 0.633089 4.153469 -1.043553 0.675500
1.942274 0.570624 4.198324 -1.075042 0.742536
1.956661 0.494874 4.132130 -1.083394 0.874896
1.971049 0.405721 4.070088 -1.091219 1.003477
1.985436 0.312581 4.159609 -1.130427 1.026603
1.999823 0.228504 4.414574 -1.206204 0.916394
2.014210 0.165151 4.796453 -1.312012 0.696237
2.028598 0.106835 4.991512 -1.377355 0.625661
2.042985 0.047778 5.127327 -1.429483 0.605786
2.057372 -0.010814 5.268613 -1.482921 0.575417
2.071759 -0.069719 5.385169 -1.530347 0.554856
2.086146 -0.135984 5.396552 -1.551743 0.606851
2.100534 -0.208152 5.422362 -1.575599 0.641720
2.114921 -0.265311 5.676986 -1.655713 0.479883
2.129308 -0.312433 5.829099 -1.710042 0.380700
2.143695 -0.363486 5.798504 -1.717104 0.415158
2.158083 -0.414478 5.783197 -1.726609 0.414669
2.172470 -0.463167 5.811715 -1.746080 0.384898
2.186857 -0.509037 5.926254 -1.786806 0.327342
2.201244 -0.552482 6.044226 -1.827397 0.268910
2.215631 -0.594890 5.935359 -1.806781 0.279536
2.230019 -0.638041 5.791790 -1.775214 0.304033
2.244406 -0.685476 5.813910 -1.786150 0.303571
2.258793 -0.742616 5.699334 -1.759119 0.373207
2.273180 -0.799325 5.508666 -1.710181 0.390389
2.287567 -0.840389 5.622718 -1.741427 0.224370
2.301955 -0.878208 5.689468 -1.758605 0.150161
2.316342 -0.916709 5.427207 -1.686337 0.191920
2.330729 -0.957544 5.274337 -1.642169 0.205661
2.345116 -1.002937 5.209349 -1.620296 0.206046
2.359504 -1.056843 4.838697 -1.516301 0.316353
2.373891 -1.125533 4.663651 -1.463575 0.398889
2.388278 -1.195224 4.413963 -1.390674 0.421811
2.402665 -1.241266 4.590056 -1.428310 0.166290
2.417052 -1.259823 4.708277 -1.449226 -0.088772
2.431440 -1.272946 4.568962 -1.402646 -0.137740
2.445827 -1.282587 4.476417 -1.367512 -0.192567
2.460214 -1.290370 4.224493 -1.291915 -0.189320
2.474601 -1.298602 4.062329 -1.239017 -0.203205
2.488989 -1.313160 3.704397 -1.138389 -0.118956
2.503376 -1.338777 3.378958 -1.047143 -0.024051
2.517763 -1.358248 3.253819 -1.004978 -0.092245
2.532150 -1.365831 3.131575 -0.963734 -0.190230
2.546537 -1.371576 2.934571 -0.905661 -0.207875
2.560925 -1.373349 2.747274 -0.850813 -0.240035
2.575312 -1.372746 2.516969 -0.787561 -0.248371
2.589699 -1.371599 2.270785 -0.722487 -0.241116
2.604086 -1.371985 2.038104 -0.658619 -0.238115
2.618473 -1.374256 1.839260 -0.597932 -0.248070
2.632861 -1.376232 1.670817 -0.541672 -0.266123
2.647248 -1.377688 1.504100 -0.485093 -0.276990
2.661635 -1.379986 1.321536 -0.425637 -0.270344
2.676022 -1.384329 1.124796 -0.364491 -0.250634
2.690410 -1.391410 0.921918 -0.303846 -0.224670
2.704797 -1.401478 0.723542 -0.246097 -0.198267
2.719184 -1.414208 0.541172 -0.193525 -0.177679
2.733571 -1.428693 0.382316 -0.147478 -0.168382
2.747958 -1.443839 0.245593 -0.107699 -0.171003
2.762346 -1.458788 0.125854 -0.073335 -0.181911
2.776733 -1.472998 0.021229 -0.044079 -0.197839
2.791120 -1.486200 -0.072842 -0.019277 -0.215400
2.805507 -1.498407 -0.163861 0.002000 -0.230842
2.819894 -1.509913 -0.256940 0.020210 -0.241504
2.834282 -1.521182 -0.355370 0.035484 -0.246013
2.848669 -1.532646 -0.459851 0.047607 -0.244831
2.863056 -1.544590 -0.567906 0.056051 -0.239781
2.877443 -1.557174 -0.676336 0.060306 -0.232437
2.891831 -1.570513 -0.782793 0.060049 -0.223704
2.906218 -1.584850 -0.885574 0.055102 -0.213942
2.920605 -1.600723 -0.983699 0.045425 -0.202679
2.934992 -1.618798 -1.077350 0.031103 -0.189530
2.949379 -1.639351 -1.165603 0.012181 -0.176708
2.963767 -1.662037 -1.244841 -0.011377 -0.168489
2.978154 -1.686140 -1.311296 -0.039476 -0.168079
2.992541 -1.710788 -1.362299 -0.071835 -0.177366
3.006928 -1.734823 -1.393580 -0.108081 -0.199561
3.021316 -1.756320 -1.394235 -0.147755 -0.242359
3.035703 -1.772444 -1.351536 -0.190003 -0.314168
3.050090 -1.778845 -1.291317 -0.226823 -0.391847
