# time bound_circ lift drag moment
0.028729 -0.349725 0.201345 -0.231452 -0.708893
0.043093 -0.420896 -3.531037 -0.106755 1.307606
0.057457 -0.485048 -3.671975 -0.060471 1.337212
0.071822 -0.532655 -3.106658 -0.051120 1.011568
0.086186 -0.566180 -2.662081 -0.046435 0.755221
0.100550 -0.591188 -2.364767 -0.040208 0.592924
0.114915 -0.611297 -2.159552 -0.032439 0.490488
0.129279 -0.628790 -2.007447 -0.023981 0.424170
0.143643 -0.645052 -1.882670 -0.015949 0.377976
0.158008 -0.660890 -1.769349 -0.009388 0.341777
0.172372 -0.675671 -1.658173 -0.003419 0.310718
0.186736 -0.688141 -1.545660 0.002931 0.277533
0.201100 -0.698392 -1.425357 0.007051 0.236281
0.215465 -0.706488 -1.296767 0.008083 0.192164
0.229829 -0.712540 -1.187933 0.010331 0.149835
0.244193 -0.716653 -1.074140 0.009717 0.109016
0.258558 -0.718966 -0.961119 0.007168 0.070816
0.272922 -0.719661 -0.864419 0.005806 0.036922
0.287286 -0.718887 -0.765676 0.002102 0.005662
0.301651 -0.716789 -0.680932 -0.000412 -0.021807
0.316015 -0.713417 -0.579624 -0.008601 -0.051130
0.330379 -0.708874 -0.506521 -0.011887 -0.074652
0.344744 -0.703150 -0.406769 -0.023624 -0.102644
0.359108 -0.696317 -0.324548 -0.032720 -0.126635
0.373472 -0.688411 -0.242631 -0.043509 -0.150361
0.387837 -0.679459 -0.152127 -0.058509 -0.174341
0.402201 -0.669521 -0.077926 -0.070593 -0.195958
0.416565 -0.658613 0.011434 -0.088928 -0.218233
0.430930 -0.646793 0.080874 -0.102867 -0.237981
0.445294 -0.634052 0.174811 -0.126269 -0.260497
0.459658 -0.620469 0.238760 -0.141596 -0.277783
0.474023 -0.606050 0.319229 -0.163985 -0.296225
0.488387 -0.590765 0.416065 -0.193761 -0.320989
0.502751 -0.574814 0.446077 -0.201438 -0.325411
0.517115 -0.557918 0.592481 -0.252660 -0.362941
0.531480 -0.540510 0.583840 -0.248306 -0.355402
0.545844 -0.522150 0.745675 -0.309394 -0.397398
0.560208 -0.503308 0.745863 -0.310100 -0.390982
0.574573 -0.483634 0.878040 -0.363546 -0.423825
0.588937 -0.463396 0.923723 -0.384150 -0.430441
0.603301 -0.442551 0.993654 -0.415615 -0.443207
0.617666 -0.420966 1.112651 -0.468680 -0.472804
0.632030 -0.399008 1.127460 -0.479420 -0.465768
0.646394 -0.376336 1.248836 -0.536240 -0.496195
0.660759 -0.353157 1.322889 -0.574099 -0.508995
0.675123 -0.329617 1.366139 -0.599435 -0.509371
0.689487 -0.305494 1.476439 -0.655142 -0.535411
0.703852 -0.280967 1.555031 -0.697842 -0.548479
0.718216 -0.256217 1.608572 -0.730046 -0.550222
0.732580 -0.231251 1.687586 -0.774426 -0.561385
0.746945 -0.206207 1.772645 -0.822280 -0.573948
0.761309 -0.181441 1.844172 -0.864532 -0.578560
0.775673 -0.157586 1.904751 -0.902178 -0.574381
0.790038 -0.135875 1.953226 -0.934510 -0.557489
0.804402 -0.117927 1.988589 -0.960897 -0.525786
0.818766 -0.101170 2.057531 -1.003233 -0.523496
0.833130 -0.087155 2.101522 -1.033941 -0.500738
0.847495 -0.078465 2.136223 -1.060264 -0.460974
0.861859 -0.064339 2.282528 -1.139567 -0.529767
0.876223 -0.046687 2.396903 -1.203820 -0.572516
0.890588 -0.031898 2.449363 -1.238571 -0.552503
0.904952 -0.014200 2.574700 -1.307732 -0.597424
0.919316 0.016005 2.791429 -1.420001 -0.735445
0.933681 0.048155 2.889580 -1.475706 -0.761394
0.948045 0.081010 2.986699 -1.530414 -0.780408
0.962409 0.114431 3.081447 -1.583398 -0.797535
0.976774 0.148175 3.172031 -1.633720 -0.811407
0.991138 0.182149 3.260103 -1.682072 -0.823635
1.005502 0.216303 3.346351 -1.728691 -0.834829
1.019867 0.250608 3.431080 -1.773632 -0.845291
1.034231 0.285041 3.514370 -1.816853 -0.855144
1.048595 0.319580 3.596167 -1.858251 -0.864418
1.062960 0.347962 3.664431 -1.881518 -0.876469
1.077324 0.367093 3.706345 -1.882999 -0.856389
1.091688 0.378196 3.745615 -1.881760 -0.808994
1.106053 0.382274 3.789661 -1.881026 -0.766516
1.120417 0.380520 3.837977 -1.880497 -0.728661
1.134781 0.373887 3.890902 -1.880230 -0.694675
1.149145 0.363119 3.948461 -1.880140 -0.664209
1.163510 0.348856 4.008659 -1.879312 -0.637081
1.177874 0.331670 4.071568 -1.877709 -0.613179
1.192238 0.312074 4.136459 -1.874972 -0.592289
1.206603 0.290524 4.201208 -1.870222 -0.574052
1.220967 0.267415 4.264395 -1.862909 -0.558079
1.235331 0.243064 4.327811 -1.853724 -0.544166
1.249696 0.217711 4.393842 -1.843525 -0.532451
1.264060 0.191634 4.446910 -1.826687 -0.521855
1.278424 0.164892 4.515407 -1.813415 -0.513525
1.292789 0.137800 4.542527 -1.784013 -0.503613
1.307153 0.110408 4.573807 -1.754635 -0.494002
1.321517 0.082901 4.602751 -1.723099 -0.489780
1.335882 0.055029 4.679240 -1.705131 -0.488777
1.350246 0.027011 4.634633 -1.648106 -0.467960
1.364610 -0.001604 4.742909 -1.636267 -0.466711
1.378975 -0.030147 4.654763 -1.565546 -0.446803
1.393339 -0.058615 4.650455 -1.518962 -0.438761
1.407703 -0.087575 4.807886 -1.514875 -0.451986
1.422068 -0.116508 4.677061 -1.433157 -0.418001
1.436432 -0.145315 4.657603 -1.380893 -0.406505
1.450796 -0.173805 4.622020 -1.324664 -0.399923
1.465160 -0.202289 4.618259 -1.275837 -0.383748
1.479525 -0.230806 4.673461 -1.239316 -0.388263
1.493889 -0.258950 4.540250 -1.162552 -0.363925
1.508253 -0.287105 4.581707 -1.122151 -0.363449
1.522618 -0.314880 4.527447 -1.062887 -0.362377
1.536982 -0.342399 4.364868 -0.985683 -0.317103
1.551346 -0.369566 4.431146 -0.948805 -0.335442
1.565711 -0.396366 4.343270 -0.886861 -0.321581
1.580075 -0.422938 4.251782 -0.826067 -0.295844
1.594439 -0.449218 4.260718 -0.780047 -0.306983
1.608804 -0.474541 3.959198 -0.696885 -0.266644
1.623168 -0.499716 4.142697 -0.672241 -0.300112
1.637532 -0.524466 3.943685 -0.606612 -0.265115
1.651897 -0.548625 3.767013 -0.547201 -0.231966
1.666261 -0.571682 3.695955 -0.499424 -0.244393
1.680625 -0.595104 3.874834 -0.468741 -0.248130
1.694990 -0.617820 3.653063 -0.413508 -0.227462
1.709354 -0.638973 3.298429 -0.357968 -0.194311
1.723718 -0.660080 3.419073 -0.323922 -0.191237
1.738083 -0.680919 3.418301 -0.285063 -0.198348
1.752447 -0.701108 3.270915 -0.245395 -0.187367
1.766811 -0.720168 2.897521 -0.210378 -0.124218
1.781175 -0.738778 3.121916 -0.173695 -0.171904
1.795540 -0.756236 2.918585 -0.144106 -0.155860
1.809904 -0.772887 2.860161 -0.113437 -0.149922
1.824268 -0.787834 2.510340 -0.099033 -0.111030
1.838633 -0.802536 2.795794 -0.053031 -0.162529
1.852997 -0.816012 2.359054 -0.053832 -0.090242
1.867361 -0.827930 2.433697 -0.021182 -0.120103
1.881726 -0.837127 2.285222 -0.008398 -0.106422
1.896090 -0.840326 2.492237 0.039058 -0.197775
1.910454 -0.837547 2.248273 0.037626 -0.196312
1.924819 -0.838106 2.280459 0.066375 -0.177908
1.939183 -0.846051 2.032122 0.056295 -0.072068
1.953547 -0.856064 1.767819 0.038193 -0.016623
1.967912 -0.865284 1.591369 0.028432 0.000555
1.982276 -0.873407 1.744634 0.071772 -0.041673
1.996640 -0.879894 1.653315 0.073299 -0.041597
2.011005 -0.884192 1.500640 0.061458 -0.033942
2.025369 -0.885045 1.566918 0.093453 -0.082729
2.039733 -0.879142 1.422657 0.083992 -0.123502
2.054098 -0.876914 1.491232 0.119032 -0.106219
2.068462 -0.885341 1.251125 0.084318 0.001007
2.082826 -0.896275 1.062797 0.058339 0.052679
2.097190 -0.907226 1.094806 0.084686 0.048423
2.111555 -0.918839 0.964588 0.069151 0.069577
2.125919 -0.930875 0.958330 0.084935 0.077496
2.140283 -0.943604 0.800457 0.058064 0.102389
2.154648 -0.956674 0.843029 0.087083 0.088312
2.169012 -0.970226 0.789522 0.087776 0.094750
2.183376 -0.984015 0.843461 0.120069 0.098870
2.197741 -0.998396 0.584537 0.053454 0.138204
2.212105 -1.012440 0.705042 0.106710 0.112467
2.226469 -1.026177 0.513413 0.056374 0.137377
2.240834 -1.037580 0.523229 0.072403 0.111484
2.255198 -1.043440 0.576111 0.103456 0.045164
2.269562 -1.047929 0.449995 0.070344 0.046995
2.283927 -1.059519 0.505898 0.101969 0.093344
2.298291 -1.077352 0.330187 0.046581 0.164695
2.312655 -1.096413 0.131579 -0.020033 0.203604
2.327020 -1.115528 0.142181 -0.007639 0.192963
2.341384 -1.134593 0.087254 -0.021770 0.190786
2.355748 -1.153380 0.105416 -0.007359 0.167801
2.370113 -1.171950 0.104572 -0.001009 0.151135
2.384477 -1.190361 0.056737 -0.014851 0.157974
2.398841 -1.208714 -0.151067 -0.097202 0.183771
2.413206 -1.226248 -0.077078 -0.061022 0.151411
2.427570 -1.242777 0.003267 -0.021978 0.122970
2.441934 -1.258453 -0.203878 -0.108914 0.137961
2.456298 -1.271929 -0.063733 -0.043589 0.058970
2.470663 -1.282786 -0.021193 -0.021367 -0.000932
2.485027 -1.290314 -0.072161 -0.041561 -0.039545
2.499391 -1.294227 -0.185590 -0.091052 -0.043898
2.513756 -1.294303 -0.028681 -0.017335 -0.134581
2.528120 -1.294258 -0.264798 -0.125111 -0.074826
2.542484 -1.294777 -0.408307 -0.191350 -0.050266
2.556849 -1.295030 -0.396232 -0.185819 -0.057936
2.571213 -1.294135 -0.510322 -0.239900 -0.036233
2.585577 -1.290406 -0.593483 -0.280112 -0.044997
2.599942 -1.284143 -0.605627 -0.287273 -0.074966
2.614306 -1.278016 -0.666090 -0.317639 -0.070535
2.628670 -1.274897 -0.815264 -0.390466 -0.018314
2.643035 -1.274637 -0.975480 -0.468960 0.031313
2.657399 -1.274874 -1.085828 -0.524098 0.050622
2.671763 -1.275384 -1.099236 -0.533406 0.047097
2.686128 -1.274346 -1.139702 -0.555617 0.040616
2.700492 -1.270166 -1.243140 -0.607629 0.040035
2.714856 -1.261649 -1.303872 -0.639472 0.013652
2.729221 -1.247890 -1.368095 -0.672892 -0.017656
2.743585 -1.226281 -1.380502 -0.682034 -0.091016
2.757949 -1.202404 -1.416680 -0.702191 -0.125515
2.772313 -1.184165 -1.579858 -0.780698 -0.059097
2.786678 -1.179135 -1.792183 -0.880834 0.074661
2.801042 -1.175466 -1.776964 -0.876383 0.058043
2.815406 -1.164421 -1.707711 -0.847445 -0.024324
2.829771 -1.151055 -1.969328 -0.966446 0.024555
2.844135 -1.141575 -2.020669 -0.990475 0.071226
2.858499 -1.139528 -2.362963 -1.140952 0.214322
2.872864 -1.142979 -2.391378 -1.152867 0.262471
2.887228 -1.150033 -2.717617 -1.291113 0.375617
2.901592 -1.157481 -2.730894 -1.294508 0.377454
2.915957 -1.163611 -2.875695 -1.351897 0.390634
2.930321 -1.165914 -2.798854 -1.316941 0.325870
2.944685 -1.166826 -2.987605 -1.388759 0.369454
2.959050 -1.169685 -3.136022 -1.442201 0.412913
2.973414 -1.168372 -3.008497 -1.386436 0.331965
2.987778 -1.150021 -3.186365 -1.441072 0.298507
3.002143 -1.123200 -3.075661 -1.375241 0.237950
3.016507 -1.101823 -3.261442 -1.417362 0.333888
3.030871 -1.076788 -3.281894 -1.397516 0.304841
3.045236 -1.048123 -3.416046 -1.415785 0.318741
3.059600 -1.011331 -3.319529 -1.353673 0.209324
3.073964 -0.961281 -3.294948 -1.316109 0.101909
3.088328 -0.902987 -3.215067 -1.260781 0.000261
3.102693 -0.855908 -3.489716 -1.315890 0.159444
3.117057 -0.824600 -3.718828 -1.351735 0.321556
3.131421 -0.791442 -3.789412 -1.336680 0.317569
3.145786 -0.752529 -3.773987 -1.295558 0.255707
3.160150 -0.705550 -3.743482 -1.250103 0.177590
3.174514 -0.658039 -3.817572 -1.232069 0.189027
3.188879 -0.617838 -3.975434 -1.233134 0.278420
3.203243 -0.576587 -4.006042 -1.199848 0.270478
3.217607 -0.526197 -3.933264 -1.141597 0.173977
3.231972 -0.459953 -3.788455 -1.068521 0.008966
3.246336 -0.400915 -3.802600 -1.031499 0.070396
3.260700 -0.342150 -3.834545 -0.997382 0.054991
3.275065 -0.265729 -3.609231 -0.913593 -0.129116
3.289429 -0.210150 -3.882061 -0.923219 0.090092
3.303793 -0.165359 -3.836792 -0.873355 0.167323
3.318158 -0.133907 -4.094610 -0.871741 0.315308
3.332522 -0.096702 -4.006356 -0.813762 0.245645
3.346886 -0.058994 -3.867547 -0.750667 0.211657
3.361251 -0.016589 -3.803888 -0.699742 0.160545
3.375615 0.018519 -3.866032 -0.664240 0.240818
3.389979 0.048319 -3.851440 -0.619401 0.277398
3.404343 0.075504 -3.806922 -0.572046 0.286331
3.418708 0.097856 -3.886584 -0.535411 0.343380
3.433072 0.118646 -3.773340 -0.483777 0.330923
3.447436 0.138747 -3.732099 -0.438700 0.323915
3.461801 0.158342 -3.655870 -0.392911 0.316159
3.476165 0.177545 -3.401840 -0.342756 0.261660
3.490529 0.197034 -3.509965 -0.306563 0.275545
3.504894 0.216184 -3.303691 -0.264345 0.249323
3.519258 0.235554 -3.293766 -0.226823 0.233649
