# time bound_circ lift drag moment
0.028624 0.001669 0.020469 -0.006411 0.046551
0.042936 0.001774 0.028845 -0.006523 0.043170
0.057247 0.002123 0.031731 -0.006627 0.040841
0.071559 0.002411 0.031372 -0.006712 0.041457
0.085871 0.002687 0.031553 -0.006801 0.041590
0.100183 0.002952 0.031752 -0.006890 0.041703
0.114495 0.003210 0.031991 -0.006979 0.041778
0.128807 0.003463 0.032252 -0.007070 0.041830
0.143119 0.003711 0.032527 -0.007160 0.041865
0.157430 0.003958 0.032813 -0.007252 0.041888
0.171742 0.004202 0.033106 -0.007343 0.041901
0.186054 0.004444 0.033403 -0.007435 0.041906
0.200366 0.004686 0.033703 -0.007528 0.041905
0.214678 0.004927 0.034004 -0.007621 0.041898
0.228990 0.005168 0.034306 -0.007714 0.041887
0.243302 0.005408 0.034609 -0.007808 0.041872
0.257613 0.005648 0.034911 -0.007902 0.041853
0.271925 0.005888 0.035212 -0.007997 0.041831
0.286237 0.006129 0.035512 -0.008091 0.041806
0.300549 0.006369 0.035811 -0.008186 0.041777
0.314861 0.006609 0.036108 -0.008281 0.041747
0.329173 0.006850 0.036403 -0.008377 0.041713
0.343485 0.007091 0.036697 -0.008472 0.041677
0.357796 0.007332 0.036988 -0.008568 0.041639
0.372108 0.007574 0.037276 -0.008664 0.041599
0.386420 0.007815 0.037563 -0.008759 0.041556
0.400732 0.008057 0.037847 -0.008855 0.041511
0.415044 0.008299 0.038128 -0.008951 0.041464
0.429356 0.008542 0.038407 -0.009047 0.041415
0.443668 0.008784 0.038683 -0.009143 0.041363
0.457979 0.009027 0.038956 -0.009239 0.041310
0.472291 0.009270 0.039227 -0.009334 0.041255
0.486603 0.009513 0.039495 -0.009430 0.041197
0.500915 0.009756 0.039759 -0.009525 0.041138
0.515227 0.009999 0.040021 -0.009620 0.041076
0.529539 0.010242 0.040280 -0.009715 0.041013
0.543851 0.010486 0.040536 -0.009810 0.040947
0.558162 0.010729 0.040789 -0.009904 0.040880
0.572474 0.010972 0.041039 -0.009999 0.040810
0.586786 0.011215 0.041285 -0.010092 0.040739
0.601098 0.011458 0.041529 -0.010186 0.040665
0.615410 0.011701 0.041769 -0.010279 0.040590
0.629722 0.011944 0.042007 -0.010372 0.040512
0.644034 0.012187 0.042241 -0.010464 0.040433
0.658345 0.012429 0.042472 -0.010556 0.040351
0.672657 0.012671 0.042700 -0.010647 0.040268
0.686969 0.012913 0.042925 -0.010738 0.040182
0.701281 0.013154 0.043147 -0.010829 0.040095
0.715593 0.013396 0.043365 -0.010918 0.040005
0.729905 0.013636 0.043580 -0.011008 0.039913
0.744217 0.013877 0.043793 -0.011096 0.039820
0.758528 0.014116 0.044001 -0.011184 0.039724
0.772840 0.014356 0.044207 -0.011271 0.039626
0.787152 0.014595 0.044410 -0.011358 0.039526
0.801464 0.014833 0.044609 -0.011444 0.039424
0.815776 0.015071 0.044805 -0.011529 0.039320
0.830088 0.015308 0.044999 -0.011614 0.039214
0.844400 0.015544 0.045189 -0.011698 0.039106
0.858711 0.015780 0.045375 -0.011780 0.038996
0.873023 0.016015 0.045559 -0.011863 0.038884
0.887335 0.016250 0.045740 -0.011944 0.038769
0.901647 0.016483 0.045917 -0.012024 0.038653
0.915959 0.016716 0.046092 -0.012104 0.038534
0.930271 0.016948 0.046263 -0.012183 0.038413
0.944583 0.017179 0.046431 -0.012261 0.038291
0.958894 0.017410 0.046597 -0.012338 0.038165
0.973206 0.017639 0.046759 -0.012414 0.038038
0.987518 0.017868 0.046918 -0.012489 0.037909
1.001830 0.018095 0.047075 -0.012563 0.037778
1.016142 0.018322 0.047228 -0.012636 0.037644
1.030454 0.018548 0.047378 -0.012708 0.037508
1.044766 0.018773 0.047526 -0.012779 0.037370
1.059077 0.018996 0.047671 -0.012850 0.037230
1.073389 0.019219 0.047812 -0.012919 0.037088
1.087701 0.019440 0.047951 -0.012987 0.036943
1.102013 0.019661 0.048088 -0.013054 0.036797
1.116325 0.019880 0.048221 -0.013120 0.036648
1.130637 0.020099 0.048352 -0.013185 0.036497
1.144949 0.020316 0.048480 -0.013249 0.036344
1.159260 0.020531 0.048605 -0.013311 0.036188
1.173572 0.020746 0.048728 -0.013373 0.036031
1.187884 0.020960 0.048848 -0.013434 0.035871
1.202196 0.021172 0.048965 -0.013493 0.035709
1.216508 0.021383 0.049080 -0.013551 0.035544
1.230820 0.021593 0.049192 -0.013609 0.035378
1.245132 0.021801 0.049302 -0.013665 0.035209
1.259443 0.022009 0.049409 -0.013719 0.035038
1.273755 0.022214 0.049514 -0.013773 0.034865
1.288067 0.022419 0.049617 -0.013826 0.034690
1.302379 0.022622 0.049717 -0.013877 0.034512
1.316691 0.022824 0.049815 -0.013928 0.034333
1.331003 0.023025 0.049911 -0.013977 0.034151
1.345315 0.023224 0.050004 -0.014025 0.033966
1.359626 0.023422 0.050095 -0.014072 0.033780
1.373938 0.023618 0.050184 -0.014118 0.033591
1.388250 0.023813 0.050271 -0.014162 0.033400
1.402562 0.024007 0.050356 -0.014205 0.033207
1.416874 0.024199 0.050439 -0.014248 0.033012
1.431186 0.024390 0.050519 -0.014289 0.032814
1.445498 0.024579 0.050598 -0.014329 0.032615
1.459809 0.024767 0.050675 -0.014368 0.032413
1.474121 0.024953 0.050750 -0.014405 0.032209
1.488433 0.025138 0.050823 -0.014442 0.032002
1.502745 0.025321 0.050894 -0.014477 0.031794
1.517057 0.025503 0.050963 -0.014511 0.031583
1.531369 0.025684 0.051031 -0.014544 0.031370
1.545681 0.025863 0.051097 -0.014576 0.031155
1.559992 0.026040 0.051161 -0.014607 0.030938
1.574304 0.026216 0.051223 -0.014637 0.030718
1.588616 0.026391 0.051284 -0.014666 0.030497
1.602928 0.026564 0.051344 -0.014693 0.030273
1.617240 0.026735 0.051402 -0.014720 0.030047
1.631552 0.026905 0.051458 -0.014745 0.029819
1.645864 0.027074 0.051513 -0.014769 0.029589
1.660175 0.027241 0.051567 -0.014792 0.029356
1.674487 0.027406 0.051619 -0.014814 0.029122
1.688799 0.027570 0.051670 -0.014836 0.028885
1.703111 0.027732 0.051719 -0.014856 0.028647
1.717423 0.027893 0.051767 -0.014875 0.028406
1.731735 0.028053 0.051814 -0.014893 0.028163
1.746047 0.028210 0.051860 -0.014910 0.027918
1.760358 0.028367 0.051905 -0.014926 0.027671
1.774670 0.028522 0.051949 -0.014941 0.027422
1.788982 0.028675 0.051991 -0.014955 0.027171
1.803294 0.028827 0.052033 -0.014968 0.026918
1.817606 0.028977 0.052073 -0.014980 0.026663
1.831918 0.029126 0.052112 -0.014991 0.026406
1.846230 0.029273 0.052151 -0.015001 0.026147
1.860541 0.029419 0.052188 -0.015010 0.025886
1.874853 0.029563 0.052225 -0.015019 0.025623
1.889165 0.029706 0.052261 -0.015026 0.025358
1.903477 0.029847 0.052296 -0.015033 0.025091
1.917789 0.029987 0.052330 -0.015038 0.024822
1.932101 0.030125 0.052363 -0.015043 0.024551
1.946413 0.030262 0.052396 -0.015047 0.024279
1.960724 0.030398 0.052428 -0.015050 0.024004
1.975036 0.030532 0.052459 -0.015052 0.023728
1.989348 0.030664 0.052490 -0.015054 0.023450
2.003660 0.030795 0.052520 -0.015054 0.023170
2.017972 0.030925 0.052549 -0.015054 0.022888
2.032284 0.031053 0.052578 -0.015053 0.022605
2.046596 0.031180 0.052606 -0.015052 0.022319
2.060907 0.031305 0.052633 -0.015049 0.022032
2.075219 0.031429 0.052661 -0.015046 0.021743
2.089531 0.031552 0.052687 -0.015042 0.021453
2.103843 0.031673 0.052713 -0.015037 0.021161
2.118155 0.031792 0.052739 -0.015032 0.020867
2.132467 0.031911 0.052764 -0.015026 0.020571
2.146779 0.032028 0.052789 -0.015019 0.020274
2.161090 0.032143 0.052813 -0.015012 0.019975
2.175402 0.032258 0.052837 -0.015004 0.019675
2.189714 0.032371 0.052861 -0.014995 0.019373
2.204026 0.032482 0.052884 -0.014986 0.019070
2.218338 0.032592 0.052907 -0.014976 0.018765
2.232650 0.032701 0.052930 -0.014965 0.018459
2.246962 0.032809 0.052952 -0.014954 0.018151
2.261274 0.032915 0.052974 -0.014942 0.017841
2.275585 0.033020 0.052996 -0.014930 0.017531
2.289897 0.033124 0.053017 -0.014917 0.017218
2.304209 0.033226 0.053038 -0.014903 0.016905
2.318521 0.033328 0.053059 -0.014889 0.016590
2.332833 0.033427 0.053080 -0.014875 0.016274
2.347145 0.033526 0.053100 -0.014860 0.015956
2.361457 0.033623 0.053120 -0.014844 0.015638
2.375768 0.033720 0.053140 -0.014828 0.015318
2.390080 0.033815 0.053159 -0.014811 0.014997
2.404392 0.033908 0.053178 -0.014794 0.014674
2.418704 0.034001 0.053197 -0.014776 0.014351
2.433016 0.034092 0.053216 -0.014758 0.014026
2.447328 0.034182 0.053235 -0.014739 0.013700
2.461640 0.034271 0.053253 -0.014720 0.013373
2.475951 0.034359 0.053271 -0.014700 0.013045
2.490263 0.034445 0.053288 -0.014680 0.012716
2.504575 0.034531 0.053306 -0.014660 0.012386
2.518887 0.034615 0.053323 -0.014639 0.012055
2.533199 0.034698 0.053339 -0.014617 0.011723
2.547511 0.034780 0.053356 -0.014595 0.011391
2.561823 0.034861 0.053372 -0.014573 0.011057
2.576134 0.034941 0.053388 -0.014550 0.010722
2.590446 0.035019 0.053403 -0.014527 0.010387
2.604758 0.035097 0.053418 -0.014503 0.010051
2.619070 0.035173 0.053433 -0.014479 0.009714
2.633382 0.035249 0.053447 -0.014455 0.009376
2.647694 0.035323 0.053461 -0.014430 0.009038
2.662006 0.035396 0.053475 -0.014405 0.008699
2.676317 0.035468 0.053488 -0.014379 0.008359
2.690629 0.035539 0.053501 -0.014353 0.008019
2.704941 0.035609 0.053513 -0.014327 0.007678
2.719253 0.035678 0.053524 -0.014300 0.007336
2.733565 0.035746 0.053536 -0.014272 0.006994
2.747877 0.035813 0.053546 -0.014245 0.006652
2.762189 0.035879 0.053556 -0.014217 0.006309
2.776500 0.035943 0.053566 -0.014188 0.005966
2.790812 0.036007 0.053574 -0.014159 0.005622
2.805124 0.036070 0.053583 -0.014130 0.005278
2.819436 0.036132 0.053590 -0.014100 0.004933
2.833748 0.036192 0.053597 -0.014070 0.004589
2.848060 0.036252 0.053603 -0.014039 0.004244
2.862372 0.036311 0.053608 -0.014008 0.003898
2.876683 0.036368 0.053613 -0.013977 0.003553
2.890995 0.036425 0.053617 -0.013945 0.003207
2.905307 0.036480 0.053620 -0.013913 0.002861
2.919619 0.036535 0.053622 -0.013880 0.002515
2.933931 0.036589 0.053623 -0.013847 0.002169
2.948243 0.036641 0.053623 -0.013814 0.001823
2.962555 0.036693 0.053622 -0.013780 0.001477
2.976866 0.036744 0.053620 -0.013746 0.001131
2.991178 0.036793 0.053617 -0.013711 0.000785
3.005490 0.036842 0.053613 -0.013676 0.000439
3.019802 0.036890 0.053608 -0.013640 0.000093
3.034114 0.036936 0.053602 -0.013604 -0.000253
3.048426 0.036982 0.053594 -0.013567 -0.000599
3.062738 0.037027 0.053585 -0.013530 -0.000944
3.077049 0.037070 0.053575 -0.013493 -0.001289
3.091361 0.037113 0.053564 -0.013455 -0.001634
3.105673 0.037155 0.053551 -0.013416 -0.001979
3.119985 0.037196 0.053537 -0.013377 -0.002323
3.134297 0.037235 0.053521 -0.013338 -0.002667
3.148609 0.037274 0.053504 -0.013298 -0.003011
3.162921 0.037312 0.053485 -0.013258 -0.003354
3.177232 0.037348 0.053465 -0.013217 -0.003697
3.191544 0.037384 0.053443 -0.013175 -0.004039
3.205856 0.037419 0.053420 -0.013134 -0.004381
3.220168 0.037452 0.053394 -0.013091 -0.004722
3.234480 0.037485 0.053367 -0.013048 -0.005063
3.248792 0.037517 0.053338 -0.013005 -0.005403
3.263104 0.037547 0.053307 -0.012961 -0.005743
3.277415 0.037577 0.053275 -0.012916 -0.006082
3.291727 0.037605 0.053240 -0.012871 -0.006420
3.306039 0.037632 0.053204 -0.012826 -0.006757
3.320351 0.037659 0.053165 -0.012780 -0.007094
3.334663 0.037684 0.053124 -0.012733 -0.007430
3.348975 0.037708 0.053081 -0.012686 -0.007766
3.363287 0.037731 0.053036 -0.012638 -0.008100
3.377598 0.037753 0.052989 -0.012589 -0.008434
3.391910 0.037774 0.052939 -0.012540 -0.008766
3.406222 0.037794 0.052887 -0.012491 -0.009098
3.420534 0.037812 0.052833 -0.012441 -0.009429
3.434846 0.037830 0.052776 -0.012390 -0.009759
3.449158 0.037846 0.052717 -0.012339 -0.010088
3.463470 0.037862 0.052655 -0.012287 -0.010416
3.477781 0.037876 0.052591 -0.012234 -0.010743
3.492093 0.037889 0.052524 -0.012181 -0.011069
3.506405 0.037900 0.052455 -0.012128 -0.011394
3.520717 0.037911 0.052383 -0.012073 -0.011718
3.535029 0.037920 0.052308 -0.012019 -0.012040
3.549341 0.037928 0.052230 -0.011963 -0.012362
3.563653 0.037935 0.052149 -0.011907 -0.012682
3.577964 0.037941 0.052066 -0.011850 -0.013001
3.592276 0.037946 0.051979 -0.011793 -0.013319
3.606588 0.037949 0.051890 -0.011735 -0.013636
3.620900 0.037951 0.051797 -0.011677 -0.013951
3.635212 0.037951 0.051702 -0.011618 -0.014265
3.649524 0.037951 0.051603 -0.011558 -0.014578
3.663836 0.037949 0.051501 -0.011498 -0.014889
3.678147 0.037945 0.051396 -0.011437 -0.015199
3.692459 0.037941 0.051288 -0.011375 -0.015508
3.706771 0.037935 0.051177 -0.011313 -0.015815
3.721083 0.037928 0.051062 -0.011250 -0.016121
3.735395 0.037919 0.050944 -0.011187 -0.016426
3.749707 0.037909 0.050822 -0.011123 -0.016729
3.764019 0.037897 0.050697 -0.011059 -0.017030
3.778330 0.037885 0.050569 -0.010994 -0.017330
3.792642 0.037870 0.050437 -0.010928 -0.017629
3.806954 0.037854 0.050301 -0.010862 -0.017926
3.821266 0.037837 0.050162 -0.010795 -0.018221
3.835578 0.037818 0.050019 -0.010728 -0.018515
3.849890 0.037798 0.049872 -0.010660 -0.018807
3.864202 0.037777 0.049722 -0.010592 -0.019098
3.878513 0.037753 0.049568 -0.010523 -0.019387
3.892825 0.037729 0.049411 -0.010453 -0.019675
3.907137 0.037702 0.049249 -0.010383 -0.019960
3.921449 0.037674 0.049084 -0.010313 -0.020244
3.935761 0.037645 0.048915 -0.010242 -0.020527
3.950073 0.037614 0.048742 -0.010170 -0.020808
3.964385 0.037581 0.048565 -0.010098 -0.021087
3.978696 0.037547 0.048384 -0.010026 -0.021364
3.993008 0.037511 0.048199 -0.009953 -0.021639
4.007320 0.037473 0.048010 -0.009880 -0.021913
4.021632 0.037434 0.047817 -0.009806 -0.022185
4.035944 0.037393 0.047620 -0.009732 -0.022456
4.050256 0.037350 0.047419 -0.009657 -0.022724
4.064568 0.037306 0.047214 -0.009582 -0.022991
4.078879 0.037260 0.047004 -0.009507 -0.023256
4.093191 0.037212 0.046791 -0.009431 -0.023519
4.107503 0.037162 0.046574 -0.009355 -0.023780
4.121815 0.037111 0.046352 -0.009279 -0.024039
4.136127 0.037057 0.046126 -0.009202 -0.024297
4.150439 0.037002 0.045896 -0.009125 -0.024552
4.164751 0.036945 0.045662 -0.009048 -0.024806
4.179062 0.036887 0.045423 -0.008970 -0.025058
4.193374 0.036826 0.045180 -0.008893 -0.025308
4.207686 0.036764 0.044934 -0.008815 -0.025556
4.221998 0.036699 0.044682 -0.008737 -0.025802
4.236310 0.036633 0.044427 -0.008658 -0.026047
4.250622 0.036565 0.044167 -0.008580 -0.026289
4.264934 0.036495 0.043903 -0.008501 -0.026529
4.279245 0.036422 0.043635 -0.008422 -0.026768
4.293557 0.036348 0.043362 -0.008344 -0.027004
4.307869 0.036272 0.043086 -0.008265 -0.027239
4.322181 0.036194 0.042805 -0.008186 -0.027472
4.336493 0.036114 0.042519 -0.008107 -0.027702
4.350805 0.036032 0.042230 -0.008028 -0.027931
4.365117 0.035948 0.041936 -0.007949 -0.028158
4.379428 0.035862 0.041638 -0.007870 -0.028383
4.393740 0.035774 0.041336 -0.007791 -0.028606
4.408052 0.035684 0.041029 -0.007712 -0.028826
4.422364 0.035591 0.040718 -0.007634 -0.029045
4.436676 0.035497 0.040403 -0.007555 -0.029262
4.450988 0.035400 0.040084 -0.007477 -0.029477
4.465300 0.035302 0.039761 -0.007399 -0.029690
4.479611 0.035201 0.039433 -0.007321 -0.029901
4.493923 0.035098 0.039102 -0.007243 -0.030110
4.508235 0.034993 0.038766 -0.007165 -0.030317
4.522547 0.034886 0.038426 -0.007088 -0.030522
4.536859 0.034776 0.038082 -0.007012 -0.030725
4.551171 0.034665 0.037734 -0.006935 -0.030926
4.565483 0.034551 0.037382 -0.006859 -0.031125
4.579794 0.034435 0.037026 -0.006783 -0.031321
4.594106 0.034317 0.036665 -0.006708 -0.031516
4.608418 0.034197 0.036301 -0.006633 -0.031709
4.622730 0.034074 0.035933 -0.006559 -0.031900
4.637042 0.033950 0.035561 -0.006485 -0.032089
4.651354 0.033822 0.035186 -0.006412 -0.032276
4.665666 0.033693 0.034806 -0.006339 -0.032461
4.679977 0.033562 0.034422 -0.006267 -0.032644
4.694289 0.033428 0.034035 -0.006195 -0.032825
4.708601 0.033292 0.033644 -0.006125 -0.033004
4.722913 0.033154 0.033250 -0.006054 -0.033181
4.737225 0.033013 0.032851 -0.005985 -0.033356
4.751537 0.032870 0.032449 -0.005916 -0.033529
4.765849 0.032725 0.032044 -0.005848 -0.033700
4.780160 0.032578 0.031635 -0.005781 -0.033869
4.794472 0.032428 0.031222 -0.005715 -0.034037
4.808784 0.032276 0.030806 -0.005649 -0.034202
4.823096 0.032122 0.030387 -0.005585 -0.034365
4.837408 0.031966 0.029964 -0.005521 -0.034526
4.851720 0.031807 0.029539 -0.005458 -0.034685
4.866032 0.031646 0.029109 -0.005396 -0.034843
4.880343 0.031483 0.028677 -0.005335 -0.034998
4.894655 0.031317 0.028241 -0.005275 -0.035151
4.908967 0.031149 0.027803 -0.005216 -0.035303
4.923279 0.030979 0.027361 -0.005159 -0.035452
4.937591 0.030806 0.026917 -0.005102 -0.035600
4.951903 0.030631 0.026469 -0.005046 -0.035745
4.966215 0.030454 0.026019 -0.004992 -0.035889
4.980526 0.030275 0.025566 -0.004938 -0.036031
4.994838 0.030093 0.025110 -0.004886 -0.036171
5.009150 0.029910 0.024651 -0.004835 -0.036309
5.023462 0.029723 0.024190 -0.004785 -0.036445
5.037774 0.029535 0.023726 -0.004736 -0.036579
5.052086 0.029344 0.023260 -0.004689 -0.036711
5.066398 0.029152 0.022791 -0.004643 -0.036842
5.080709 0.028956 0.022320 -0.004598 -0.036970
5.095021 0.028759 0.021847 -0.004555 -0.037097
5.109333 0.028559 0.021372 -0.004513 -0.037221
5.123645 0.028358 0.020894 -0.004472 -0.037344
5.137957 0.028154 0.020414 -0.004433 -0.037465
5.152269 0.027947 0.019933 -0.004395 -0.037584
5.166581 0.027739 0.019449 -0.004358 -0.037701
5.180892 0.027528 0.018963 -0.004323 -0.037817
5.195204 0.027316 0.018476 -0.004290 -0.037930
5.209516 0.027101 0.017987 -0.004257 -0.038042
5.223828 0.026884 0.017496 -0.004227 -0.038152
5.238140 0.026664 0.017004 -0.004197 -0.038260
5.252452 0.026443 0.016510 -0.004170 -0.038366
5.266764 0.026220 0.016014 -0.004144 -0.038470
5.281075 0.025994 0.015518 -0.004119 -0.038573
5.295387 0.025767 0.015020 -0.004096 -0.038673
5.309699 0.025537 0.014520 -0.004074 -0.038772
5.324011 0.025305 0.014020 -0.004055 -0.038869
5.338323 0.025071 0.013519 -0.004036 -0.038965
5.352635 0.024836 0.013016 -0.004019 -0.039058
5.366947 0.024598 0.012513 -0.004004 -0.039150
5.381258 0.024358 0.012009 -0.003991 -0.039240
5.395570 0.024116 0.011504 -0.003979 -0.039328
5.409882 0.023873 0.010998 -0.003969 -0.039414
5.424194 0.023627 0.010492 -0.003960 -0.039499
5.438506 0.023380 0.009985 -0.003953 -0.039582
5.452818 0.023130 0.009478 -0.003947 -0.039663
5.467130 0.022879 0.008970 -0.003944 -0.039742
5.481441 0.022626 0.008462 -0.003942 -0.039820
5.495753 0.022371 0.007954 -0.003941 -0.039895
5.510065 0.022114 0.007446 -0.003942 -0.039969
5.524377 0.021855 0.006938 -0.003945 -0.040042
5.538689 0.021595 0.006429 -0.003950 -0.040112
5.553001 0.021333 0.005921 -0.003956 -0.040181
5.567313 0.021069 0.005413 -0.003964 -0.040248
5.581624 0.020804 0.004905 -0.003973 -0.040313
5.595936 0.020537 0.004398 -0.003984 -0.040377
5.610248 0.020268 0.003891 -0.003997 -0.040439
5.624560 0.019997 0.003384 -0.004011 -0.040499
5.638872 0.019725 0.002878 -0.004027 -0.040557
5.653184 0.019452 0.002372 -0.004045 -0.040614
5.667496 0.019177 0.001868 -0.004064 -0.040669
5.681807 0.018900 0.001364 -0.004085 -0.040722
5.696119 0.018622 0.000860 -0.004107 -0.040774
5.710431 0.018342 0.000358 -0.004131 -0.040823
5.724743 0.018061 -0.000143 -0.004157 -0.040871
5.739055 0.017779 -0.000643 -0.004184 -0.040918
5.753367 0.017495 -0.001142 -0.004213 -0.040962
5.767679 0.017210 -0.001640 -0.004243 -0.041005
5.781990 0.016923 -0.002137 -0.004275 -0.041046
5.796302 0.016635 -0.002632 -0.004308 -0.041086
5.810614 0.016346 -0.003126 -0.004343 -0.041124
5.824926 0.016056 -0.003618 -0.004379 -0.041160
5.839238 0.015764 -0.004109 -0.004417 -0.041194
5.853550 0.015472 -0.004598 -0.004456 -0.041227
5.867862 0.015178 -0.005085 -0.004497 -0.041258
5.882173 0.014883 -0.005571 -0.004539 -0.041287
5.896485 0.014587 -0.006055 -0.004583 -0.041314
5.910797 0.014289 -0.006537 -0.004628 -0.041340
5.925109 0.013991 -0.007016 -0.004674 -0.041364
5.939421 0.013692 -0.007494 -0.004721 -0.041386
5.953733 0.013392 -0.007970 -0.004770 -0.041407
5.968045 0.013091 -0.008444 -0.004821 -0.041426
5.982356 0.012789 -0.008915 -0.004872 -0.041443
5.996668 0.012486 -0.009385 -0.004925 -0.041458
6.010980 0.012183 -0.009852 -0.004979 -0.041472
6.025292 0.011878 -0.010316 -0.005034 -0.041484
6.039604 0.011573 -0.010778 -0.005091 -0.041494
6.053916 0.011267 -0.011238 -0.005149 -0.041503
6.068228 0.010961 -0.011695 -0.005207 -0.041509
6.082539 0.010653 -0.012149 -0.005267 -0.041514
6.096851 0.010345 -0.012601 -0.005328 -0.041518
6.111163 0.010037 -0.013050 -0.005390 -0.041519
6.125475 0.009728 -0.013497 -0.005453 -0.041519
6.139787 0.009418 -0.013940 -0.005518 -0.041517
6.154099 0.009108 -0.014381 -0.005583 -0.041513
6.168411 0.008797 -0.014819 -0.005649 -0.041507
6.182722 0.008486 -0.015254 -0.005716 -0.041500
6.197034 0.008175 -0.015686 -0.005784 -0.041491
6.211346 0.007863 -0.016114 -0.005852 -0.041480
6.225658 0.007551 -0.016540 -0.005922 -0.041467
6.239970 0.007239 -0.016963 -0.005992 -0.041452
6.254282 0.006926 -0.017382 -0.006064 -0.041436
6.268594 0.006613 -0.017798 -0.006136 -0.041418
6.282905 0.006300 -0.018212 -0.006208 -0.041398
6.297217 0.005987 -0.018621 -0.006282 -0.041376
6.311529 0.005674 -0.019028 -0.006356 -0.041353
6.325841 0.005360 -0.019431 -0.006430 -0.041327
6.340153 0.005047 -0.019831 -0.006506 -0.041300
6.354465 0.004734 -0.020227 -0.006582 -0.041271
6.368777 0.004420 -0.020620 -0.006658 -0.041240
6.383088 0.004107 -0.021009 -0.006735 -0.041207
6.397400 0.003793 -0.021395 -0.006812 -0.041172
6.411712 0.003480 -0.021778 -0.006890 -0.041136
6.426024 0.003167 -0.022157 -0.006968 -0.041097
6.440336 0.002854 -0.022532 -0.007047 -0.041057
6.454648 0.002542 -0.022904 -0.007126 -0.041015
6.468960 0.002229 -0.023272 -0.007205 -0.040971
6.483271 0.001917 -0.023637 -0.007285 -0.040925
6.497583 0.001605 -0.023998 -0.007365 -0.040877
6.511895 0.001294 -0.024355 -0.007445 -0.040827
6.526207 0.000983 -0.024709 -0.007525 -0.040775
6.540519 0.000672 -0.025058 -0.007606 -0.040722
6.554831 0.000362 -0.025405 -0.007686 -0.040666
6.569143 0.000052 -0.025747 -0.007767 -0.040608
6.583454 -0.000257 -0.026086 -0.007848 -0.040549
6.597766 -0.000566 -0.026421 -0.007929 -0.040487
6.612078 -0.000874 -0.026752 -0.008010 -0.040424
6.626390 -0.001182 -0.027080 -0.008090 -0.040358
6.640702 -0.001488 -0.027403 -0.008171 -0.040291
6.655014 -0.001795 -0.027723 -0.008252 -0.040222
6.669326 -0.002100 -0.028040 -0.008332 -0.040150
6.683638 -0.002405 -0.028352 -0.008413 -0.040077
6.697949 -0.002709 -0.028661 -0.008493 -0.040001
6.712261 -0.003012 -0.028966 -0.008573 -0.039924
6.726573 -0.003315 -0.029267 -0.008653 -0.039844
6.740885 -0.003617 -0.029564 -0.008733 -0.039763
6.755197 -0.003917 -0.029858 -0.008812 -0.039679
6.769509 -0.004217 -0.030148 -0.008891 -0.039593
6.783821 -0.004516 -0.030434 -0.008970 -0.039506
6.798132 -0.004814 -0.030716 -0.009049 -0.039416
6.812444 -0.005111 -0.030995 -0.009127 -0.039324
6.826756 -0.005408 -0.031270 -0.009204 -0.039230
6.841068 -0.005703 -0.031541 -0.009282 -0.039134
6.855380 -0.005997 -0.031809 -0.009358 -0.039036
6.869692 -0.006290 -0.032073 -0.009435 -0.038936
6.884004 -0.006581 -0.032333 -0.009510 -0.038833
6.898315 -0.006872 -0.032589 -0.009586 -0.038729
6.912627 -0.007162 -0.032842 -0.009660 -0.038622
6.926939 -0.007450 -0.033092 -0.009735 -0.038513
6.941251 -0.007737 -0.033337 -0.009808 -0.038402
6.955563 -0.008023 -0.033579 -0.009881 -0.038289
6.969875 -0.008308 -0.033818 -0.009953 -0.038174
6.984187 -0.008591 -0.034053 -0.010025 -0.038057
6.998498 -0.008873 -0.034285 -0.010096 -0.037937
7.012810 -0.009154 -0.034513 -0.010166 -0.037816
7.027122 -0.009434 -0.034737 -0.010236 -0.037692
7.041434 -0.009712 -0.034958 -0.010305 -0.037566
7.055746 -0.009989 -0.035176 -0.010373 -0.037437
7.070058 -0.010264 -0.035390 -0.010440 -0.037307
7.084370 -0.010538 -0.035601 -0.010507 -0.037174
7.098681 -0.010811 -0.035809 -0.010573 -0.037040
7.112993 -0.011082 -0.036013 -0.010638 -0.036903
7.127305 -0.011352 -0.036214 -0.010702 -0.036763
7.141617 -0.011620 -0.036412 -0.010765 -0.036622
7.155929 -0.011887 -0.036606 -0.010828 -0.036478
7.170241 -0.012152 -0.036798 -0.010890 -0.036332
7.184553 -0.012415 -0.036986 -0.010950 -0.036184
7.198864 -0.012678 -0.037171 -0.011010 -0.036034
7.213176 -0.012938 -0.037353 -0.011069 -0.035881
7.227488 -0.013197 -0.037532 -0.011127 -0.035726
7.241800 -0.013455 -0.037708 -0.011184 -0.035569
7.256112 -0.013710 -0.037881 -0.011241 -0.035410
7.270424 -0.013965 -0.038051 -0.011296 -0.035248
7.284736 -0.014217 -0.038218 -0.011350 -0.035085
7.299047 -0.014468 -0.038382 -0.011404 -0.034918
7.313359 -0.014718 -0.038544 -0.011456 -0.034750
7.327671 -0.014965 -0.038702 -0.011508 -0.034580
7.341983 -0.015211 -0.038858 -0.011558 -0.034407
7.356295 -0.015456 -0.039011 -0.011608 -0.034232
7.370607 -0.015698 -0.039162 -0.011657 -0.034054
7.384919 -0.015939 -0.039309 -0.011704 -0.033875
7.399230 -0.016179 -0.039455 -0.011751 -0.033693
7.413542 -0.016416 -0.039597 -0.011796 -0.033509
7.427854 -0.016652 -0.039737 -0.011841 -0.033323
7.442166 -0.016886 -0.039875 -0.011885 -0.033134
7.456478 -0.017118 -0.040010 -0.011928 -0.032943
7.470790 -0.017349 -0.040143 -0.011969 -0.032750
7.485102 -0.017578 -0.040274 -0.012010 -0.032555
7.499413 -0.017805 -0.040402 -0.012050 -0.032358
7.513725 -0.018030 -0.040528 -0.012088 -0.032158
7.528037 -0.018254 -0.040651 -0.012126 -0.031956
7.542349 -0.018476 -0.040773 -0.012163 -0.031752
7.556661 -0.018696 -0.040892 -0.012199 -0.031545
7.570973 -0.018914 -0.041009 -0.012233 -0.031337
7.585285 -0.019131 -0.041124 -0.012267 -0.031126
7.599596 -0.019346 -0.041237 -0.012300 -0.030913
7.613908 -0.019559 -0.041348 -0.012332 -0.030698
7.628220 -0.019770 -0.041457 -0.012363 -0.030480
7.642532 -0.019979 -0.041565 -0.012393 -0.030261
7.656844 -0.020187 -0.041670 -0.012422 -0.030039
7.671156 -0.020393 -0.041774 -0.012450 -0.029815
7.685468 -0.020597 -0.041875 -0.012477 -0.029589
7.699779 -0.020799 -0.041975 -0.012503 -0.029361
7.714091 -0.021000 -0.042074 -0.012528 -0.029130
7.728403 -0.021199 -0.042170 -0.012552 -0.028898
7.742715 -0.021396 -0.042265 -0.012576 -0.028663
7.757027 -0.021591 -0.042359 -0.012598 -0.028426
7.771339 -0.021784 -0.042451 -0.012620 -0.028187
7.785651 -0.021976 -0.042541 -0.012640 -0.027946
7.799962 -0.022166 -0.042630 -0.012660 -0.027703
7.814274 -0.022354 -0.042717 -0.012679 -0.027458
7.828586 -0.022541 -0.042803 -0.012697 -0.027210
7.842898 -0.022725 -0.042888 -0.012714 -0.026961
7.857210 -0.022908 -0.042972 -0.012730 -0.026710
7.871522 -0.023089 -0.043054 -0.012746 -0.026456
7.885834 -0.023269 -0.043134 -0.012760 -0.026201
7.900145 -0.023447 -0.043214 -0.012774 -0.025943
7.914457 -0.023623 -0.043293 -0.012787 -0.025684
7.928769 -0.023797 -0.043370 -0.012799 -0.025422
7.943081 -0.023969 -0.043446 -0.012811 -0.025159
7.957393 -0.024140 -0.043521 -0.012822 -0.024894
7.971705 -0.024310 -0.043595 -0.012831 -0.024626
7.986017 -0.024477 -0.043668 -0.012840 -0.024357
8.000328 -0.024643 -0.043740 -0.012849 -0.024086
8.014640 -0.024807 -0.043811 -0.012857 -0.023813
8.028952 -0.024969 -0.043881 -0.012863 -0.023538
8.043264 -0.025130 -0.043951 -0.012870 -0.023262
8.057576 -0.025289 -0.044019 -0.012875 -0.022983
8.071888 -0.025447 -0.044087 -0.012880 -0.022703
8.086200 -0.025603 -0.044153 -0.012884 -0.022421
8.100511 -0.025757 -0.044219 -0.012888 -0.022137
8.114823 -0.025909 -0.044284 -0.012890 -0.021851
8.129135 -0.026060 -0.044349 -0.012893 -0.021564
8.143447 -0.026210 -0.044412 -0.012894 -0.021275
8.157759 -0.026358 -0.044475 -0.012895 -0.020984
8.172071 -0.026504 -0.044537 -0.012895 -0.020691
8.186383 -0.026649 -0.044599 -0.012895 -0.020397
8.200694 -0.026792 -0.044660 -0.012894 -0.020101
8.215006 -0.026933 -0.044720 -0.012893 -0.019804
8.229318 -0.027073 -0.044780 -0.012891 -0.019505
8.243630 -0.027212 -0.044839 -0.012888 -0.019204
8.257942 -0.027349 -0.044898 -0.012885 -0.018902
8.272254 -0.027484 -0.044956 -0.012881 -0.018598
8.286566 -0.027618 -0.045013 -0.012877 -0.018293
8.300877 -0.027750 -0.045070 -0.012872 -0.017987
8.315189 -0.027881 -0.045126 -0.012867 -0.017678
8.329501 -0.028011 -0.045182 -0.012861 -0.017369
8.343813 -0.028139 -0.045238 -0.012855 -0.017058
8.358125 -0.028266 -0.045292 -0.012848 -0.016746
8.372437 -0.028391 -0.045347 -0.012841 -0.016432
8.386749 -0.028514 -0.045401 -0.012833 -0.016117
8.401060 -0.028637 -0.045454 -0.012825 -0.015800
8.415372 -0.028758 -0.045507 -0.012816 -0.015483
8.429684 -0.028877 -0.045560 -0.012807 -0.015164
8.443996 -0.028995 -0.045612 -0.012798 -0.014844
8.458308 -0.029112 -0.045664 -0.012788 -0.014523
8.472620 -0.029227 -0.045715 -0.012777 -0.014200
8.486932 -0.029341 -0.045765 -0.012766 -0.013876
8.501243 -0.029454 -0.045816 -0.012755 -0.013552
8.515555 -0.029565 -0.045866 -0.012744 -0.013226
8.529867 -0.029675 -0.045915 -0.012732 -0.012899
8.544179 -0.029784 -0.045964 -0.012719 -0.012571
8.558491 -0.029891 -0.046012 -0.012706 -0.012242
8.572803 -0.029997 -0.046060 -0.012693 -0.011912
8.587115 -0.030102 -0.046108 -0.012680 -0.011581
8.601426 -0.030206 -0.046155 -0.012666 -0.011249
8.615738 -0.030308 -0.046201 -0.012651 -0.010917
8.630050 -0.030409 -0.046247 -0.012637 -0.010583
8.644362 -0.030509 -0.046293 -0.012621 -0.010249
8.658674 -0.030607 -0.046338 -0.012606 -0.009913
8.672986 -0.030704 -0.046382 -0.012590 -0.009577
8.687298 -0.030800 -0.046426 -0.012574 -0.009241
8.701609 -0.030895 -0.046469 -0.012558 -0.008903
8.715921 -0.030989 -0.046512 -0.012541 -0.008565
8.730233 -0.031081 -0.046554 -0.012523 -0.008226
8.744545 -0.031172 -0.046596 -0.012506 -0.007887
8.758857 -0.031262 -0.046636 -0.012488 -0.007547
8.773169 -0.031351 -0.046677 -0.012469 -0.007206
8.787481 -0.031439 -0.046716 -0.012451 -0.006865
8.801792 -0.031525 -0.046755 -0.012432 -0.006524
8.816104 -0.031610 -0.046793 -0.012412 -0.006181
8.830416 -0.031694 -0.046830 -0.012393 -0.005839
8.844728 -0.031777 -0.046867 -0.012372 -0.005496
8.859040 -0.031859 -0.046903 -0.012352 -0.005153
8.873352 -0.031940 -0.046937 -0.012331 -0.004809
8.887664 -0.032019 -0.046972 -0.012310 -0.004465
8.901975 -0.032098 -0.047005 -0.012288 -0.004121
8.916287 -0.032175 -0.047037 -0.012266 -0.003776
8.930599 -0.032251 -0.047068 -0.012244 -0.003432
8.944911 -0.032326 -0.047099 -0.012221 -0.003087
8.959223 -0.032400 -0.047128 -0.012198 -0.002742
8.973535 -0.032473 -0.047157 -0.012175 -0.002396
8.987847 -0.032545 -0.047184 -0.012151 -0.002051
9.002158 -0.032615 -0.047210 -0.012127 -0.001706
9.016470 -0.032685 -0.047235 -0.012102 -0.001360
9.030782 -0.032753 -0.047259 -0.012077 -0.001015
9.045094 -0.032820 -0.047282 -0.012052 -0.000669
9.059406 -0.032886 -0.047303 -0.012026 -0.000324
9.073718 -0.032951 -0.047323 -0.011999 0.000021
9.088030 -0.033015 -0.047342 -0.011973 0.000366
9.102341 -0.033078 -0.047360 -0.011946 0.000711
9.116653 -0.033140 -0.047376 -0.011918 0.001056
9.130965 -0.033201 -0.047391 -0.011890 0.001400
9.145277 -0.033260 -0.047404 -0.011862 0.001745
9.159589 -0.033319 -0.047416 -0.011833 0.002089
9.173901 -0.033376 -0.047426 -0.011803 0.002432
9.188213 -0.033432 -0.047434 -0.011774 0.002776
9.202524 -0.033487 -0.047441 -0.011743 0.003119
9.216836 -0.033541 -0.047447 -0.011713 0.003461
9.231148 -0.033594 -0.047450 -0.011681 0.003803
9.245460 -0.033646 -0.047452 -0.011650 0.004145
9.259772 -0.033697 -0.047452 -0.011618 0.004486
9.274084 -0.033746 -0.047450 -0.011585 0.004827
9.288396 -0.033795 -0.047446 -0.011552 0.005167
9.302707 -0.033842 -0.047441 -0.011518 0.005507
9.317019 -0.033888 -0.047433 -0.011484 0.005846
9.331331 -0.033933 -0.047423 -0.011449 0.006184
9.345643 -0.033977 -0.047411 -0.011414 0.006522
9.359955 -0.034020 -0.047398 -0.011378 0.006859
9.374267 -0.034061 -0.047382 -0.011342 0.007195
9.388579 -0.034102 -0.047363 -0.011305 0.007530
9.402890 -0.034141 -0.047343 -0.011268 0.007865
9.417202 -0.034179 -0.047320 -0.011230 0.008199
9.431514 -0.034216 -0.047295 -0.011192 0.008532
9.445826 -0.034252 -0.047267 -0.011153 0.008864
9.460138 -0.034286 -0.047237 -0.011113 0.009195
9.474450 -0.034319 -0.047205 -0.011073 0.009526
9.488762 -0.034351 -0.047170 -0.011032 0.009855
9.503073 -0.034382 -0.047132 -0.010991 0.010184
9.517385 -0.034412 -0.047092 -0.010949 0.010511
9.531697 -0.034440 -0.047049 -0.010906 0.010838
9.546009 -0.034467 -0.047003 -0.010863 0.011163
9.560321 -0.034493 -0.046955 -0.010820 0.011487
9.574633 -0.034518 -0.046903 -0.010775 0.011811
9.588945 -0.034541 -0.046849 -0.010731 0.012133
9.603256 -0.034563 -0.046792 -0.010685 0.012454
9.617568 -0.034584 -0.046732 -0.010639 0.012774
9.631880 -0.034603 -0.046669 -0.010593 0.013092
9.646192 -0.034622 -0.046603 -0.010545 0.013410
9.660504 -0.034638 -0.046534 -0.010497 0.013726
9.674816 -0.034654 -0.046462 -0.010449 0.014041
9.689128 -0.034668 -0.046387 -0.010400 0.014354
9.703439 -0.034680 -0.046308 -0.010350 0.014667
9.717751 -0.034692 -0.046226 -0.010300 0.014978
9.732063 -0.034702 -0.046141 -0.010249 0.015287
9.746375 -0.034710 -0.046053 -0.010198 0.015596
9.760687 -0.034717 -0.045961 -0.010146 0.015903
9.774999 -0.034723 -0.045866 -0.010093 0.016208
9.789311 -0.034727 -0.045767 -0.010040 0.016512
9.803622 -0.034730 -0.045665 -0.009986 0.016815
9.817934 -0.034731 -0.045559 -0.009932 0.017116
9.832246 -0.034731 -0.045449 -0.009877 0.017415
9.846558 -0.034729 -0.045336 -0.009821 0.017713
9.860870 -0.034726 -0.045220 -0.009765 0.018010
9.875182 -0.034721 -0.045099 -0.009708 0.018305
9.889494 -0.034715 -0.044975 -0.009651 0.018599
9.903805 -0.034707 -0.044848 -0.009593 0.018890
9.918117 -0.034697 -0.044716 -0.009534 0.019181
9.932429 -0.034686 -0.044580 -0.009476 0.019469
9.946741 -0.034674 -0.044441 -0.009416 0.019756
9.961053 -0.034659 -0.044298 -0.009356 0.020042
9.975365 -0.034643 -0.044151 -0.009296 0.020326
9.989677 -0.034626 -0.044000 -0.009235 0.020608
10.003988 -0.034607 -0.043845 -0.009173 0.020888
10.018300 -0.034586 -0.043686 -0.009111 0.021167
10.032612 -0.034563 -0.043522 -0.009048 0.021444
10.046924 -0.034539 -0.043355 -0.008986 0.021719
10.061236 -0.034501 -0.040356 -0.008343 0.021370
10.075548 -0.034472 -0.042746 -0.008805 0.022221
10.089860 -0.034438 -0.042132 -0.008653 0.022384
10.104171 -0.034403 -0.042039 -0.008608 0.022679
10.118483 -0.034366 -0.041856 -0.008544 0.022948
10.132795 -0.034327 -0.041666 -0.008480 0.023216
10.147107 -0.034287 -0.041467 -0.008414 0.023480
10.161419 -0.034244 -0.041261 -0.008348 0.023742
10.175731 -0.034200 -0.041049 -0.008280 0.024002
10.190043 -0.034153 -0.040831 -0.008213 0.024259
10.204354 -0.034105 -0.040607 -0.008144 0.024515
10.218666 -0.034055 -0.040378 -0.008075 0.024768
10.232978 -0.034003 -0.040145 -0.008006 0.025019
10.247290 -0.033949 -0.039906 -0.007937 0.025269
10.261602 -0.033892 -0.039663 -0.007867 0.025516
10.275914 -0.033834 -0.039415 -0.007797 0.025761
10.290226 -0.033774 -0.039162 -0.007727 0.026005
10.304537 -0.033712 -0.038905 -0.007656 0.026246
10.318849 -0.033648 -0.038644 -0.007586 0.026486
10.333161 -0.033581 -0.038378 -0.007515 0.026723
10.347473 -0.033513 -0.038107 -0.007445 0.026959
10.361785 -0.033443 -0.037832 -0.007374 0.027193
10.376097 -0.033370 -0.037553 -0.007303 0.027425
10.390409 -0.033295 -0.037269 -0.007232 0.027654
10.404720 -0.033218 -0.036981 -0.007162 0.027882
10.419032 -0.033140 -0.036688 -0.007091 0.028108
10.433344 -0.033058 -0.036391 -0.007020 0.028332
10.447656 -0.032975 -0.036090 -0.006950 0.028554
10.461968 -0.032890 -0.035784 -0.006879 0.028774
10.476280 -0.032802 -0.035474 -0.006809 0.028992
10.490592 -0.032712 -0.035160 -0.006739 0.029208
10.504903 -0.032620 -0.034842 -0.006669 0.029422
10.519215 -0.032526 -0.034519 -0.006599 0.029635
10.533527 -0.032430 -0.034192 -0.006529 0.029845
10.547839 -0.032331 -0.033861 -0.006460 0.030053
10.562151 -0.032230 -0.033525 -0.006391 0.030259
10.576463 -0.032127 -0.033186 -0.006323 0.030463
10.590775 -0.032021 -0.032842 -0.006254 0.030666
10.605086 -0.031914 -0.032494 -0.006187 0.030866
10.619398 -0.031804 -0.032142 -0.006119 0.031064
10.633710 -0.031692 -0.031787 -0.006052 0.031261
10.648022 -0.031577 -0.031427 -0.005986 0.031455
10.662334 -0.031460 -0.031063 -0.005919 0.031647
10.676646 -0.031341 -0.030695 -0.005854 0.031838
10.690958 -0.031220 -0.030323 -0.005789 0.032026
10.705269 -0.031096 -0.029947 -0.005725 0.032213
10.719581 -0.030970 -0.029568 -0.005661 0.032397
10.733893 -0.030842 -0.029184 -0.005598 0.032580
10.748205 -0.030711 -0.028797 -0.005535 0.032760
10.762517 -0.030578 -0.028406 -0.005473 0.032939
10.776829 -0.030442 -0.028011 -0.005412 0.033116
10.791141 -0.030305 -0.027613 -0.005352 0.033290
10.805452 -0.030165 -0.027211 -0.005292 0.033463
10.819764 -0.030022 -0.026806 -0.005233 0.033634
10.834076 -0.029878 -0.026397 -0.005175 0.033803
10.848388 -0.029731 -0.025984 -0.005118 0.033969
10.862700 -0.029581 -0.025568 -0.005062 0.034134
10.877012 -0.029429 -0.025149 -0.005007 0.034297
10.891324 -0.029275 -0.024726 -0.004952 0.034458
10.905635 -0.029119 -0.024301 -0.004899 0.034617
10.919947 -0.028960 -0.023871 -0.004846 0.034775
10.934259 -0.028799 -0.023439 -0.004795 0.034930
10.948571 -0.028635 -0.023004 -0.004744 0.035083
10.962883 -0.028470 -0.022565 -0.004695 0.035234
10.977195 -0.028301 -0.022124 -0.004647 0.035384
10.991507 -0.028131 -0.021679 -0.004600 0.035531
11.005819 -0.027958 -0.021232 -0.004553 0.035677
11.020130 -0.027783 -0.020782 -0.004509 0.035821
11.034442 -0.027605 -0.020329 -0.004465 0.035962
11.048754 -0.027426 -0.019873 -0.004422 0.036102
11.063066 -0.027243 -0.019415 -0.004381 0.036240
11.077378 -0.027059 -0.018954 -0.004341 0.036376
11.091690 -0.026872 -0.018490 -0.004302 0.036511
11.106002 -0.026683 -0.018025 -0.004265 0.036643
11.120313 -0.026492 -0.017556 -0.004228 0.036773
11.134625 -0.026298 -0.017086 -0.004193 0.036902
11.148937 -0.026102 -0.016613 -0.004160 0.037029
11.163249 -0.025904 -0.016138 -0.004128 0.037153
11.177561 -0.025704 -0.015661 -0.004097 0.037276
11.191873 -0.025501 -0.015181 -0.004068 0.037398
11.206185 -0.025296 -0.014700 -0.004040 0.037517
11.220496 -0.025089 -0.014217 -0.004013 0.037634
11.234808 -0.024880 -0.013732 -0.003988 0.037750
11.249120 -0.024669 -0.013246 -0.003965 0.037864
11.263432 -0.024455 -0.012757 -0.003942 0.037976
11.277744 -0.024239 -0.012267 -0.003922 0.038086
11.292056 -0.024021 -0.011776 -0.003903 0.038194
11.306368 -0.023801 -0.011283 -0.003885 0.038301
11.320679 -0.023579 -0.010788 -0.003869 0.038405
11.334991 -0.023354 -0.010292 -0.003855 0.038508
11.349303 -0.023128 -0.009795 -0.003842 0.038609
11.363615 -0.022899 -0.009297 -0.003831 0.038708
11.377927 -0.022668 -0.008798 -0.003821 0.038806
11.392239 -0.022436 -0.008298 -0.003813 0.038902
11.406551 -0.022201 -0.007796 -0.003806 0.038996
11.420862 -0.021964 -0.007294 -0.003801 0.039088
11.435174 -0.021725 -0.006791 -0.003798 0.039178
11.449486 -0.021484 -0.006288 -0.003796 0.039267
11.463798 -0.021242 -0.005783 -0.003796 0.039353
11.478110 -0.020997 -0.005278 -0.003798 0.039438
11.492422 -0.020750 -0.004773 -0.003801 0.039522
11.506734 -0.020502 -0.004267 -0.003806 0.039603
11.521045 -0.020251 -0.003761 -0.003813 0.039683
11.535357 -0.019999 -0.003255 -0.003821 0.039761
11.549669 -0.019745 -0.002749 -0.003831 0.039837
11.563981 -0.019489 -0.002242 -0.003842 0.039912
11.578293 -0.019231 -0.001735 -0.003856 0.039985
11.592605 -0.018972 -0.001229 -0.003870 0.040056
11.606917 -0.018711 -0.000723 -0.003887 0.040125
11.621228 -0.018448 -0.000216 -0.003905 0.040193
11.635540 -0.018183 0.000289 -0.003925 0.040258
11.649852 -0.017917 0.000795 -0.003946 0.040323
11.664164 -0.017649 0.001300 -0.003969 0.040385
11.678476 -0.017379 0.001805 -0.003994 0.040446
11.692788 -0.017108 0.002309 -0.004020 0.040505
11.707100 -0.016835 0.002812 -0.004048 0.040562
11.721411 -0.016561 0.003314 -0.004078 0.040617
11.735723 -0.016285 0.003816 -0.004109 0.040671
11.750035 -0.016007 0.004317 -0.004141 0.040723
11.764347 -0.015728 0.004817 -0.004176 0.040774
11.778659 -0.015448 0.005316 -0.004212 0.040822
11.792971 -0.015166 0.005813 -0.004249 0.040869
11.807283 -0.014883 0.006310 -0.004288 0.040915
11.821594 -0.014599 0.006805 -0.004328 0.040958
11.835906 -0.014313 0.007299 -0.004370 0.041000
11.850218 -0.014026 0.007792 -0.004414 0.041040
11.864530 -0.013738 0.008283 -0.004459 0.041079
11.878842 -0.013448 0.008772 -0.004505 0.041115
11.893154 -0.013157 0.009260 -0.004553 0.041150
11.907466 -0.012866 0.009747 -0.004603 0.041183
11.921777 -0.012572 0.010231 -0.004654 0.041215
11.936089 -0.012278 0.010714 -0.004706 0.041245
11.950401 -0.011983 0.011195 -0.004759 0.041273
11.964713 -0.011687 0.011674 -0.004814 0.041299
11.979025 -0.011389 0.012151 -0.004871 0.041324
11.993337 -0.011091 0.012625 -0.004928 0.041347
12.007649 -0.010792 0.013098 -0.004987 0.041368
12.021960 -0.010492 0.013569 -0.005048 0.041388
12.036272 -0.010191 0.014037 -0.005109 0.041406
12.050584 -0.009889 0.014503 -0.005172 0.041422
12.064896 -0.009586 0.014967 -0.005236 0.041436
12.079208 -0.009282 0.015428 -0.005301 0.041448
12.093520 -0.008978 0.015887 -0.005367 0.041459
12.107832 -0.008673 0.016343 -0.005435 0.041468
