# time bound_circ lift drag moment
0.028705 2.142358 -111.281776 -2.874015 18.660275
0.043058 1.686080 -143.625205 -5.349792 36.456448
0.057410 1.495626 -125.519938 -6.193324 34.081970
0.071763 1.546548 -94.598671 -5.844010 19.690421
0.086115 1.650939 -85.374376 -6.305238 16.565348
0.100468 1.784448 -77.398962 -6.649653 14.075669
0.114820 1.932781 -71.892347 -7.037330 12.458309
0.129173 2.082167 -68.087417 -7.473854 11.487357
0.143526 2.221345 -65.182678 -7.924442 10.900351
0.157878 2.344371 -62.726258 -8.362021 10.496887
0.172231 2.451936 -60.330254 -8.747455 10.085866
0.186583 2.549169 -57.619558 -9.025653 9.514698
0.200936 2.642092 -54.316863 -9.140504 8.709135
0.215288 2.735402 -50.266675 -9.044920 7.664832
0.229641 2.831922 -45.571847 -8.733416 6.462040
0.243994 2.932123 -40.940041 -8.325159 5.346152
0.258346 3.032802 -37.492132 -8.057269 4.652186
0.272699 3.128597 -35.613372 -8.054309 4.437323
0.287051 3.216524 -34.549016 -8.194086 4.421556
0.301404 3.297048 -33.370386 -8.279177 4.351734
0.315756 3.371675 -31.776364 -8.230333 4.179571
0.330109 3.441237 -29.947353 -8.082088 3.966196
0.344461 3.505961 -28.049788 -7.872970 3.747333
0.358814 3.566384 -26.121439 -7.612161 3.513817
0.373167 3.623606 -24.219945 -7.316279 3.270828
0.387519 3.678330 -22.486741 -7.029595 3.071385
0.401872 3.729624 -21.060099 -6.800845 2.982982
0.416224 3.775996 -19.871563 -6.617457 2.983783
0.430577 3.817549 -18.721266 -6.420645 2.981079
0.444929 3.855669 -17.527164 -6.184166 2.935911
0.459282 3.891105 -16.352846 -5.929566 2.890376
0.473635 3.922870 -15.289100 -5.690353 2.907625
0.487987 3.949579 -14.335327 -5.469730 2.995182
0.502340 3.970919 -13.466095 -5.261503 3.122929
0.516692 3.987074 -12.727377 -5.085727 3.279849
0.531045 3.997911 -12.160719 -4.962023 3.459725
0.545397 4.002801 -11.732329 -4.881252 3.645998
0.559750 4.000661 -11.388176 -4.824931 3.836005
0.574102 3.991019 -11.078822 -4.774794 4.024987
0.588455 3.974082 -10.781943 -4.722443 4.205512
0.602808 3.956805 -10.532638 -4.670996 4.379667
0.617160 3.946819 -10.386330 -4.642616 4.533192
0.631513 3.949395 -10.327281 -4.638707 4.656102
0.645865 3.967522 -10.366420 -4.669389 4.777739
0.660218 4.003287 -10.571030 -4.768965 4.922742
0.674570 4.056647 -10.958850 -4.951151 5.081822
0.688923 4.117244 -11.586358 -5.247745 5.319755
0.703276 4.167435 -12.543723 -5.705336 5.739882
0.717628 4.170474 -13.935385 -6.375063 6.508023
0.731981 3.997300 -16.446303 -7.572781 8.333947
0.746333 4.649522 -15.440162 -7.159752 4.622576
0.760686 5.297884 -4.448282 -2.111162 -2.556965
0.775038 5.317328 -8.967665 -4.266203 2.044370
0.789391 5.131437 -21.480681 -10.185242 12.130038
0.803743 5.708206 -3.315437 -1.766365 -3.963127
0.818096 5.706752 -9.113837 -4.531615 2.879400
0.832449 5.752413 -9.398551 -4.667220 2.595677
0.846801 5.561615 -10.807319 -5.327089 4.632211
0.861154 4.992373 -15.482824 -7.514114 8.366158
0.875506 4.795396 -6.837887 -3.451644 2.647998
0.889859 5.181834 9.940506 4.389748 -8.626055
0.904211 5.258572 10.819716 4.781271 -7.038405
0.918564 5.332315 8.956500 3.895820 -5.813062
0.932916 5.157787 6.781877 2.872335 -1.908243
0.947269 5.075863 12.024246 5.251001 -4.127849
0.961622 5.155497 21.846478 9.672813 -9.734527
0.975974 5.301018 25.556406 11.264881 -11.758707
0.990327 5.371564 29.228856 12.802580 -11.373170
1.004679 5.523340 34.026611 14.796687 -12.917968
1.019032 5.739677 35.530465 15.294504 -14.045713
1.033384 5.662094 37.460127 15.949581 -12.165179
1.047737 5.806755 42.017480 17.693920 -16.312772
1.062090 5.973291 40.775764 16.930965 -15.769482
1.076442 6.096073 38.009378 15.536537 -14.482712
1.090795 6.146175 34.349729 13.799359 -13.179213
1.105147 6.070436 39.717294 15.730246 -10.949989
1.119500 5.670245 26.269595 10.139495 -8.850722
1.133852 4.745934 45.041439 17.234123 -5.132025
1.148205 4.379128 41.700751 15.625331 -11.610819
1.162557 3.654511 57.252622 21.098625 -9.846613
1.176910 2.716789 68.185518 24.626767 -8.157912
1.191263 1.910454 71.115763 25.107264 -10.377951
1.205615 1.663432 67.797324 23.347574 -15.937201
1.219968 1.685946 62.259605 20.876947 -16.992233
1.234320 1.771583 60.765601 19.825979 -16.328325
1.248673 1.726744 57.222596 18.131556 -13.308436
1.263025 1.435342 53.226434 16.350138 -9.443990
1.277378 1.306359 56.468150 16.820589 -11.865441
1.291731 1.250396 56.770607 16.358843 -12.491308
1.306083 1.230671 60.348518 16.806204 -13.623312
1.320436 1.159586 62.420667 16.761912 -13.235147
1.334788 1.037663 63.627800 16.438977 -12.749804
1.349141 0.876388 63.937457 15.855799 -12.237018
1.363493 0.668100 64.050468 15.209732 -11.545393
1.377846 0.310540 64.669342 14.669343 -9.485064
1.392198 -0.057889 63.102983 13.627635 -8.986194
1.406551 -0.310486 64.828125 13.299560 -11.072135
1.420904 -0.485385 64.068708 12.435326 -11.469359
1.435256 -0.669790 63.416646 11.601379 -11.030554
1.449609 -0.902022 62.596014 10.746394 -10.180537
1.463961 -1.374237 59.658862 9.557145 -7.204906
1.478314 -1.690009 64.474866 9.613283 -10.111021
1.492666 -1.902117 64.680827 8.903593 -10.708011
1.507019 -2.015095 68.060040 8.596174 -12.689676
1.521371 -2.113660 67.998952 7.800159 -12.738509
1.535724 -2.203255 68.209980 7.030690 -12.916507
1.550077 -2.289965 67.425787 6.158590 -12.713262
1.564429 -2.368268 66.478615 5.288351 -12.539203
1.578782 -2.438144 65.273897 4.419482 -12.307049
1.593134 -2.499608 64.160914 3.582326 -12.176338
1.607487 -2.571399 62.706871 2.753520 -11.848692
1.621839 -2.712257 60.356545 1.925830 -10.794321
1.636192 -2.719294 62.611810 1.262499 -12.874177
1.650545 -2.760486 59.270274 0.478269 -11.631737
1.664897 -2.740965 59.905616 -0.226823 -12.694790
1.679250 -2.680498 58.960719 -0.928265 -13.122125
1.693602 -2.605421 57.242594 -1.588552 -12.909847
1.707955 -2.643218 55.559579 -2.208667 -10.857439
1.722307 -2.616145 53.854892 -2.786923 -10.689612
1.736660 -2.598047 51.976181 -3.313303 -9.887841
1.751012 -2.573901 49.803735 -3.772948 -9.311141
1.765365 -2.537261 47.351053 -4.156478 -8.802874
1.779718 -2.497257 45.259926 -4.514763 -8.299326
1.794070 -2.458300 43.290799 -4.835039 -7.828350
1.808423 -2.417906 41.152788 -5.087261 -7.432161
1.822775 -2.371893 39.400637 -5.337542 -7.230306
1.837128 -2.317401 37.481935 -5.521367 -7.019083
1.851480 -2.254533 35.370793 -5.629156 -6.723168
1.865833 -2.185509 33.212856 -5.678404 -6.361191
1.880186 -2.112389 31.180430 -5.698005 -6.002449
1.894538 -2.036170 29.145397 -5.668611 -5.655891
1.908891 -1.957942 27.304721 -5.629423 -5.408043
1.923243 -1.881276 25.560965 -5.566932 -5.196176
1.937596 -1.807320 24.297367 -5.568875 -5.045095
1.951948 -1.707007 23.385464 -5.621608 -5.375831
1.966301 -1.566377 21.246750 -5.356076 -5.660897
1.980653 -1.411563 20.691930 -5.440965 -5.946595
1.995006 -1.260556 17.965164 -4.942195 -4.973026
2.009359 -1.125760 16.336206 -4.683390 -4.576794
2.023711 -1.002340 13.458358 -4.036217 -4.048528
2.038064 -0.896551 12.129645 -3.782048 -3.797583
2.052416 -0.806955 10.835106 -3.509945 -3.449201
2.066769 -0.738944 9.427004 -3.175456 -3.053992
2.081121 -0.943203 2.099709 -0.912279 1.651490
2.095474 -1.282354 4.492282 -1.722224 0.884266
2.109827 -1.239291 5.398302 -2.070445 -1.953035
2.124179 -1.199655 4.278127 -1.728585 -1.831072
2.138532 -1.167627 3.054908 -1.329673 -1.658092
2.152884 -1.182231 1.171016 -0.668524 -0.908060
2.167237 -1.250038 -0.113940 -0.199597 -0.325666
2.181589 -1.326319 -1.061221 0.161127 -0.116057
2.195942 -1.710135 -7.184951 2.600239 4.501486
2.210294 -1.770306 -1.586599 0.501957 -0.637127
2.224647 -1.810277 -2.725331 1.032599 -0.725616
2.239000 -1.849182 -3.348339 1.349696 -0.910753
2.253352 -1.860248 -3.004851 1.247319 -1.655118
2.267705 -1.579943 2.398376 -1.019131 -6.113314
2.282057 -0.967845 4.342409 -1.899769 -9.142172
2.296410 -0.877646 -5.006052 2.023430 -2.330816
2.310762 -0.870461 -8.570332 3.501343 -0.462046
2.325115 -0.836192 -10.482458 4.386760 0.105405
2.339467 -0.774897 -9.766697 4.112524 -0.426992
2.353820 -0.657608 -11.355683 4.867178 -0.779505
2.368173 -0.444532 -11.703397 5.066168 -1.775362
2.382525 -0.346361 -13.139832 5.761320 -0.877878
2.396878 -0.263290 -13.617748 6.019229 -0.893947
2.411230 -0.122380 -13.414263 5.959219 -1.696398
2.425583 0.049033 -13.910083 6.218364 -2.054990
2.439935 0.214745 -13.351377 5.981886 -2.086584
2.454288 0.495251 -15.540113 7.024742 -2.336042
2.468641 0.776563 -13.897412 6.269251 -4.603993
2.482993 1.426718 -11.060577 4.944851 -8.978999
2.497346 2.162057 -12.790361 5.759873 -8.951391
2.511698 2.374443 -16.382936 7.444907 -2.143584
2.526051 2.622851 -15.459082 7.001889 -3.139489
2.540403 2.776435 -15.443492 6.979509 -2.634611
2.554756 3.009085 -15.162132 6.827117 -3.464853
2.569108 3.193753 -14.845161 6.653197 -2.526831
2.583461 3.344813 -13.704712 6.093661 -2.148397
2.597814 3.662935 -12.111610 5.325878 -4.293337
2.612166 3.735091 -10.410313 4.512715 -1.491904
2.626519 3.688077 -10.573687 4.553091 0.211581
2.640871 3.642002 -9.559816 4.058105 0.575134
2.655224 3.493398 -9.897842 4.257203 2.429147
2.669576 3.406695 -13.000057 5.499904 0.967508
2.683929 3.482670 -12.376290 5.166182 -0.288679
2.698282 3.455915 -12.919393 5.338862 0.998390
2.712634 3.448236 -12.779874 5.210095 1.215493
2.726987 3.449328 -12.446144 4.996903 1.445848
2.741339 3.414586 -12.906904 5.113566 2.128686
2.755692 3.261390 -14.004213 5.591257 4.530910
2.770044 3.103181 -16.457029 6.554404 4.911521
2.784397 3.141515 -16.680722 6.349370 0.835983
2.798749 3.248310 -16.020520 5.973140 1.403142
2.813102 3.333030 -15.957764 5.829578 1.986869
2.827455 3.398018 -16.250138 5.815108 2.534721
2.841807 3.411870 -16.799404 5.885538 3.646443
2.856160 3.294743 -17.573916 6.241104 7.745121
2.870512 3.140730 -23.473226 8.165611 7.999426
2.884865 2.958249 -26.978906 8.910865 5.395337
2.899217 2.877158 -29.114768 9.374850 7.238382
2.913570 2.767058 -33.096831 10.386626 8.442365
2.927923 2.668604 -35.717496 10.893576 9.240907
2.942275 2.543026 -37.738324 11.162804 10.117693
2.956628 2.111034 -45.467751 13.054797 15.419182
2.970980 1.912701 -43.601789 12.077073 13.002446
2.985333 1.605462 -51.403457 13.761953 16.454341
2.999685 1.600994 -49.453667 12.724692 12.811574
3.014038 1.421049 -56.362900 13.949681 16.464932
3.028390 1.225192 -56.095417 13.291709 16.974030
3.042743 1.099569 -55.582051 12.575309 16.497288
3.057096 1.112441 -53.476686 11.513327 14.298064
3.071448 1.067850 -57.327041 11.733894 15.424964
3.085801 1.111929 -54.841078 10.611001 14.127944
3.100153 1.112463 -56.311976 10.275807 15.230420
3.114506 0.758774 -58.930317 10.103587 20.126821
3.128858 0.301775 -65.130157 10.454708 22.089869
3.143211 0.081951 -65.092398 9.707555 18.499399
3.157563 -0.017301 -65.829283 9.065750 16.912033
3.171916 0.011673 -63.655323 8.025043 15.209537
3.186269 -0.091487 -64.843593 7.427609 17.281606
3.200621 -0.543151 -68.442195 7.055402 22.254467
3.214974 -0.626903 -70.109113 6.412749 17.804928
3.229326 -0.920098 -74.262933 5.934241 20.956913
3.243679 -1.230094 -74.611250 5.084212 21.242891
3.258031 -1.383003 -77.730987 4.388048 20.449670
3.272384 -1.463806 -78.056041 3.483100 18.971262
3.286737 -1.124956 -71.616377 2.327446 12.287442
3.301089 -0.802109 -67.535604 1.379624 11.601084
3.315442 -0.569619 -65.965132 0.557914 12.122051
3.329794 -0.138038 -61.950186 -0.226823 8.135250
