# time bound_circ lift drag moment
0.028690 0.075296 -1.874866 -0.022210 0.444565
0.043036 0.069425 -1.490502 -0.028268 0.255851
0.057381 0.073174 -1.449902 -0.038479 0.166467
0.071726 0.072185 -1.559240 -0.053243 0.214863
0.086071 0.069200 -1.637228 -0.069068 0.235736
0.100416 0.064369 -1.712518 -0.086552 0.254746
0.114761 0.058031 -1.783122 -0.105569 0.270061
0.129107 0.050394 -1.850677 -0.126126 0.283089
0.143452 0.041608 -1.915867 -0.148212 0.294413
0.157797 0.031788 -1.979126 -0.171813 0.304414
0.172142 0.021026 -2.040722 -0.196910 0.313335
0.186487 0.009398 -2.100832 -0.223481 0.321346
0.200832 -0.003034 -2.159582 -0.251502 0.328567
0.215178 -0.016212 -2.217075 -0.280947 0.335094
0.229523 -0.030089 -2.273400 -0.311788 0.341006
0.243868 -0.044623 -2.328645 -0.343998 0.346373
0.258213 -0.059776 -2.382895 -0.377549 0.351257
0.272558 -0.075513 -2.436227 -0.412411 0.355713
0.286903 -0.091803 -2.488706 -0.448553 0.359785
0.301249 -0.108618 -2.540383 -0.485940 0.363510
0.315594 -0.125931 -2.591296 -0.524539 0.366916
0.329939 -0.135728 -2.623679 -0.548299 0.373870
0.344284 -0.136560 -2.632110 -0.562380 0.339454
0.358629 -0.129855 -2.646391 -0.577184 0.283060
0.372974 -0.116934 -2.669371 -0.593179 0.234199
0.387320 -0.099085 -2.700894 -0.610457 0.192175
0.401665 -0.077279 -2.740963 -0.629130 0.155823
0.416010 -0.052274 -2.788771 -0.649184 0.124537
0.430355 -0.024699 -2.843074 -0.670519 0.097892
0.444700 0.004913 -2.902623 -0.693008 0.075446
0.459046 0.036109 -2.965590 -0.716405 0.056694
0.473391 0.068516 -3.029393 -0.740301 0.041065
0.487736 0.101921 -3.103976 -0.766405 0.028418
0.502081 0.136062 -3.170538 -0.791509 0.018025
0.516426 0.170777 -3.230244 -0.815698 0.008641
0.530771 0.205961 -3.298808 -0.841779 0.002943
0.545117 0.241596 -3.361616 -0.867072 -0.003240
0.559462 0.277728 -3.428445 -0.893375 -0.010078
0.573807 0.314347 -3.497627 -0.920383 -0.016903
0.588152 0.351246 -3.563340 -0.946930 -0.019083
0.602497 0.388036 -3.565930 -0.960754 -0.025559
0.616842 0.425070 -3.689336 -0.999428 -0.019923
0.631188 0.462143 -3.695570 -1.013855 -0.030052
0.645533 0.499399 -3.814379 -1.052195 -0.023260
0.659878 0.536570 -3.833853 -1.069291 -0.029216
0.674223 0.573794 -3.923933 -1.101795 -0.026496
0.688568 0.610800 -3.970438 -1.124702 -0.021513
0.702913 0.647496 -3.999455 -1.143522 -0.021967
0.717259 0.683868 -4.091984 -1.176766 -0.009563
0.731604 0.719815 -4.128350 -1.197011 -0.006301
0.745949 0.755338 -4.196379 -1.224512 0.003165
0.760294 0.790241 -4.218009 -1.240853 0.008505
0.774639 0.824507 -4.291346 -1.269338 0.023143
0.788984 0.858054 -4.343647 -1.292591 0.033522
0.803330 0.890740 -4.391079 -1.314417 0.046487
0.817675 0.922522 -4.466447 -1.342907 0.067241
0.832020 0.953109 -4.456302 -1.349803 0.070473
0.846365 0.982450 -4.546722 -1.381534 0.097583
0.860710 1.010689 -4.607816 -1.405633 0.116629
0.875055 1.037733 -4.606444 -1.413427 0.121230
0.889401 1.063875 -4.707495 -1.447065 0.153153
0.903746 1.089552 -4.704111 -1.453400 0.159601
0.918091 1.114387 -4.669851 -1.451121 0.161880
0.932436 1.137852 -4.776334 -1.485041 0.202805
0.946781 1.160681 -4.811816 -1.499972 0.214724
0.961127 1.183665 -4.774405 -1.495151 0.201766
0.975472 1.206828 -4.809707 -1.508939 0.214149
0.989817 1.229847 -4.837769 -1.520273 0.229424
1.004162 1.252275 -4.817660 -1.518220 0.234915
1.018507 1.273674 -4.833808 -1.525226 0.254156
1.032852 1.293783 -4.883322 -1.540571 0.284404
1.047198 1.312516 -4.912360 -1.549864 0.307501
1.061543 1.329971 -4.922165 -1.553408 0.323640
1.075888 1.346381 -4.929289 -1.555623 0.339436
1.090233 1.362008 -4.943645 -1.559162 0.356206
1.104578 1.377117 -4.947703 -1.559325 0.369832
1.118923 1.392007 -4.927230 -1.552311 0.378551
1.133269 1.406788 -4.909289 -1.545377 0.387437
1.147614 1.421443 -4.908574 -1.542441 0.398066
1.161959 1.435767 -4.896017 -1.535752 0.409604
1.176304 1.449355 -4.846815 -1.518770 0.420128
1.190649 1.462029 -4.829832 -1.509785 0.434663
1.204994 1.473731 -4.844478 -1.508562 0.453966
1.219340 1.483633 -4.848924 -1.504047 0.481591
1.233685 1.490654 -4.807178 -1.486902 0.512169
1.248030 1.499144 -4.783390 -1.473945 0.503994
1.262375 1.509323 -4.727270 -1.452160 0.493188
1.276720 1.516972 -4.682526 -1.432904 0.522850
1.291065 1.518900 -4.730971 -1.436947 0.592823
1.305411 1.521531 -4.649632 -1.407508 0.585489
1.319756 1.530553 -4.520325 -1.365835 0.524659
1.334101 1.539437 -4.485400 -1.347613 0.532617
1.348446 1.547473 -4.420154 -1.321573 0.542788
1.362791 1.554738 -4.381618 -1.301850 0.554016
1.377137 1.561014 -4.326104 -1.277729 0.565418
1.391482 1.566441 -4.282974 -1.256372 0.574913
1.405827 1.571087 -4.221565 -1.230463 0.581979
1.420172 1.575127 -4.163381 -1.205192 0.588120
1.434517 1.578609 -4.093972 -1.177224 0.593630
1.448862 1.581626 -4.024408 -1.149205 0.598599
1.463208 1.584224 -3.946285 -1.119275 0.603121
1.477553 1.586353 -3.868088 -1.089421 0.608546
1.491898 1.587821 -3.791267 -1.059992 0.615605
1.506243 1.588445 -3.718440 -1.031565 0.623732
1.520588 1.588150 -3.646997 -1.003577 0.631506
1.534933 1.586964 -3.574212 -0.975471 0.637640
1.549279 1.584942 -3.499062 -0.947080 0.642012
1.563624 1.582112 -3.421322 -0.918410 0.645242
1.577969 1.578479 -3.341200 -0.889559 0.647969
1.592314 1.574055 -3.259381 -0.860712 0.650405
1.606659 1.568874 -3.175834 -0.831911 0.652308
1.621004 1.562982 -3.090041 -0.803106 0.653579
1.635350 1.556407 -3.002214 -0.774389 0.654595
1.649695 1.549145 -2.913505 -0.746016 0.655770
1.664040 1.541162 -2.825232 -0.718251 0.657226
1.678385 1.532408 -2.738034 -0.691223 0.658915
1.692730 1.523361 -2.651629 -0.663887 0.660982
1.707075 1.514825 -2.566327 -0.635110 0.661425
1.721421 1.506791 -2.483324 -0.605866 0.657542
1.735766 1.499246 -2.402462 -0.576521 0.651553
1.750111 1.492177 -2.323639 -0.547239 0.644861
1.764456 1.485569 -2.246964 -0.518157 0.637992
1.778801 1.479408 -2.172504 -0.489393 0.631167
1.793146 1.473685 -2.100454 -0.461064 0.624507
1.807492 1.468393 -2.030801 -0.433260 0.617959
1.821837 1.463529 -1.963003 -0.406019 0.611414
1.836182 1.459091 -1.896724 -0.379402 0.604915
1.850527 1.455077 -1.832086 -0.353492 0.598521
1.864872 1.451485 -1.769200 -0.328335 0.592213
1.879218 1.448309 -1.707949 -0.303936 0.585963
1.893563 1.445538 -1.648132 -0.280294 0.579793
1.907908 1.443153 -1.589670 -0.257426 0.573796
1.922253 1.441130 -1.532676 -0.235369 0.568105
1.936598 1.439443 -1.477281 -0.214165 0.562852
1.950943 1.438065 -1.423621 -0.193855 0.558194
1.965289 1.436974 -1.371999 -0.174490 0.554298
1.979634 1.436155 -1.322743 -0.156103 0.551214
1.993979 1.435598 -1.275965 -0.138698 0.548876
2.008324 1.435284 -1.231621 -0.122257 0.547203
2.022669 1.435191 -1.189659 -0.106755 0.546122
2.037014 1.435295 -1.149988 -0.092168 0.545567
2.051360 1.435564 -1.112497 -0.078475 0.545570
2.065705 1.435964 -1.077216 -0.065667 0.546324
2.080050 1.436454 -1.044393 -0.053738 0.548111
2.094395 1.436996 -1.014334 -0.042676 0.551161
2.108740 1.437554 -0.987182 -0.032457 0.555559
2.123085 1.438102 -0.962847 -0.023046 0.561224
2.137431 1.438617 -0.941127 -0.014404 0.567988
2.151776 1.439073 -0.921892 -0.006491 0.575740
2.166121 1.439436 -0.905146 0.000732 0.584474
2.180466 1.439666 -0.890897 0.007310 0.594161
2.194811 1.439729 -0.878939 0.013283 0.604638
2.209156 1.439595 -0.868726 0.018680 0.615607
2.223502 1.439237 -0.859426 0.023512 0.626748
2.237847 1.438606 -0.850347 0.027777 0.638001
2.252192 1.437596 -0.841458 0.031485 0.649793
2.266537 1.436042 -0.833205 0.034667 0.662696
2.280882 1.433723 -0.825968 0.037364 0.677071
2.295228 1.430355 -0.820142 0.039624 0.693246
2.309573 1.425679 -0.815490 0.041470 0.710890
2.323918 1.419691 -0.809354 0.042758 0.727691
2.338263 1.412762 -0.796436 0.043100 0.739673
2.352608 1.405220 -0.774425 0.042216 0.746113
2.366953 1.396528 -0.750713 0.040568 0.754347
2.381299 1.385828 -0.730065 0.038551 0.767917
2.395644 1.372923 -0.706982 0.035716 0.781224
2.409989 1.358020 -0.678551 0.031747 0.791108
2.424334 1.342087 -0.639276 0.025993 0.791695
2.438679 1.326587 -0.583003 0.017612 0.778013
2.453024 1.312434 -0.511828 0.006563 0.753717
2.467370 1.300001 -0.429519 -0.006957 0.723116
2.481715 1.288660 -0.345921 -0.021917 0.695165
2.496060 1.276118 -0.280505 -0.035835 0.686312
2.510405 1.261735 -0.221190 -0.050017 0.683446
2.524750 1.246329 -0.154642 -0.066198 0.673703
2.539095 1.230494 -0.082222 -0.084290 0.658818
2.553441 1.214777 -0.002542 -0.104586 0.638908
2.567786 1.199716 0.080695 -0.126628 0.615369
2.582131 1.185837 0.168270 -0.150588 0.588019
2.596476 1.173551 0.259953 -0.176491 0.557401
2.610821 1.163172 0.359047 -0.204946 0.523102
2.625166 1.154731 0.446361 -0.232779 0.493646
2.639512 1.148313 0.562404 -0.266907 0.453135
2.653857 1.143487 0.642324 -0.296104 0.429137
2.668202 1.140229 0.762604 -0.333880 0.390229
2.682547 1.137948 0.839078 -0.364988 0.371113
2.696892 1.136796 0.959636 -0.405651 0.334209
2.711237 1.132102 1.033154 -0.430617 0.310797
2.725583 1.121918 1.131945 -0.454231 0.289541
2.739928 1.107125 1.197365 -0.471802 0.306156
2.754273 1.088783 1.300944 -0.497562 0.302128
2.768618 1.067550 1.392539 -0.521468 0.301429
2.782963 1.043437 1.450018 -0.538680 0.317141
2.797309 1.016259 1.531321 -0.561280 0.326444
2.811654 0.985447 1.615978 -0.585017 0.338910
2.825999 0.950363 1.671957 -0.602799 0.367128
2.840344 0.911034 1.713344 -0.617496 0.401718
2.854689 0.868407 1.762434 -0.634032 0.428502
2.869034 0.823754 1.826821 -0.654212 0.441793
2.883380 0.778202 1.907331 -0.678341 0.441995
2.897725 0.732624 2.004371 -0.706624 0.431620
2.912070 0.687087 2.088034 -0.732020 0.421524
2.926415 0.640924 2.164227 -0.755818 0.417194
2.940760 0.592872 2.268643 -0.786637 0.418382
2.955105 0.542298 2.282202 -0.795336 0.436087
2.969451 0.489037 2.373889 -0.823242 0.443219
2.983796 0.434161 2.400692 -0.835024 0.452194
2.998141 0.377654 2.490112 -0.862443 0.457115
3.012486 0.319509 2.519593 -0.874677 0.468919
3.026831 0.259842 2.549734 -0.886892 0.479457
3.041176 0.198905 2.553214 -0.892038 0.492169
3.055522 0.137301 2.667316 -0.925559 0.482159
3.069867 0.075912 2.728997 -0.945433 0.472659
3.084212 0.015517 2.736943 -0.951074 0.462864
3.098557 -0.043617 2.896692 -0.996323 0.422857
3.112902 -0.101376 2.945109 -1.012174 0.410332
3.127247 -0.157188 2.930956 -1.011180 0.391606
3.141593 -0.211992 3.184257 -1.080873 0.334959
3.155938 -0.265548 3.045178 -1.046008 0.347699
3.170283 -0.318190 3.209839 -1.091683 0.312845
3.184628 -0.369711 3.298593 -1.116821 0.272204
3.198973 -0.420905 3.230339 -1.099582 0.296722
3.213319 -0.471780 3.333355 -1.127785 0.267872
3.227664 -0.522682 3.370593 -1.137972 0.257261
3.242009 -0.573383 3.372664 -1.138316 0.255442
3.256354 -0.623911 3.361878 -1.134795 0.258526
3.270699 -0.674499 3.416398 -1.148322 0.234683
3.285044 -0.727432 3.419189 -1.147572 0.255260
3.299390 -0.782309 3.339232 -1.124348 0.290795
3.313735 -0.833300 3.394082 -1.136631 0.239009
3.328080 -0.878551 3.557661 -1.177220 0.154083
3.342425 -0.922155 3.531919 -1.167106 0.139437
3.356770 -0.965113 3.521153 -1.160547 0.137732
3.371115 -1.007371 3.548431 -1.163543 0.123391
3.385461 -1.053997 3.528313 -1.153695 0.158544
3.399806 -1.110588 3.396688 -1.114578 0.257047
3.414151 -1.162633 3.402654 -1.110887 0.208858
3.428496 -1.201675 3.526447 -1.136938 0.069769
3.442841 -1.236223 3.562531 -1.139857 0.015609
3.457186 -1.262967 3.639137 -1.152458 -0.075813
3.471532 -1.281385 3.703043 -1.161167 -0.159460
3.485877 -1.296555 3.707024 -1.154312 -0.190968
3.500222 -1.309181 3.697311 -1.143652 -0.218880
3.514567 -1.319203 3.697176 -1.134960 -0.247912
3.528912 -1.326776 3.698570 -1.126232 -0.273255
3.543257 -1.331945 3.690814 -1.114910 -0.298035
3.557603 -1.337400 3.643899 -1.093982 -0.294448
3.571948 -1.341513 3.615647 -1.077281 -0.309854
3.586293 -1.340829 3.619673 -1.067808 -0.358942
3.600638 -1.340842 3.549107 -1.040953 -0.347911
3.614983 -1.341431 3.491754 -1.017134 -0.346436
3.629328 -1.336228 3.494591 -1.006661 -0.405065
3.643674 -1.335252 3.379280 -0.970034 -0.356379
3.658019 -1.331832 3.359479 -0.954380 -0.384695
3.672364 -1.323209 3.338548 -0.938307 -0.427047
3.686709 -1.324031 3.157359 -0.888724 -0.322928
3.701054 -1.326267 3.080410 -0.861465 -0.309573
3.715400 -1.327620 3.014047 -0.836623 -0.314028
3.729745 -1.328272 2.938025 -0.810115 -0.315321
3.744090 -1.328188 2.863508 -0.784232 -0.317987
3.758435 -1.327514 2.797238 -0.760257 -0.320801
3.772780 -1.326421 2.726801 -0.735816 -0.320851
3.787125 -1.325038 2.640913 -0.708936 -0.317780
3.801471 -1.323382 2.547834 -0.681295 -0.314729
3.815816 -1.321279 2.457202 -0.654673 -0.313861
3.830161 -1.318393 2.373942 -0.629894 -0.315575
3.844506 -1.314419 2.297749 -0.606835 -0.319091
3.858851 -1.309228 2.224619 -0.584786 -0.323011
3.873196 -1.303844 2.148793 -0.561088 -0.326478
3.887542 -1.299114 2.069457 -0.535106 -0.325409
3.901887 -1.295036 1.990315 -0.508467 -0.319236
3.916232 -1.291600 1.912506 -0.481744 -0.311355
3.930577 -1.288799 1.835747 -0.455121 -0.302607
3.944922 -1.286625 1.758681 -0.428601 -0.292974
3.959267 -1.285069 1.682007 -0.402395 -0.282768
3.973613 -1.284118 1.605383 -0.376520 -0.272067
3.987958 -1.283759 1.527799 -0.350935 -0.261047
4.002303 -1.283974 1.450244 -0.325835 -0.250472
4.016648 -1.284750 1.372795 -0.301269 -0.240420
4.030993 -1.286075 1.295608 -0.277297 -0.230706
4.045338 -1.287937 1.218943 -0.254017 -0.220954
4.059684 -1.290321 1.145296 -0.231746 -0.212086
4.074029 -1.293213 1.073071 -0.210365 -0.203964
4.088374 -1.296598 1.003959 -0.190032 -0.196599
4.102719 -1.300457 0.937310 -0.170699 -0.189658
4.117064 -1.304778 0.871413 -0.152252 -0.183074
4.131410 -1.309548 0.806487 -0.134725 -0.177175
4.145755 -1.314755 0.743692 -0.118199 -0.171956
4.160100 -1.320386 0.682760 -0.102678 -0.166857
4.174445 -1.326420 0.624389 -0.088244 -0.162025
4.188790 -1.332829 0.572056 -0.075096 -0.158334
4.203135 -1.339576 0.527107 -0.063261 -0.156327
4.217481 -1.346658 0.474157 -0.052127 -0.152903
4.231826 -1.354100 0.396774 -0.041331 -0.145202
4.246171 -1.361865 0.325306 -0.031962 -0.140350
4.260516 -1.369841 0.298283 -0.024659 -0.145252
4.274861 -1.378005 0.270979 -0.018215 -0.149884
4.289206 -1.386381 0.202642 -0.012360 -0.147639
4.303552 -1.394878 0.157050 -0.007828 -0.150053
