# time bound_circ lift drag moment
0.028693 0.324943 3.173120 0.127802 -0.556103
0.043039 0.400543 6.097669 0.378165 -2.048176
0.057385 0.482712 6.553720 0.542762 -2.230749
0.071731 0.556549 6.479729 0.668791 -2.115275
0.086078 0.620958 6.358086 0.783390 -1.976658
0.100424 0.679400 6.327422 0.903804 -1.896004
0.114770 0.734145 6.347352 1.029057 -1.850126
0.129117 0.786554 6.391500 1.157417 -1.823427
0.143463 0.837421 6.444560 1.287255 -1.806579
0.157809 0.887182 6.497700 1.417147 -1.793964
0.172155 0.936062 6.546364 1.546001 -1.782475
0.186502 0.984174 6.588792 1.673100 -1.770685
0.200848 1.031574 6.624665 1.798002 -1.758073
0.215194 1.078293 6.654386 1.920459 -1.744581
0.229541 1.124349 6.678729 2.040377 -1.730385
0.243887 1.158310 6.672738 2.169938 -1.719537
0.258233 1.178052 6.604254 2.292147 -1.661925
0.272579 1.183532 6.536225 2.412791 -1.543524
0.286926 1.176745 6.486586 2.539645 -1.440319
0.301272 1.161045 6.448580 2.670969 -1.355009
0.315618 1.139028 6.421426 2.807258 -1.282431
0.329964 1.112352 6.400973 2.947269 -1.218853
0.344311 1.082064 6.383103 3.089390 -1.161975
0.358657 1.048879 6.365536 3.232630 -1.110554
0.373003 1.013352 6.343117 3.374129 -1.063894
0.387350 0.975915 6.308575 3.509248 -1.020617
0.401696 0.936819 6.276575 3.646273 -0.981491
0.416042 0.896160 6.248156 3.786128 -0.945449
0.430388 0.854209 6.184182 3.902719 -0.909669
0.444735 0.811017 6.110034 4.011089 -0.872377
0.459081 0.766631 6.019778 4.106104 -0.830911
0.473427 0.721168 5.953540 4.216777 -0.799144
0.487774 0.674726 5.873744 4.315624 -0.764064
0.502120 0.627471 5.782362 4.403094 -0.730960
0.516466 0.579386 5.686573 4.484199 -0.693171
0.530812 0.530383 5.610860 4.579798 -0.658435
0.545159 0.480623 5.549505 4.686467 -0.629785
0.559505 0.430526 5.395738 4.706211 -0.591314
0.573851 0.379922 5.353493 4.826335 -0.572531
0.588198 0.329075 5.225532 4.861543 -0.543818
0.602544 0.278596 5.092433 4.886112 -0.526715
0.616890 0.228461 5.018421 4.967178 -0.515115
0.631236 0.179150 4.917839 5.017165 -0.504523
0.645583 0.130841 4.814158 5.059653 -0.492380
0.659929 0.083476 4.707491 5.094319 -0.480217
0.674275 0.037830 4.602134 5.125812 -0.479899
0.688622 -0.005493 4.504501 5.161964 -0.485209
0.702968 -0.046703 4.402784 5.188535 -0.489874
0.717314 -0.083517 4.294004 5.201041 -0.528518
0.731660 -0.112938 4.202750 5.231330 -0.607414
0.746007 -0.128700 4.103971 5.246789 -0.776606
0.760353 -0.122018 4.048749 5.318418 -1.069099
0.774699 -0.109635 3.973421 5.358808 -1.135661
0.789046 -0.117391 3.854895 5.331071 -0.865206
0.803392 -0.136126 3.751425 5.318887 -0.701123
0.817738 -0.171732 3.599241 5.223782 -0.436425
0.832084 -0.202871 3.441167 5.108466 -0.463192
0.846431 -0.213279 3.323751 5.048722 -0.726997
0.860777 -0.213586 3.281773 5.108178 -0.851710
0.875123 -0.242532 3.186648 5.073061 -0.452520
0.889469 -0.275050 3.060667 4.976024 -0.376234
0.903816 -0.305835 2.921428 4.844893 -0.387111
0.918162 -0.329581 2.824213 4.780661 -0.478495
0.932508 -0.341400 2.781103 4.811526 -0.628360
0.946855 -0.353306 2.729341 4.821970 -0.608141
0.961201 -0.366056 2.637078 4.747222 -0.580590
0.975547 -0.378812 2.557314 4.689690 -0.566001
0.989893 -0.386140 2.467790 4.604543 -0.627986
1.004240 -0.389915 2.410585 4.579577 -0.664566
1.018586 -0.412164 2.334361 4.507707 -0.400651
1.032932 -0.438630 2.261044 4.434713 -0.320197
1.047279 -0.463721 2.196560 4.374131 -0.320458
1.061625 -0.487263 2.132579 4.307887 -0.326207
1.075971 -0.509462 2.069617 4.237137 -0.331615
1.090317 -0.529538 2.016982 4.183915 -0.348396
1.104664 -0.548625 1.970453 4.139187 -0.347808
1.119010 -0.568423 1.917393 4.072772 -0.323430
1.133356 -0.588755 1.860264 3.990020 -0.303336
1.147703 -0.609164 1.805283 3.906090 -0.292087
1.162049 -0.628704 1.758410 3.836333 -0.295320
1.176395 -0.645480 1.725552 3.796667 -0.323670
1.190741 -0.659417 1.702600 3.777643 -0.350531
1.205088 -0.673860 1.673844 3.738950 -0.330178
1.219434 -0.690774 1.634138 3.666614 -0.284036
1.233780 -0.709199 1.592498 3.583961 -0.253168
1.248127 -0.727975 1.555439 3.508450 -0.239885
1.262473 -0.746686 1.523932 3.443083 -0.233270
1.276819 -0.765179 1.496924 3.385405 -0.229341
1.291165 -0.783487 1.473171 3.332349 -0.225397
1.305512 -0.801913 1.450747 3.278917 -0.217709
1.319858 -0.820620 1.428568 3.222336 -0.208603
1.334204 -0.839471 1.407501 3.165138 -0.202561
1.348550 -0.858211 1.388945 3.111304 -0.201312
1.362897 -0.876485 1.374104 3.064250 -0.206129
1.377243 -0.893896 1.363775 3.026238 -0.217243
1.391589 -0.910274 1.357589 2.996297 -0.231209
1.405936 -0.925731 1.354012 2.970320 -0.243909
1.420282 -0.940353 1.351970 2.945466 -0.255454
1.434628 -0.954150 1.351252 2.921223 -0.266710
1.448974 -0.967310 1.351378 2.896390 -0.275368
1.463321 -0.980120 1.351959 2.870037 -0.280413
1.477667 -0.992706 1.353409 2.843331 -0.284045
1.492013 -1.005077 1.356262 2.817699 -0.287606
1.506360 -1.017312 1.360376 2.792811 -0.289912
1.520706 -1.029631 1.364796 2.766335 -0.289104
1.535052 -1.042254 1.368686 2.736351 -0.285365
1.549398 -1.055292 1.371958 2.702855 -0.280399
1.563745 -1.068732 1.375081 2.667178 -0.275987
1.578091 -1.082468 1.378881 2.631416 -0.273487
1.592437 -1.096370 1.384151 2.597458 -0.273199
1.606784 -1.110366 1.391142 2.565845 -0.274296
1.621130 -1.124454 1.399530 2.535794 -0.275795
1.635476 -1.138657 1.408910 2.506392 -0.277507
1.649822 -1.152968 1.419192 2.477458 -0.279922
1.664169 -1.167350 1.430600 2.449469 -0.283567
1.678515 -1.181747 1.443482 2.423109 -0.288633
1.692861 -1.196111 1.458093 2.398813 -0.294945
1.707208 -1.210410 1.474413 2.376434 -0.302066
1.721554 -1.224632 1.492112 2.355229 -0.309484
1.735900 -1.238789 1.510694 2.334200 -0.316838
1.750246 -1.252896 1.529722 2.312538 -0.324041
1.764593 -1.266963 1.548951 2.289852 -0.331234
1.778939 -1.280990 1.568349 2.266150 -0.338668
1.793285 -1.294967 1.588040 2.241712 -0.346605
1.807632 -1.308874 1.608240 2.216946 -0.355244
1.821978 -1.322690 1.629173 2.192226 -0.364673
1.836324 -1.336392 1.650978 2.167761 -0.374860
1.850670 -1.349962 1.673653 2.143516 -0.385683
1.865017 -1.363391 1.697046 2.119229 -0.396997
1.879363 -1.376670 1.720916 2.094537 -0.408696
1.893709 -1.389799 1.745044 2.069139 -0.420765
1.908055 -1.402771 1.769315 2.042908 -0.433269
1.922402 -1.415577 1.793733 2.015891 -0.446312
1.936748 -1.428204 1.818368 1.988218 -0.459975
1.951094 -1.440630 1.843287 1.959997 -0.474287
1.965441 -1.452833 1.868504 1.931264 -0.489234
1.979787 -1.464787 1.893984 1.901988 -0.504807
1.994133 -1.476465 1.919683 1.872129 -0.521025
2.008479 -1.487838 1.945579 1.841679 -0.537943
2.022826 -1.498880 1.971677 1.810660 -0.555622
2.037172 -1.509565 1.997991 1.779094 -0.574105
2.051518 -1.519870 2.024509 1.746980 -0.593408
2.065865 -1.529774 2.051184 1.714275 -0.613526
2.080211 -1.539253 2.077941 1.680918 -0.634451
2.094557 -1.548278 2.104695 1.646842 -0.656185
2.108903 -1.556815 2.131370 1.612000 -0.678747
2.123250 -1.564821 2.157914 1.576367 -0.702176
2.137596 -1.572246 2.184290 1.539939 -0.726525
2.151942 -1.579026 2.210485 1.502731 -0.751865
2.166289 -1.585088 2.236513 1.464777 -0.778287
2.180635 -1.590347 2.262429 1.426140 -0.805904
2.194981 -1.594697 2.288322 1.386898 -0.834848
2.209327 -1.598011 2.314292 1.347127 -0.865264
2.223674 -1.600136 2.340410 1.306868 -0.897301
2.238020 -1.600882 2.366688 1.266117 -0.931114
2.252366 -1.600015 2.393082 1.224834 -0.966879
2.266713 -1.597243 2.419533 1.182969 -1.004814
2.281059 -1.592206 2.446008 1.140496 -1.045188
2.295405 -1.584467 2.472571 1.097441 -1.088329
2.309751 -1.573518 2.499374 1.053870 -1.134559
2.324098 -1.558816 2.526505 1.009802 -1.184014
2.338444 -1.539817 2.553687 0.965072 -1.236449
2.352790 -1.516013 2.580217 0.919347 -1.291310
2.367137 -1.487002 2.605052 0.872374 -1.348024
2.381483 -1.453019 2.626188 0.824781 -1.406037
2.395829 -1.413616 2.644585 0.776635 -1.462492
2.410175 -1.368341 2.660495 0.727905 -1.518657
2.424522 -1.316887 2.672625 0.678174 -1.574257
2.438868 -1.259248 2.682379 0.628040 -1.629116
2.453214 -1.195736 2.689015 0.577366 -1.681808
2.467560 -1.127251 2.685926 0.524504 -1.726897
2.481907 -1.055330 2.674400 0.470364 -1.762181
2.496253 -0.981769 2.650133 0.414458 -1.784215
2.510599 -0.908830 2.609627 0.356826 -1.788095
2.524946 -0.837816 2.546406 0.297247 -1.774591
2.539292 -0.769039 2.476993 0.239819 -1.755489
2.553638 -0.703423 2.395201 0.183951 -1.724517
2.567984 -0.643498 2.248785 0.123957 -1.650282
2.582331 -0.591050 2.022189 0.062357 -1.530762
2.596677 -0.542241 1.802438 0.011239 -1.433772
2.611023 -0.496696 1.590567 -0.029908 -1.342386
2.625370 -0.453956 1.393202 -0.061434 -1.261391
2.639716 -0.413085 1.229651 -0.083968 -1.206537
2.654062 -0.374418 1.046529 -0.099645 -1.148012
2.668408 -0.338904 0.797298 -0.106381 -1.042511
2.682755 -0.307317 0.554432 -0.103193 -0.929686
2.697101 -0.279992 0.291312 -0.088811 -0.810705
2.711447 -0.256433 0.023209 -0.063243 -0.701973
2.725794 -0.236161 -0.234232 -0.027915 -0.593962
2.740140 -0.218861 -0.473264 0.015463 -0.494553
2.754486 -0.205466 -0.877305 0.092628 -0.336792
2.768832 -0.195097 -0.935593 0.128389 -0.307469
2.783179 -0.190553 -1.346478 0.232308 -0.129833
2.797525 -0.192971 -1.712897 0.343723 0.038546
2.811871 -0.202431 -1.870733 0.421849 0.128253
2.826218 -0.217690 -2.247804 0.561083 0.291601
2.840564 -0.249545 -2.603602 0.709769 0.525550
2.854910 -0.289021 -2.921018 0.861495 0.690215
2.869256 -0.318004 -3.048704 0.965825 0.680049
2.883603 -0.342969 -3.112910 1.053112 0.679048
2.897949 -0.358784 -3.223126 1.158687 0.661176
2.912295 -0.374723 -3.404627 1.295295 0.727114
2.926641 -0.394101 -3.495523 1.402045 0.773595
2.940988 -0.417797 -3.702583 1.561426 0.867774
2.955334 -0.445081 -3.820165 1.688474 0.921938
2.969680 -0.477133 -3.921652 1.811953 0.978804
2.984027 -0.517802 -4.082358 1.968281 1.083518
2.998373 -0.569588 -4.250102 2.134344 1.206840
3.012719 -0.623843 -4.290850 2.237475 1.227547
3.027065 -0.668197 -4.186752 2.258546 1.114144
3.041412 -0.694661 -4.025676 2.239506 0.931697
3.055758 -0.714567 -4.005418 2.298909 0.878310
3.070104 -0.737162 -4.067105 2.408964 0.914319
3.084451 -0.761694 -4.118678 2.513860 0.941778
3.098797 -0.775022 -4.136424 2.625952 0.972880
3.113143 -0.783049 -4.125027 2.725351 0.963081
3.127489 -0.786880 -4.156354 2.858028 0.953006
3.141836 -0.792667 -4.220627 3.019918 0.996665
3.156182 -0.794976 -4.226743 3.139932 0.978551
3.170528 -0.783451 -4.190790 3.226741 0.880036
3.184875 -0.769214 -4.244536 3.391346 0.891101
3.199221 -0.759346 -4.318209 3.578968 0.951537
3.213567 -0.754368 -4.397575 3.778315 1.018055
3.227913 -0.749952 -4.374631 3.886363 1.002459
3.242260 -0.732955 -4.320655 3.964385 0.899502
3.256606 -0.713658 -4.292933 4.068056 0.875094
3.270952 -0.691024 -4.247770 4.153751 0.832326
3.285299 -0.667831 -4.181461 4.215716 0.794414
3.299645 -0.647222 -4.125256 4.286842 0.780771
3.313991 -0.621925 -3.985997 4.260405 0.678290
3.328337 -0.584599 -3.802129 4.173474 0.508841
3.342684 -0.543853 -3.678748 4.149914 0.432565
3.357030 -0.502499 -3.586753 4.159197 0.395261
3.371376 -0.464598 -3.532130 4.212298 0.404178
3.385723 -0.430511 -3.503641 4.298193 0.423801
3.400069 -0.400058 -3.458556 4.361076 0.454834
3.414415 -0.370411 -3.431851 4.448309 0.457790
3.428761 -0.339813 -3.344071 4.446771 0.427380
3.443108 -0.308361 -3.264629 4.452493 0.402033
3.457454 -0.276389 -3.190143 4.461104 0.385012
3.471800 -0.244085 -3.115973 4.465734 0.369479
3.486146 -0.210616 -3.036793 4.457662 0.344831
3.500493 -0.173102 -2.940000 4.415269 0.292283
3.514839 -0.135559 -2.871490 4.413817 0.288352
3.529185 -0.107246 -2.845653 4.481611 0.365939
3.543532 -0.076598 -2.742672 4.410979 0.318541
3.557878 -0.044993 -2.651290 4.353348 0.302320
3.572224 -0.013771 -2.578121 4.322308 0.302452
3.586570 0.022305 -2.472465 4.223387 0.248937
3.600917 0.066794 -2.353153 4.088876 0.175814
3.615263 0.106168 -2.361352 4.198007 0.230912
3.629609 0.121619 -2.430542 4.431717 0.471376
3.643956 0.139886 -2.366005 4.393055 0.415333
3.658302 0.159817 -2.288100 4.319864 0.382764
3.672648 0.177216 -2.224397 4.269908 0.399558
3.686994 0.195027 -2.166145 4.225540 0.375036
3.701341 0.213774 -2.090285 4.135528 0.344837
3.715687 0.227640 -2.023254 4.058039 0.397613
3.730033 0.236205 -1.985372 4.041296 0.455161
3.744380 0.254723 -1.936471 3.993676 0.306900
3.758726 0.279531 -1.871654 3.902078 0.203658
3.773072 0.305210 -1.807905 3.806104 0.177019
3.787418 0.328838 -1.752277 3.723317 0.193977
3.801765 0.346934 -1.719962 3.692593 0.257054
3.816111 0.360919 -1.700258 3.689035 0.296598
3.830457 0.376907 -1.662708 3.635676 0.255175
3.844804 0.392301 -1.621634 3.568068 0.252088
3.859150 0.405560 -1.596798 3.537638 0.268171
3.873496 0.422903 -1.567635 3.491382 0.198687
3.887842 0.443757 -1.530130 3.418402 0.137465
3.902189 0.464829 -1.496930 3.352138 0.121285
3.916535 0.485680 -1.468369 3.293844 0.111266
3.930881 0.507250 -1.438695 3.228333 0.089430
3.945228 0.529104 -1.409272 3.159425 0.074689
3.959574 0.550208 -1.387449 3.107246 0.074232
3.973920 0.571007 -1.371808 3.068231 0.066655
3.988266 0.592768 -1.353138 3.017539 0.041847
4.002613 0.615546 -1.330682 2.953288 0.017985
4.016959 0.638536 -1.309669 2.889875 0.006934
4.031305 0.661023 -1.294186 2.838519 0.006431
4.045651 0.682936 -1.284149 2.799043 0.006506
4.059998 0.704758 -1.275294 2.760020 -0.000657
4.074344 0.726740 -1.264779 2.714012 -0.011134
4.088690 0.748612 -1.254091 2.665208 -0.017155
4.103037 0.770015 -1.245814 2.620565 -0.017571
4.117383 0.790973 -1.240113 2.580532 -0.017840
4.131729 0.811831 -1.234912 2.539771 -0.022143
4.146075 0.832787 -1.229153 2.495735 -0.028147
4.160422 0.853718 -1.223990 2.451537 -0.031401
4.174768 0.874362 -1.221227 2.411754 -0.030269
4.189114 0.894618 -1.221345 2.377490 -0.027343
4.203461 0.914690 -1.222617 2.344448 -0.026963
4.217807 0.934840 -1.223143 2.308166 -0.029643
4.232153 0.955090 -1.223245 2.269618 -0.031952
4.246499 0.975262 -1.224364 2.232288 -0.031478
4.260846 0.995175 -1.227118 2.197586 -0.028431
4.275192 1.014728 -1.231301 2.164989 -0.023898
4.289538 1.033870 -1.236671 2.133922 -0.018451
4.303885 1.052567 -1.243105 2.104088 -0.012335
4.318231 1.070825 -1.250360 2.074964 -0.005953
4.332577 1.088686 -1.258298 2.046270 0.000416
4.346923 1.106210 -1.267028 2.018234 0.006665
4.361270 1.123450 -1.276666 1.991076 0.012870
4.375616 1.140427 -1.287275 1.964892 0.019199
4.389962 1.157169 -1.298683 1.939324 0.025318
4.404309 1.173737 -1.310363 1.913393 0.030555
4.418655 1.190208 -1.321723 1.886089 0.034574
4.433001 1.206651 -1.332333 1.856784 0.037441
4.447347 1.223120 -1.341904 1.825153 0.039444
4.461694 1.239641 -1.350356 1.791258 0.041058
4.476040 1.256218 -1.357886 1.755614 0.042749
4.490386 1.272846 -1.364766 1.718812 0.044771
4.504732 1.289520 -1.371182 1.681262 0.047298
4.519079 1.306227 -1.377350 1.643378 0.050532
4.533425 1.322943 -1.383533 1.605610 0.054585
4.547771 1.339642 -1.389863 1.568171 0.059371
4.562118 1.356300 -1.396220 1.530904 0.064675
4.576464 1.372900 -1.402301 1.493427 0.070287
4.590810 1.389430 -1.407772 1.455356 0.076091
4.605156 1.405880 -1.412389 1.416465 0.082092
4.619503 1.422239 -1.416064 1.376750 0.088402
4.633849 1.438487 -1.418880 1.336416 0.095197
4.648195 1.454600 -1.421039 1.295789 0.102664
4.662542 1.470544 -1.422797 1.255223 0.110977
4.676888 1.486289 -1.424442 1.215067 0.120300
4.691234 1.501798 -1.426274 1.175643 0.130767
4.705580 1.517042 -1.428544 1.137181 0.142442
4.719927 1.531991 -1.431345 1.099723 0.155277
4.734273 1.546621 -1.434547 1.063085 0.169133
4.748619 1.560908 -1.437854 1.026944 0.183844
4.762966 1.574826 -1.440940 0.990988 0.199306
4.777312 1.588348 -1.443606 0.955050 0.215534
4.791658 1.601439 -1.445852 0.919157 0.232663
4.806004 1.614060 -1.447880 0.883496 0.250909
4.820351 1.626163 -1.450000 0.848311 0.270488
4.834697 1.637698 -1.452494 0.813795 0.291561
4.849043 1.648605 -1.455545 0.780033 0.314227
4.863390 1.658814 -1.459276 0.747052 0.338580
4.877736 1.668650 -1.463115 0.715338 0.364878
4.892082 1.678384 -1.467680 0.685724 0.391921
4.906428 1.687948 -1.474275 0.658492 0.419206
4.920775 1.697266 -1.483501 0.633584 0.447944
4.935121 1.706256 -1.495886 0.610959 0.478922
4.949467 1.714834 -1.511805 0.590484 0.512434
4.963814 1.722914 -1.531290 0.571833 0.548469
4.978160 1.730402 -1.554014 0.554514 0.586847
4.992506 1.737167 -1.579638 0.538078 0.627540
5.006852 1.743018 -1.608402 0.522375 0.670978
5.021199 1.747709 -1.641116 0.507488 0.717814
5.035545 1.751012 -1.678076 0.493220 0.768083
5.049891 1.752756 -1.717925 0.478728 0.820742
5.064237 1.752822 -1.757232 0.462556 0.873777
5.078584 1.751087 -1.790721 0.442948 0.924532
5.092930 1.747493 -1.810421 0.417777 0.968742
5.107276 1.741861 -1.807881 0.385481 1.002650
5.121623 1.733462 -1.784024 0.347773 1.029109
5.135969 1.723981 -1.720828 0.301535 1.029348
5.150315 1.716600 -1.609075 0.247220 0.993318
5.164661 1.710702 -1.492606 0.197009 0.959467
5.179008 1.702883 -1.406366 0.157591 0.956577
5.193354 1.692064 -1.330268 0.123593 0.964207
5.207700 1.679909 -1.229404 0.089263 0.953529
5.222047 1.667566 -1.097038 0.055294 0.923831
5.236393 1.654349 -0.949453 0.025281 0.890810
5.250739 1.639400 -0.797502 0.000985 0.859921
5.265085 1.623250 -0.631354 -0.018011 0.819931
5.279432 1.606912 -0.443072 -0.031218 0.765096
5.293778 1.591524 -0.231968 -0.037337 0.695949
5.308124 1.578332 0.002634 -0.035012 0.612979
