# time bound_circ lift drag moment
0.028690 0.060534 -1.902932 -0.027195 0.263695
0.043036 0.053897 -1.601458 -0.036431 0.136403
0.057381 0.055212 -1.576085 -0.049265 0.064164
0.071726 0.052421 -1.677293 -0.066211 0.097804
0.086071 0.047822 -1.751707 -0.084306 0.110328
0.100416 0.041588 -1.822962 -0.104023 0.120927
0.114761 0.034002 -1.890092 -0.125267 0.128722
0.129107 0.025238 -1.954479 -0.148040 0.134758
0.143452 0.015425 -2.016739 -0.172326 0.139490
0.157797 0.004663 -2.077265 -0.198109 0.143212
0.172142 -0.006970 -2.136310 -0.225367 0.146116
0.186487 -0.019406 -2.194044 -0.254078 0.148334
0.200832 -0.032589 -2.250589 -0.284216 0.149963
0.215178 -0.046471 -2.306032 -0.315753 0.151074
0.229523 -0.061008 -2.360436 -0.348660 0.151720
0.243868 -0.076161 -2.413850 -0.382902 0.151944
0.258213 -0.091896 -2.466315 -0.418446 0.151782
0.272558 -0.108180 -2.517869 -0.455256 0.151263
0.286903 -0.124983 -2.568550 -0.493294 0.150414
0.301249 -0.135805 -2.603961 -0.519708 0.153615
0.315594 -0.137119 -2.613895 -0.534021 0.126643
0.329939 -0.130882 -2.626467 -0.548639 0.068702
0.344284 -0.118361 -2.648011 -0.564396 0.017170
0.358629 -0.100851 -2.678024 -0.581349 -0.028092
0.372974 -0.079332 -2.716592 -0.599622 -0.068311
0.387320 -0.054567 -2.762932 -0.619217 -0.104039
0.401665 -0.027193 -2.815844 -0.640056 -0.135606
0.416010 0.002245 -2.874086 -0.662027 -0.163359
0.430355 0.033291 -2.935977 -0.684929 -0.187672
0.444700 0.065567 -2.999164 -0.708418 -0.208923
0.459046 0.098844 -3.071738 -0.733820 -0.227995
0.473391 0.132858 -3.137037 -0.758433 -0.244174
0.487736 0.167467 -3.200135 -0.783017 -0.258856
0.502081 0.202514 -3.260838 -0.807491 -0.270497
0.516426 0.238019 -3.328710 -0.833536 -0.281981
0.530771 0.274047 -3.398739 -0.860291 -0.294648
0.545117 0.310537 -3.455857 -0.884908 -0.308012
0.559462 0.347285 -3.525224 -0.912072 -0.315277
0.573807 0.383869 -3.518629 -0.924521 -0.322117
0.588152 0.420758 -3.660095 -0.966360 -0.326666
0.602497 0.457670 -3.666571 -0.981336 -0.336531
0.616842 0.494741 -3.766881 -1.015565 -0.341758
0.631188 0.531654 -3.784362 -1.032644 -0.347639
0.645533 0.568613 -3.870668 -1.064298 -0.353255
0.659878 0.605450 -3.934895 -1.091353 -0.352862
0.674223 0.641955 -3.958959 -1.109557 -0.355428
0.688568 0.678072 -4.038002 -1.139885 -0.351520
0.702913 0.713743 -4.079769 -1.161814 -0.350958
0.717259 0.748937 -4.144399 -1.188857 -0.346933
0.731604 0.783507 -4.173875 -1.207643 -0.343560
0.745949 0.817477 -4.254540 -1.238254 -0.335543
0.760294 0.850643 -4.286124 -1.257125 -0.329220
0.774639 0.882869 -4.325607 -1.277609 -0.320417
0.788984 0.914228 -4.423534 -1.312070 -0.305967
0.803330 0.944408 -4.413821 -1.320015 -0.302108
0.817675 0.973434 -4.501924 -1.351717 -0.284840
0.832020 1.001473 -4.560045 -1.375782 -0.272794
0.846365 1.028330 -4.539375 -1.379679 -0.267780
0.860710 1.054346 -4.644717 -1.415016 -0.244826
0.875055 1.079915 -4.645329 -1.423382 -0.239068
0.889401 1.104823 -4.612710 -1.422645 -0.234631
0.903746 1.128782 -4.729163 -1.459893 -0.206458
0.918091 1.151946 -4.741790 -1.469865 -0.200616
0.932436 1.174418 -4.714569 -1.468869 -0.200649
0.946781 1.195982 -4.811281 -1.499831 -0.174078
0.961127 1.216552 -4.822969 -1.507973 -0.160472
0.975472 1.236651 -4.811101 -1.509308 -0.159930
0.989817 1.256725 -4.816541 -1.514632 -0.151848
1.004162 1.276672 -4.820866 -1.519074 -0.135506
1.018507 1.296215 -4.851416 -1.529927 -0.118263
1.032852 1.315000 -4.810228 -1.521026 -0.111679
1.047198 1.332845 -4.836190 -1.529473 -0.092829
1.061543 1.349842 -4.852719 -1.534804 -0.074933
1.075888 1.366216 -4.857975 -1.536515 -0.061284
1.090233 1.382110 -4.873265 -1.540308 -0.046270
1.104578 1.397311 -4.837417 -1.529801 -0.036029
1.118923 1.411558 -4.864325 -1.535491 -0.014806
1.133269 1.425161 -4.826251 -1.523209 -0.007431
1.147614 1.438619 -4.833578 -1.522461 0.007719
1.161959 1.451985 -4.777824 -1.504344 0.013782
1.176304 1.464936 -4.783417 -1.501973 0.033461
1.190649 1.476944 -4.735879 -1.484979 0.046454
1.204994 1.486499 -4.761133 -1.486643 0.084040
1.219340 1.494606 -4.709744 -1.467606 0.098672
1.233685 1.504208 -4.680764 -1.453965 0.099628
1.248030 1.512546 -4.632930 -1.434953 0.118283
1.262375 1.515147 -4.684098 -1.441037 0.188045
1.276720 1.518341 -4.614623 -1.415521 0.184631
1.291065 1.527729 -4.499369 -1.378059 0.135441
1.305411 1.537047 -4.460395 -1.359745 0.148691
1.319756 1.545755 -4.386158 -1.332237 0.156301
1.334101 1.553695 -4.356693 -1.315650 0.176740
1.348446 1.560756 -4.291770 -1.289973 0.189329
1.362791 1.566896 -4.236785 -1.266535 0.205370
1.377137 1.572181 -4.200991 -1.247524 0.227175
1.391482 1.576825 -4.133109 -1.220571 0.238498
1.405827 1.580909 -4.073132 -1.195394 0.250630
1.420172 1.584431 -4.024227 -1.172695 0.265646
1.434517 1.587395 -3.956146 -1.145429 0.274876
1.448862 1.589767 -3.879293 -1.116154 0.282090
1.463208 1.591497 -3.806713 -1.087910 0.292378
1.477553 1.592577 -3.732334 -1.059341 0.303999
1.491898 1.593014 -3.653104 -1.029824 0.315161
1.506243 1.592778 -3.572681 -1.000224 0.326155
1.520588 1.591808 -3.492713 -0.970929 0.337391
1.534933 1.590073 -3.413364 -0.941999 0.348920
1.549279 1.587595 -3.333714 -0.913266 0.360468
1.563624 1.584395 -3.250128 -0.884032 0.371697
1.577969 1.580434 -3.165347 -0.854908 0.383185
1.592314 1.575536 -3.082497 -0.826539 0.396008
1.606659 1.569229 -3.004724 -0.799526 0.412505
1.621004 1.560166 -2.942215 -0.775721 0.440627
1.635350 1.545791 -2.905713 -0.756907 0.490586
1.649695 1.530393 -2.813284 -0.728278 0.496895
1.664040 1.520222 -2.662506 -0.690140 0.449632
1.678385 1.511158 -2.573432 -0.662576 0.449218
1.692730 1.502495 -2.499028 -0.635295 0.462298
1.707075 1.494471 -2.421021 -0.606329 0.466430
1.721421 1.486991 -2.345008 -0.577204 0.468138
1.735766 1.480000 -2.270955 -0.548172 0.468918
1.750111 1.473470 -2.198769 -0.519363 0.469077
1.764456 1.467381 -2.128533 -0.490892 0.468816
1.778801 1.461716 -2.060189 -0.462845 0.468198
1.793146 1.456466 -1.993382 -0.435265 0.467217
1.807492 1.451619 -1.927628 -0.408176 0.465891
1.821837 1.447165 -1.862671 -0.381625 0.464362
1.836182 1.443094 -1.798629 -0.355685 0.462836
1.850527 1.439400 -1.735746 -0.330433 0.461481
1.864872 1.436082 -1.674194 -0.305925 0.460403
1.879218 1.433137 -1.614040 -0.282198 0.459677
1.893563 1.430563 -1.555327 -0.259287 0.459345
1.907908 1.428349 -1.498240 -0.237233 0.459438
1.922253 1.426484 -1.443226 -0.216097 0.459990
1.936598 1.424950 -1.390795 -0.195931 0.460970
1.950943 1.423732 -1.341171 -0.176755 0.462278
1.965289 1.422805 -1.294240 -0.158553 0.463853
1.979634 1.422143 -1.249816 -0.141303 0.465742
1.993979 1.421706 -1.207813 -0.124990 0.468039
2.008324 1.421458 -1.168157 -0.109604 0.470798
2.022669 1.421363 -1.130641 -0.095129 0.474037
2.037014 1.421393 -1.094976 -0.081549 0.477813
2.051360 1.421529 -1.061006 -0.068854 0.482240
2.065705 1.421758 -1.028825 -0.057039 0.487399
2.080050 1.422070 -0.998712 -0.046091 0.493243
2.094395 1.422448 -0.970909 -0.035991 0.499617
2.108740 1.422864 -0.945502 -0.026708 0.506409
2.123085 1.423266 -0.922544 -0.018211 0.513711
2.137431 1.423590 -0.902256 -0.010467 0.521809
2.151776 1.423774 -0.884870 -0.003438 0.530895
2.166121 1.423785 -0.870131 0.002921 0.540775
2.180466 1.423610 -0.857155 0.008644 0.551026
2.194811 1.423210 -0.845017 0.013749 0.561493
2.209156 1.422500 -0.833286 0.018246 0.572398
2.223502 1.421388 -0.821797 0.022145 0.583905
2.237847 1.419803 -0.810292 0.025450 0.595890
2.252192 1.417672 -0.798480 0.028159 0.608181
2.266537 1.414908 -0.785725 0.030249 0.620437
2.280882 1.411457 -0.770466 0.031636 0.631798
2.295228 1.407260 -0.751301 0.032211 0.641762
2.309573 1.402064 -0.729373 0.031986 0.651737
2.323918 1.395405 -0.707412 0.031106 0.663855
2.338263 1.386872 -0.685990 0.029620 0.678228
2.352608 1.376164 -0.664565 0.027506 0.694188
2.366953 1.362849 -0.644723 0.024901 0.712842
2.381299 1.346330 -0.629038 0.022067 0.735785
2.395644 1.326143 -0.617926 0.019118 0.762404
2.409989 1.302296 -0.608980 0.015907 0.789605
2.424334 1.275719 -0.595237 0.011760 0.810656
2.438679 1.249121 -0.557540 0.004533 0.810322
2.453024 1.226617 -0.470066 -0.009097 0.772367
2.467370 1.209091 -0.349996 -0.027921 0.717897
2.481715 1.192452 -0.252149 -0.045711 0.690936
2.496060 1.174656 -0.177117 -0.062025 0.683216
2.510405 1.156118 -0.110318 -0.078430 0.678403
2.524750 1.137293 -0.055082 -0.094329 0.676780
2.539095 1.118754 0.004547 -0.111814 0.671470
2.553441 1.101216 0.066310 -0.130614 0.661789
2.567786 1.085530 0.142530 -0.152637 0.642657
2.582131 1.072237 0.237867 -0.178842 0.614080
2.596476 1.061043 0.319575 -0.204213 0.590783
2.610821 1.051591 0.416852 -0.233389 0.565141
2.625166 1.043946 0.522199 -0.265319 0.536526
2.639512 1.038020 0.597016 -0.293334 0.518271
2.653857 1.033891 0.709220 -0.329169 0.489259
2.668202 1.031232 0.790829 -0.360860 0.470829
2.682547 1.029245 0.873743 -0.392541 0.450202
2.696892 1.020145 0.982790 -0.416853 0.416300
2.711237 1.005363 1.029149 -0.429843 0.446106
2.725583 0.985579 1.132570 -0.454354 0.457885
2.739928 0.961120 1.208857 -0.474110 0.478248
2.754273 0.931961 1.289153 -0.495151 0.498964
2.768618 0.899333 1.397592 -0.522519 0.504813
2.782963 0.864635 1.478802 -0.544771 0.511263
2.797309 0.829519 1.624924 -0.581407 0.491308
2.811654 0.795653 1.775674 -0.619886 0.461909
2.825999 0.763972 1.897317 -0.652735 0.437479
2.840344 0.734719 2.043034 -0.691583 0.405984
2.854689 0.706505 2.173564 -0.727669 0.388343
2.869034 0.677055 2.256446 -0.753323 0.400143
2.883380 0.643568 2.305337 -0.771287 0.438974
2.897725 0.605542 2.314896 -0.779989 0.482601
2.912070 0.563354 2.398932 -0.806290 0.516994
2.926415 0.518424 2.414502 -0.816238 0.538658
2.940760 0.474344 2.529710 -0.850294 0.524464
2.955105 0.432320 2.654047 -0.886862 0.501108
2.969451 0.391437 2.679514 -0.899141 0.495521
2.983796 0.349502 2.778974 -0.929755 0.508903
2.998141 0.305179 2.732970 -0.923741 0.540515
3.012486 0.256960 2.819185 -0.950852 0.577901
3.026831 0.205528 2.759764 -0.940661 0.611611
3.041176 0.152413 2.787110 -0.952299 0.622167
3.055522 0.098328 2.963292 -1.002262 0.620027
3.069867 0.043853 2.882521 -0.985434 0.633837
3.084212 -0.012280 2.933970 -1.002661 0.652016
3.098557 -0.070443 3.012843 -1.026869 0.663518
3.112902 -0.128867 2.983573 -1.022329 0.655773
3.127247 -0.186918 3.135403 -1.065346 0.643522
3.141593 -0.243733 3.079112 -1.052932 0.644376
3.155938 -0.299247 3.144004 -1.072337 0.615197
3.170283 -0.354972 3.254543 -1.103617 0.611501
3.184628 -0.410715 3.177157 -1.084350 0.618379
3.198973 -0.466212 3.247352 -1.104136 0.603589
3.213319 -0.521560 3.290260 -1.116241 0.599458
3.227664 -0.576398 3.302842 -1.119818 0.582747
3.242009 -0.632039 3.280034 -1.113502 0.600612
3.256354 -0.688641 3.340136 -1.128975 0.593607
3.270699 -0.743400 3.339597 -1.127785 0.568060
3.285044 -0.792650 3.389769 -1.139718 0.514110
3.299390 -0.837818 3.479864 -1.161814 0.468916
3.313735 -0.882551 3.478137 -1.158968 0.461458
3.328080 -0.929704 3.421511 -1.141148 0.481301
3.342425 -0.983724 3.372662 -1.125058 0.542027
3.356770 -1.037462 3.363452 -1.119074 0.535054
3.371115 -1.082252 3.428206 -1.132065 0.444372
3.385461 -1.118388 3.541882 -1.157230 0.358280
3.399806 -1.153868 3.538889 -1.151429 0.346563
3.414151 -1.193265 3.461902 -1.126151 0.377338
3.428496 -1.238300 3.379748 -1.099382 0.419796
3.442841 -1.268749 3.523944 -1.130046 0.272063
3.457186 -1.282829 3.669955 -1.160237 0.117710
3.471532 -1.295572 3.656327 -1.149468 0.102852
3.485877 -1.306379 3.649779 -1.140096 0.079293
3.500222 -1.316040 3.626492 -1.126221 0.062256
3.514567 -1.324737 3.593074 -1.109577 0.045663
3.528912 -1.331125 3.572346 -1.095760 0.016407
3.543257 -1.333053 3.583375 -1.089244 -0.030402
3.557603 -1.334770 3.548306 -1.071398 -0.033939
3.571948 -1.337893 3.499582 -1.050176 -0.025554
3.586293 -1.335401 3.520217 -1.044864 -0.083773
3.600638 -1.331207 3.472144 -1.023425 -0.097833
3.614983 -1.329777 3.380939 -0.992232 -0.073830
3.629328 -1.322120 3.387670 -0.982970 -0.134761
3.643674 -1.319771 3.248304 -0.941436 -0.082341
3.658019 -1.323459 3.114414 -0.901685 -0.032467
3.672364 -1.326226 3.047116 -0.876638 -0.046627
3.686709 -1.328349 2.977731 -0.851344 -0.057638
3.701054 -1.329621 2.916107 -0.827865 -0.069217
3.715400 -1.330056 2.855969 -0.804878 -0.079294
3.729745 -1.329722 2.791234 -0.781190 -0.088257
3.744090 -1.328732 2.717202 -0.755966 -0.096261
3.758435 -1.327148 2.637648 -0.730053 -0.103884
3.772780 -1.324967 2.561439 -0.705183 -0.111030
3.787125 -1.322132 2.488522 -0.681330 -0.117806
3.801471 -1.318533 2.412243 -0.657297 -0.124430
3.815816 -1.314087 2.332139 -0.633068 -0.131141
3.830161 -1.308778 2.249427 -0.608920 -0.138518
3.844506 -1.303147 2.165259 -0.584148 -0.146931
3.858851 -1.298168 2.080210 -0.557577 -0.153748
3.873196 -1.293835 1.996273 -0.530479 -0.155130
3.887542 -1.290135 1.914696 -0.503410 -0.154077
3.901887 -1.287053 1.834282 -0.476390 -0.151967
3.916232 -1.284579 1.753326 -0.449324 -0.150028
3.930577 -1.282707 1.675097 -0.422661 -0.149201
3.944922 -1.281428 1.602273 -0.396720 -0.148622
3.959267 -1.280730 1.533307 -0.371368 -0.147254
3.973613 -1.280607 1.462438 -0.346025 -0.144071
3.987958 -1.281038 1.390122 -0.320936 -0.140084
4.002303 -1.282004 1.317874 -0.296423 -0.136263
4.016648 -1.283488 1.246330 -0.272644 -0.132731
4.030993 -1.285479 1.174658 -0.249566 -0.129229
4.045338 -1.287967 1.102023 -0.227156 -0.125940
4.059684 -1.290938 1.029147 -0.205541 -0.123439
4.074029 -1.294375 0.958235 -0.184968 -0.122244
4.088374 -1.298264 0.890429 -0.165547 -0.122292
4.102719 -1.302595 0.825298 -0.147228 -0.122835
4.117064 -1.307360 0.762160 -0.129949 -0.123367
4.131410 -1.312551 0.700132 -0.113662 -0.123555
4.145755 -1.318156 0.638921 -0.098388 -0.123337
4.160100 -1.324153 0.580708 -0.084286 -0.123581
4.174445 -1.330518 0.524586 -0.071300 -0.124467
4.188790 -1.337230 0.468424 -0.059324 -0.125796
4.203135 -1.344272 0.412515 -0.048393 -0.127334
4.217481 -1.351618 0.357755 -0.038565 -0.129478
4.231826 -1.359236 0.307559 -0.029950 -0.133359
4.246171 -1.367079 0.267422 -0.022634 -0.139727
4.260516 -1.375118 0.229787 -0.016357 -0.145898
4.274861 -1.383369 0.169462 -0.010798 -0.148337
4.289206 -1.391763 0.109940 -0.006481 -0.153101
4.303552 -1.400120 0.110033 -0.003463 -0.167708
