# time bound_circ lift drag moment
0.028602 0.088516 0.832156 0.009138 -0.125959
0.042903 0.094689 1.321089 0.021979 -0.330742
0.057204 0.112581 1.471793 0.032574 -0.445408
0.071506 0.127408 1.470526 0.040457 -0.418972
0.085807 0.141564 1.488929 0.048809 -0.413309
0.100108 0.154820 1.500952 0.056948 -0.403753
0.114409 0.167446 1.514994 0.065140 -0.396499
0.128710 0.179610 1.530992 0.073415 -0.390979
0.143011 0.191436 1.548747 0.081795 -0.386880
0.157312 0.203010 1.567850 0.090282 -0.383824
0.171613 0.214395 1.587995 0.098879 -0.381550
0.185914 0.225636 1.608905 0.107582 -0.379848
0.200216 0.236766 1.630310 0.116381 -0.378542
0.214517 0.247810 1.652014 0.125267 -0.377508
0.228818 0.258787 1.673903 0.134235 -0.376669
0.243119 0.269711 1.695918 0.143281 -0.375980
0.257420 0.280595 1.718018 0.152402 -0.375408
0.271721 0.291448 1.740180 0.161597 -0.374932
0.286022 0.302278 1.762395 0.170865 -0.374540
0.300323 0.313093 1.784657 0.180205 -0.374223
0.314624 0.323897 1.806961 0.189616 -0.373974
0.328926 0.334697 1.829294 0.199097 -0.373782
0.343227 0.345496 1.851638 0.208645 -0.373637
0.357528 0.356298 1.873975 0.218258 -0.373529
0.371829 0.367105 1.896290 0.227931 -0.373447
0.386130 0.377921 1.918573 0.237663 -0.373387
0.400431 0.388747 1.940818 0.247451 -0.373344
0.414732 0.399584 1.963024 0.257295 -0.373316
0.429033 0.410435 1.985192 0.267192 -0.373303
0.443334 0.421299 2.007323 0.277142 -0.373304
0.457635 0.432179 2.029414 0.287143 -0.373318
0.471937 0.443076 2.051459 0.297193 -0.373343
0.486238 0.453989 2.073450 0.307289 -0.373375
0.500539 0.464920 2.095378 0.317427 -0.373410
0.514840 0.475869 2.117235 0.327605 -0.373445
0.529141 0.486836 2.139014 0.337819 -0.373477
0.543442 0.497821 2.160712 0.348067 -0.373505
0.557743 0.508824 2.182325 0.358347 -0.373527
0.572044 0.519846 2.203852 0.368656 -0.373544
0.586345 0.530885 2.225292 0.378992 -0.373554
0.600647 0.541941 2.246643 0.389353 -0.373557
0.614948 0.553015 2.267902 0.399737 -0.373552
0.629249 0.564106 2.289067 0.410141 -0.373539
0.643550 0.575213 2.310136 0.420563 -0.373517
0.657851 0.586336 2.331108 0.431000 -0.373486
0.672152 0.597476 2.351980 0.441450 -0.373446
0.686453 0.608630 2.372752 0.451912 -0.373395
0.700754 0.619799 2.393421 0.462382 -0.373335
0.715055 0.630982 2.413985 0.472858 -0.373263
0.729357 0.642179 2.434444 0.483337 -0.373181
0.743658 0.653388 2.454795 0.493819 -0.373087
0.757959 0.664416 2.474563 0.504511 -0.373057
0.772260 0.670139 2.478955 0.520002 -0.374541
0.786561 0.672348 2.475788 0.533216 -0.347625
0.800862 0.671096 2.475317 0.547271 -0.321118
0.815163 0.666873 2.475815 0.561659 -0.297508
0.829464 0.660050 2.477759 0.576553 -0.275856
0.843765 0.650896 2.481251 0.592016 -0.255766
0.858067 0.639615 2.486262 0.608063 -0.237060
0.872368 0.626389 2.492684 0.624688 -0.219673
0.886669 0.611390 2.500458 0.641894 -0.203569
0.900970 0.594782 2.509522 0.659685 -0.188711
0.915271 0.576722 2.519809 0.678061 -0.175058
0.929572 0.557359 2.531271 0.697026 -0.162565
0.943873 0.536829 2.543927 0.716611 -0.151192
0.958174 0.515261 2.557718 0.736815 -0.140892
0.972475 0.492777 2.571708 0.757296 -0.131538
0.986777 0.469496 2.584596 0.777545 -0.122945
1.001078 0.445509 2.601124 0.799447 -0.115569
1.015379 0.420875 2.625163 0.824646 -0.109853
1.029680 0.395732 2.631401 0.842814 -0.102651
1.043981 0.370154 2.643299 0.863472 -0.096691
1.058282 0.344092 2.690515 0.899355 -0.096672
1.072583 0.317807 2.660186 0.902356 -0.085982
1.086884 0.291103 2.729547 0.948714 -0.089836
1.101185 0.264298 2.692393 0.948627 -0.080711
1.115486 0.237165 2.759991 0.995338 -0.085317
1.129788 0.209859 2.751911 1.008349 -0.080048
1.144089 0.182558 2.739375 1.019239 -0.077705
1.158390 0.155106 2.764022 1.047477 -0.077062
1.172691 0.127392 2.818859 1.090441 -0.083068
1.186992 0.099491 2.796125 1.096734 -0.071794
1.201293 0.071471 2.826093 1.128540 -0.075939
1.215594 0.043280 2.853268 1.159394 -0.078199
1.229895 0.015242 2.770978 1.135754 -0.062148
1.244196 -0.012919 2.896158 1.216477 -0.087107
1.258498 -0.041308 2.845410 1.208380 -0.064102
1.272799 -0.069560 2.898804 1.253915 -0.083750
1.287100 -0.097824 2.837524 1.239732 -0.062944
1.301401 -0.126272 2.956373 1.320955 -0.083826
1.315702 -0.154565 2.885324 1.301181 -0.071036
1.330003 -0.182961 2.948694 1.354043 -0.078439
1.344304 -0.211174 2.904460 1.348242 -0.073534
1.358605 -0.239447 2.996076 1.417999 -0.093666
1.372906 -0.267510 2.878543 1.370509 -0.066669
1.387208 -0.295426 3.027435 1.474266 -0.107905
1.401509 -0.323442 2.936502 1.440971 -0.072167
1.415810 -0.350951 3.001717 1.498134 -0.108144
1.430111 -0.378552 2.983998 1.507022 -0.089579
1.444412 -0.405922 3.035952 1.557551 -0.108851
1.458713 -0.432821 2.971765 1.538358 -0.104223
1.473014 -0.459752 3.054210 1.608354 -0.112355
1.487315 -0.486310 3.037485 1.618001 -0.120253
1.501616 -0.512473 3.010499 1.621050 -0.118392
1.515918 -0.538340 3.051057 1.666640 -0.132706
1.530219 -0.563962 3.062133 1.693957 -0.137721
1.544520 -0.588972 3.039346 1.699551 -0.146564
1.558821 -0.613794 3.073578 1.742254 -0.146803
1.573122 -0.637916 3.107772 1.785483 -0.174141
1.587423 -0.661774 3.034479 1.757350 -0.144875
1.601724 -0.684782 3.149390 1.855507 -0.200408
1.616025 -0.707596 3.066551 1.820269 -0.163533
1.630326 -0.729325 3.146032 1.895976 -0.219069
1.644628 -0.750654 3.065981 1.861640 -0.187946
1.658929 -0.771029 3.199818 1.976931 -0.246281
1.673230 -0.790986 3.139079 1.955742 -0.224285
1.687531 -0.809857 3.161240 1.993360 -0.251697
1.701832 -0.827670 3.173219 2.023989 -0.267617
1.716133 -0.844390 3.166024 2.040814 -0.274323
1.730434 -0.859827 3.208143 2.094149 -0.306138
1.744735 -0.874036 3.168790 2.087242 -0.305373
1.759036 -0.885807 3.241691 2.164645 -0.360535
1.773337 -0.894911 3.217805 2.169383 -0.372510
1.787639 -0.902464 3.289213 2.247259 -0.418963
1.801940 -0.910421 3.227291 2.222599 -0.396559
1.816241 -0.917882 3.260744 2.271995 -0.428943
1.830542 -0.924815 3.223765 2.266155 -0.425527
1.844843 -0.930934 3.264080 2.321710 -0.454278
1.859144 -0.935613 3.255880 2.338778 -0.460653
1.873445 -0.938997 3.298610 2.397352 -0.491569
1.887746 -0.943002 3.265657 2.394379 -0.475990
1.902047 -0.948700 3.268456 2.420705 -0.470695
1.916349 -0.956003 3.232801 2.414928 -0.451042
1.930650 -0.962034 3.228458 2.435198 -0.468214
1.944951 -0.966000 3.245432 2.473710 -0.500138
1.959252 -0.969902 3.222504 2.478195 -0.501014
1.973553 -0.974723 3.211379 2.492689 -0.502792
1.987854 -0.980871 3.186719 2.495230 -0.495363
2.002155 -0.985716 3.185910 2.518607 -0.513726
2.016456 -0.987707 3.220963 2.574120 -0.554684
2.030757 -0.987470 3.227480 2.604571 -0.576654
2.045059 -0.987811 3.231093 2.632590 -0.581571
2.059360 -0.990359 3.192551 2.622087 -0.559360
2.073661 -0.996148 3.157192 2.614013 -0.533789
2.087962 -1.002597 3.134574 2.617370 -0.530634
2.102263 -1.008274 3.130623 2.638051 -0.545181
2.116564 -1.013054 3.129332 2.661302 -0.560241
2.130865 -1.016415 3.131892 2.688331 -0.580208
2.145166 -1.016803 3.147756 2.728375 -0.617149
2.159467 -1.014869 3.155026 2.760410 -0.646905
2.173769 -1.014574 3.125833 2.756806 -0.634117
2.188070 -1.018553 3.081348 2.737650 -0.598604
2.202371 -1.024265 3.051455 2.732452 -0.586142
2.216672 -1.029217 3.052392 2.757965 -0.604905
2.230973 -1.033848 3.037166 2.767155 -0.611440
2.245274 -1.038025 3.032047 2.786565 -0.623983
2.259575 -1.041848 3.023634 2.802587 -0.633358
2.273876 -1.045421 3.012029 2.815243 -0.640009
2.288177 -1.048608 3.003570 2.831115 -0.649651
2.302479 -1.051330 2.993876 2.845640 -0.658704
2.316780 -1.053707 2.983322 2.859183 -0.665649
2.331081 -1.055999 2.971542 2.871330 -0.669728
2.345382 -1.058425 2.957845 2.881292 -0.671434
2.359683 -1.061043 2.942937 2.889792 -0.672772
2.373984 -1.063706 2.927704 2.897777 -0.675967
2.388285 -1.065912 2.914615 2.907986 -0.684766
2.402586 -1.066238 2.911063 2.928782 -0.708533
2.416887 -1.063033 2.917484 2.960914 -0.747989
2.431188 -1.060070 2.891920 2.956765 -0.746792
2.445490 -1.061869 2.835265 2.916484 -0.701848
2.459791 -1.066088 2.802910 2.903453 -0.685736
2.474092 -1.069670 2.789204 2.911732 -0.697675
2.488393 -1.073098 2.770663 2.914167 -0.703547
2.502694 -1.076273 2.754110 2.918721 -0.710819
2.516995 -1.079114 2.739061 2.924872 -0.719104
2.531296 -1.081628 2.724484 2.931414 -0.727389
2.545597 -1.083790 2.710414 2.938400 -0.735941
2.559898 -1.085566 2.696826 2.945814 -0.744702
2.574200 -1.086973 2.683203 2.953029 -0.753001
2.588501 -1.088095 2.668744 2.959044 -0.760103
2.602802 -1.089041 2.652882 2.963125 -0.765898
2.617103 -1.089878 2.635550 2.965141 -0.770973
2.631404 -1.090604 2.617331 2.965794 -0.776278
2.645705 -1.091165 2.599151 2.966239 -0.782503
2.660006 -1.091486 2.581792 2.967491 -0.789778
2.674307 -1.091505 2.565576 2.969988 -0.797795
2.688608 -1.091186 2.550223 2.973395 -0.806007
2.702910 -1.090525 2.535076 2.976867 -0.813840
2.717211 -1.089538 2.519639 2.979746 -0.820969
2.731512 -1.088249 2.503976 2.982107 -0.827496
2.745813 -1.086684 2.488364 2.984317 -0.833643
2.760114 -1.084882 2.472561 2.986044 -0.839191
2.774415 -1.082906 2.456054 2.986577 -0.843773
2.788716 -1.080816 2.438487 2.985397 -0.847277
2.803017 -1.078660 2.419760 2.982334 -0.849896
2.817318 -1.076457 2.400037 2.977577 -0.852025
2.831620 -1.074199 2.379683 2.971609 -0.854105
2.845921 -1.071856 2.359209 2.965136 -0.856507
2.860222 -1.069392 2.339015 2.958723 -0.859340
2.874523 -1.066782 2.319276 2.952631 -0.862458
2.888824 -1.064019 2.299948 2.946807 -0.865584
2.903125 -1.061110 2.280870 2.941023 -0.868482
2.917426 -1.058069 2.261916 2.935099 -0.871081
2.931727 -1.054907 2.243032 2.928957 -0.873428
2.946028 -1.051631 2.224150 2.922492 -0.875531
2.960330 -1.048251 2.205162 2.915539 -0.877311
2.974631 -1.044784 2.186013 2.908010 -0.878729
2.988932 -1.041243 2.166700 2.899889 -0.879813
3.003233 -1.037641 2.147229 2.891179 -0.880604
3.017534 -1.033982 2.127691 2.882013 -0.881183
3.031835 -1.030265 2.108233 2.872615 -0.881650
3.046136 -1.026486 2.088926 2.863096 -0.882050
3.060437 -1.022640 2.069724 2.853386 -0.882355
3.074738 -1.018726 2.050544 2.843350 -0.882523
3.089039 -1.014743 2.031345 2.832924 -0.882544
3.103341 -1.010692 2.012173 2.822175 -0.882447
3.117642 -1.006568 1.993126 2.811262 -0.882273
3.131943 -1.002373 1.974267 2.800291 -0.882030
3.146244 -0.998106 1.955603 2.789274 -0.881686
3.160545 -0.993769 1.937106 2.778170 -0.881195
3.174846 -0.989366 1.918722 2.766890 -0.880503
3.189147 -0.984900 1.900409 2.755363 -0.879569
3.203448 -0.980375 1.882185 2.743621 -0.878398
3.217749 -0.975795 1.864095 2.731740 -0.877023
3.232051 -0.971167 1.846127 2.719701 -0.875440
3.246352 -0.966495 1.828215 2.707393 -0.873615
3.260653 -0.961788 1.810266 2.694650 -0.871506
3.274954 -0.957049 1.792206 2.681340 -0.869098
3.289255 -0.952282 1.774047 2.667478 -0.866439
3.303556 -0.947485 1.755806 2.653088 -0.863574
3.317857 -0.942655 1.737464 2.638129 -0.860499
3.332158 -0.937790 1.719068 2.622678 -0.857244
3.346459 -0.932884 1.700762 2.606996 -0.853911
3.360761 -0.927934 1.682642 2.591253 -0.850549
3.375062 -0.922940 1.664797 2.575619 -0.847187
3.389363 -0.917897 1.647420 2.560454 -0.843972
3.403664 -0.912806 1.630508 2.545768 -0.840898
3.417965 -0.907667 1.613872 2.531220 -0.837803
3.432266 -0.902486 1.597314 2.516448 -0.834524
3.446567 -0.897267 1.580695 2.501186 -0.830963
3.460868 -0.892017 1.563904 2.485221 -0.827047
3.475169 -0.886738 1.546893 2.468453 -0.822751
3.489471 -0.881436 1.529726 2.450995 -0.818142
3.503772 -0.876110 1.512576 2.433175 -0.813382
3.518073 -0.870762 1.495593 2.415281 -0.808606
3.532374 -0.865386 1.478969 2.397695 -0.803995
3.546675 -0.859978 1.462783 2.380582 -0.799637
3.560976 -0.854534 1.446879 2.363645 -0.795387
3.575277 -0.849053 1.431098 2.346579 -0.791087
3.589578 -0.843532 1.415391 2.329282 -0.786682
3.603879 -0.837968 1.399728 2.311699 -0.782139
3.618181 -0.832357 1.384080 2.293771 -0.777417
3.632482 -0.826696 1.368456 2.275512 -0.772509
3.646783 -0.820981 1.352881 2.256974 -0.767432
3.661084 -0.815212 1.337376 2.238203 -0.762209
3.675385 -0.809387 1.321970 2.219256 -0.756876
3.689686 -0.803505 1.306697 2.200208 -0.751485
3.703987 -0.797565 1.291572 2.181095 -0.746064
3.718288 -0.791567 1.276563 2.161851 -0.740596
3.732589 -0.785511 1.261640 2.142417 -0.735057
3.746890 -0.779397 1.246824 2.122837 -0.729474
3.761192 -0.773221 1.232131 2.103151 -0.723875
3.775493 -0.766981 1.217496 2.083222 -0.718221
3.789794 -0.760675 1.202816 2.062828 -0.712427
3.804095 -0.754301 1.188054 2.041884 -0.706466
3.818396 -0.747854 1.173300 2.020585 -0.700429
3.832697 -0.741328 1.158718 1.999292 -0.694481
3.846998 -0.734716 1.144338 1.978079 -0.688652
3.861299 -0.728014 1.130045 1.956690 -0.682816
3.875600 -0.721219 1.115761 1.934962 -0.676894
3.889902 -0.714330 1.101442 1.912789 -0.670845
3.904203 -0.707342 1.087038 1.890062 -0.664625
3.918504 -0.700253 1.072522 1.866719 -0.658207
3.932805 -0.693059 1.057920 1.842810 -0.651609
3.947106 -0.685756 1.043323 1.818545 -0.644913
3.961407 -0.678338 1.028885 1.794275 -0.638265
3.975708 -0.670799 1.014725 1.770284 -0.631789
3.990009 -0.663134 1.000829 1.746547 -0.625478
4.004310 -0.655338 0.987111 1.722875 -0.619258
4.018612 -0.647408 0.973537 1.699190 -0.613111
4.032913 -0.639338 0.960116 1.675527 -0.607062
4.047214 -0.631121 0.946878 1.651955 -0.601151
4.061515 -0.622749 0.933855 1.628560 -0.595416
4.075816 -0.614214 0.921082 1.605431 -0.589894
4.090117 -0.605508 0.908586 1.582645 -0.584618
4.104418 -0.596623 0.896387 1.560257 -0.579613
4.118719 -0.587552 0.884490 1.538292 -0.574887
4.133020 -0.578293 0.872893 1.516752 -0.570440
4.147322 -0.568844 0.861594 1.495644 -0.566275
4.161623 -0.559204 0.850609 1.475018 -0.562419
4.175924 -0.549375 0.839977 1.454979 -0.558936
4.190225 -0.539352 0.829753 1.435673 -0.555917
4.204526 -0.529129 0.819995 1.417257 -0.553461
4.218827 -0.518693 0.810757 1.399877 -0.551665
4.233128 -0.508025 0.802077 1.383648 -0.550605
4.247429 -0.497102 0.793966 1.368608 -0.550315
4.261730 -0.485898 0.786390 1.354689 -0.550753
4.276032 -0.474394 0.779280 1.341737 -0.551804
4.290333 -0.462580 0.772571 1.329598 -0.553328
4.304634 -0.450456 0.766238 1.318219 -0.555238
4.318935 -0.438029 0.760306 1.307676 -0.557532
4.333236 -0.425306 0.754837 1.298138 -0.560286
4.347537 -0.412288 0.749898 1.289787 -0.563604
4.361838 -0.398974 0.745537 1.282757 -0.567573
4.376139 -0.385353 0.741768 1.277098 -0.572223
4.390440 -0.371419 0.738565 1.272756 -0.577503
4.404741 -0.357171 0.735873 1.269606 -0.583288
4.419043 -0.342625 0.733645 1.267533 -0.589437
4.433344 -0.327809 0.731871 1.266522 -0.595862
4.447645 -0.312757 0.730590 1.266683 -0.602568
4.461946 -0.297507 0.729879 1.268227 -0.609653
4.476247 -0.282085 0.729836 1.271419 -0.617300
4.490548 -0.266491 0.730560 1.276530 -0.625760
4.504849 -0.250698 0.732105 1.283712 -0.635256
4.519150 -0.234653 0.734404 1.292809 -0.645800
4.533451 -0.218317 0.737251 1.303280 -0.657067
4.547753 -0.201682 0.740388 1.314458 -0.668548
4.562054 -0.184773 0.743670 1.325955 -0.679879
4.576355 -0.167629 0.747111 1.337813 -0.691017
4.590656 -0.150276 0.750821 1.350319 -0.702131
4.604957 -0.132732 0.754890 1.363718 -0.713384
4.619258 -0.115007 0.759346 1.378082 -0.724828
4.633559 -0.097113 0.764171 1.393370 -0.736435
4.647860 -0.079060 0.769332 1.409489 -0.748147
4.662161 -0.060867 0.774770 1.426283 -0.759839
4.676463 -0.042566 0.780416 1.443568 -0.771332
4.690764 -0.024199 0.786261 1.461320 -0.782547
4.705065 -0.005794 0.792394 1.479770 -0.793639
4.719366 0.012650 0.798923 1.499214 -0.804886
4.733667 0.031155 0.805852 1.519657 -0.816380
4.747968 0.049732 0.813029 1.540687 -0.827851
4.762269 0.068350 0.820251 1.561758 -0.838836
4.776570 0.086934 0.827405 1.582555 -0.848976
4.790871 0.105383 0.834503 1.603110 -0.858176
4.805173 0.123605 0.841693 1.623813 -0.866696
4.819474 0.141582 0.849272 1.645465 -0.875301
4.833775 0.159427 0.857606 1.669058 -0.885130
4.848076 0.177345 0.866744 1.694718 -0.896660
4.862377 0.195453 0.876093 1.720838 -0.908676
4.876678 0.213688 0.884934 1.745461 -0.919339
4.890979 0.231883 0.893071 1.768047 -0.927883
4.905280 0.249866 0.900775 1.789322 -0.934685
4.919581 0.267534 0.908460 1.810406 -0.940623
4.933883 0.284875 0.916486 1.832274 -0.946653
4.948184 0.301965 0.924999 1.855316 -0.953356
4.962485 0.318892 0.933850 1.879118 -0.960581
4.976786 0.335704 0.942761 1.902928 -0.967758
4.991087 0.352403 0.951528 1.926178 -0.974387
5.005388 0.368945 0.960019 1.948510 -0.980093
5.019689 0.385258 0.968213 1.969863 -0.984725
5.033990 0.401287 0.976258 1.990631 -0.988563
5.048291 0.417017 0.984336 2.011305 -0.992059
5.062592 0.432446 0.992459 2.031914 -0.995291
5.076894 0.447542 1.000518 2.052157 -0.997983
5.091195 0.462270 1.008554 2.072141 -1.000209
5.105496 0.476658 1.016799 2.092488 -1.002629
5.119797 0.490802 1.025327 2.113393 -1.005678
5.134098 0.504776 1.033838 2.134039 -1.008858
5.148399 0.518574 1.041951 2.153400 -1.011290
5.162700 0.532144 1.049574 2.171222 -1.012618
5.177001 0.545452 1.056901 2.188034 -1.013190
5.191302 0.558513 1.064173 2.204478 -1.013566
5.205604 0.571365 1.071416 2.220622 -1.013883
5.219905 0.584015 1.078453 2.235992 -1.013744
5.234206 0.596415 1.085140 2.250200 -1.012711
5.248507 0.608489 1.091503 2.263318 -1.010697
5.262808 0.620167 1.097697 2.275766 -1.007971
5.277109 0.631414 1.103915 2.288050 -1.004986
5.291410 0.642245 1.110303 2.300557 -1.002215
5.305711 0.652727 1.116909 2.313412 -0.999988
5.320012 0.662952 1.123618 2.326302 -0.998253
5.334314 0.672971 1.130136 2.338454 -0.996432
5.348615 0.682758 1.136181 2.349125 -0.993788
5.362916 0.692230 1.141683 2.358138 -0.989978
5.377217 0.701294 1.146780 2.365866 -0.985164
5.391518 0.709889 1.151702 2.372911 -0.979827
5.405819 0.718008 1.156649 2.379803 -0.974519
5.420120 0.725694 1.161679 2.386686 -0.969539
5.434421 0.732996 1.166661 2.393224 -0.964740
5.448722 0.739929 1.171397 2.398905 -0.959705
5.463024 0.746469 1.175766 2.403419 -0.954078
5.477325 0.752570 1.179778 2.406802 -0.947768
5.491626 0.758187 1.183559 2.409386 -0.940975
5.505927 0.763319 1.187306 2.411683 -0.934157
5.520228 0.768039 1.191246 2.414266 -0.927971
5.534529 0.772503 1.195487 2.417410 -0.922930
5.548830 0.776866 1.199759 2.420425 -0.918664
5.563131 0.781175 1.203485 2.421855 -0.913890
5.577432 0.785353 1.206287 2.420764 -0.907583
5.591734 0.789281 1.208195 2.417250 -0.899639
5.606035 0.792849 1.209462 2.411969 -0.890529
5.620336 0.795987 1.210415 2.405755 -0.880822
5.634637 0.798653 1.211334 2.399314 -0.870879
5.648938 0.800824 1.212293 2.392832 -0.860758
5.663239 0.802480 1.213201 2.386087 -0.850378
5.677540 0.803601 1.213966 2.378855 -0.839689
5.691841 0.804177 1.214549 2.371051 -0.828710
5.706142 0.804205 1.214969 2.362722 -0.817531
5.720443 0.803707 1.215287 2.354030 -0.806317
5.734745 0.802721 1.215551 2.345095 -0.795172
5.749046 0.801274 1.215704 2.335782 -0.783921
5.763347 0.799353 1.215630 2.325822 -0.772193
5.777648 0.796916 1.215301 2.315157 -0.759780
5.791949 0.793918 1.214807 2.304006 -0.746781
5.806250 0.790341 1.214253 2.292632 -0.733424
5.820551 0.786191 1.213694 2.281169 -0.719889
5.834852 0.781491 1.213132 2.269622 -0.706256
5.849153 0.776270 1.212533 2.257916 -0.692502
5.863455 0.770550 1.211829 2.245896 -0.678485
5.877756 0.764328 1.210945 2.233396 -0.663985
5.892057 0.757579 1.209864 2.220382 -0.648864
5.906358 0.750267 1.208639 2.206988 -0.633123
5.920659 0.742356 1.207351 2.193406 -0.616833
5.934960 0.733805 1.206075 2.179813 -0.600051
5.949261 0.724571 1.204892 2.166391 -0.582831
5.963562 0.714611 1.203904 2.153373 -0.565278
5.977863 0.703892 1.203240 2.141042 -0.547590
5.992165 0.692412 1.203023 2.129666 -0.530037
6.006466 0.680203 1.203325 2.119393 -0.512867
6.020767 0.667319 1.204113 2.110136 -0.496162
6.035068 0.653816 1.205246 2.101569 -0.479749
6.049369 0.639719 1.206562 2.093332 -0.463321
6.063670 0.625029 1.207996 2.085275 -0.446692
6.077971 0.609742 1.209588 2.077487 -0.429916
6.092272 0.593873 1.211412 2.070121 -0.413186
6.106573 0.577454 1.213478 2.063195 -0.396640
6.120875 0.560522 1.215723 2.056567 -0.380265
6.135176 0.543102 1.218069 2.050069 -0.363953
6.149477 0.525202 1.220491 2.043647 -0.347627
6.163778 0.506813 1.223023 2.037370 -0.331282
6.178079 0.487919 1.225724 2.031362 -0.314957
6.192380 0.468499 1.228656 2.025744 -0.298708
6.206681 0.448531 1.231873 2.020623 -0.282611
6.220982 0.428001 1.235418 2.016081 -0.266776
6.235283 0.406911 1.239318 2.012162 -0.251350
6.249585 0.385279 1.243577 2.008862 -0.236493
6.263886 0.363144 1.248170 2.006121 -0.222324
6.278187 0.340552 1.253030 2.003799 -0.208850
6.292488 0.317541 1.258069 2.001707 -0.195952
6.306789 0.294133 1.263240 1.999751 -0.183478
6.321090 0.270333 1.268570 1.997980 -0.171332
6.335391 0.246134 1.274054 1.996382 -0.159471
6.349692 0.221534 1.279617 1.994804 -0.147901
6.363993 0.196542 1.285268 1.993266 -0.136727
6.378294 0.171180 1.291125 1.991993 -0.126099
6.392596 0.145478 1.297176 1.990955 -0.116047
6.406897 0.119473 1.303154 1.989642 -0.106429
6.421198 0.093192 1.309426 1.988747 -0.097375
6.435499 0.066660 1.316110 1.988488 -0.088994
6.449800 0.039895 1.324520 1.991303 -0.081851
6.464101 0.012918 1.333283 1.994586 -0.075373
6.478402 -0.014247 1.338973 1.992014 -0.067804
6.492703 -0.041571 1.339807 1.980432 -0.058563
6.507004 -0.069042 1.347298 1.980957 -0.052768
6.521306 -0.096665 1.362763 1.995745 -0.050935
6.535607 -0.124428 1.368779 1.993215 -0.044791
6.549908 -0.152296 1.366930 1.976524 -0.035653
6.564209 -0.180243 1.374492 1.976589 -0.031293
6.578510 -0.208266 1.392046 1.994114 -0.031380
6.592811 -0.236324 1.396385 1.988120 -0.026314
6.607112 -0.264348 1.393728 1.969876 -0.019300
6.621413 -0.292310 1.415788 1.994444 -0.023266
6.635714 -0.320111 1.418828 1.985876 -0.020577
6.650016 -0.347631 1.422777 1.978817 -0.019182
6.664317 -0.374806 1.443058 1.999377 -0.025501
6.678618 -0.401772 1.448666 1.994808 -0.023913
6.692919 -0.428800 1.439652 1.965693 -0.016043
6.707220 -0.456080 1.479464 2.017920 -0.024181
6.721521 -0.483351 1.456594 1.965865 -0.011689
6.735822 -0.510508 1.476796 1.984946 -0.017195
6.750123 -0.537603 1.503184 2.013687 -0.022416
6.764424 -0.564488 1.478832 1.959841 -0.012276
6.778726 -0.591307 1.519106 2.010350 -0.022603
6.793027 -0.618005 1.517525 1.993260 -0.020091
6.807328 -0.644548 1.514810 1.974450 -0.016985
6.821629 -0.671011 1.544013 2.005946 -0.024287
6.835930 -0.697302 1.545809 1.994038 -0.024585
6.850231 -0.723395 1.548851 1.984068 -0.024445
6.864532 -0.749287 1.563426 1.991843 -0.028839
6.878833 -0.774927 1.572205 1.990484 -0.032718
6.893134 -0.800275 1.578482 1.985183 -0.035947
6.907436 -0.825294 1.592804 1.991929 -0.043315
6.921737 -0.849963 1.592580 1.976634 -0.043687
6.936038 -0.874211 1.616402 1.997150 -0.056823
6.950339 -0.898043 1.633846 2.007794 -0.066325
6.964640 -0.921418 1.634075 1.992888 -0.068436
6.978941 -0.944300 1.653907 2.006560 -0.079832
6.993242 -0.966710 1.677214 2.024891 -0.091924
7.007543 -0.988653 1.683943 2.019011 -0.096736
7.021844 -1.010117 1.690464 2.012749 -0.102151
7.036145 -1.031105 1.706583 2.019978 -0.111734
7.050447 -1.051612 1.722037 2.026001 -0.120806
7.064748 -1.071598 1.727101 2.017286 -0.126480
7.079049 -1.091024 1.736361 2.014333 -0.134848
7.093350 -1.109886 1.748399 2.015063 -0.144706
7.107651 -1.128211 1.776768 2.037865 -0.160742
7.121952 -1.146023 1.789331 2.038774 -0.170431
7.136253 -1.163313 1.802315 2.040060 -0.180424
7.150554 -1.180060 1.816788 2.043133 -0.191141
7.164855 -1.196207 1.831880 2.046800 -0.202181
7.179157 -1.211723 1.846654 2.049813 -0.213039
7.193458 -1.226658 1.861734 2.053000 -0.223473
7.207759 -1.241128 1.874519 2.052989 -0.231955
7.222060 -1.255203 1.885915 2.051011 -0.239845
7.236361 -1.268872 1.896190 2.047451 -0.247880
7.250662 -1.282056 1.906062 2.043251 -0.256464
7.264963 -1.294665 1.919131 2.042938 -0.267079
7.279264 -1.306699 1.936231 2.047457 -0.279181
7.293565 -1.318300 1.950031 2.047645 -0.288441
7.307867 -1.329645 1.952902 2.034246 -0.292157
7.322168 -1.340809 1.955017 2.019945 -0.296231
7.336469 -1.351742 1.972441 2.024143 -0.307472
7.350770 -1.362319 1.995282 2.034569 -0.321889
7.365071 -1.372427 1.999090 2.022033 -0.330864
7.379372 -1.382035 1.996196 2.001601 -0.338490
7.393673 -1.391181 2.011664 2.002762 -0.351709
7.407974 -1.399893 2.041599 2.020487 -0.367806
7.422275 -1.408244 2.062814 2.027700 -0.379912
7.436577 -1.416416 2.073324 2.022380 -0.387925
7.450878 -1.424676 2.067397 1.998330 -0.386025
7.465179 -1.433139 2.071361 1.985572 -0.388019
7.479480 -1.441798 2.119354 2.021875 -0.409986
7.493781 -1.450787 2.093000 1.975217 -0.395389
7.508082 -1.459822 2.109897 1.976523 -0.405134
7.522383 -1.468819 2.148135 2.000807 -0.423833
7.536684 -1.477770 2.099160 1.930427 -0.405507
7.550985 -1.486425 2.184165 2.004306 -0.446282
7.565287 -1.495043 2.109615 1.907488 -0.418440
7.579588 -1.503433 2.200888 1.986529 -0.460661
7.593889 -1.511853 2.131608 1.896517 -0.436449
7.608190 -1.520099 2.215294 1.966079 -0.474348
7.622491 -1.528249 2.148065 1.879397 -0.453704
7.636792 -1.536088 2.247166 1.963211 -0.496553
7.651093 -1.543661 2.160694 1.858142 -0.471644
7.665394 -1.550867 2.276031 1.956552 -0.517979
7.679695 -1.557805 2.188118 1.851428 -0.493745
7.693996 -1.564475 2.291428 1.935975 -0.532892
7.708298 -1.570895 2.220962 1.849370 -0.516516
7.722599 -1.577100 2.309400 1.917678 -0.549549
7.736900 -1.583066 2.256010 1.848621 -0.540537
7.751201 -1.588874 2.326140 1.897919 -0.566594
7.765502 -1.594485 2.301843 1.857169 -0.566690
7.779803 -1.599955 2.335129 1.870675 -0.581239
7.794104 -1.605244 2.340523 1.857890 -0.589829
7.808405 -1.610371 2.354499 1.852967 -0.599053
7.822706 -1.615231 2.354700 1.835364 -0.607296
7.837008 -1.619877 2.395376 1.854325 -0.623222
7.851309 -1.624078 2.353531 1.798967 -0.623477
7.865610 -1.628045 2.438089 1.856300 -0.649799
7.879911 -1.631517 2.384284 1.790920 -0.648790
7.894212 -1.634605 2.423978 1.807794 -0.668233
7.908513 -1.637450 2.467224 1.827179 -0.685831
7.922814 -1.639938 2.447813 1.792443 -0.693642
7.937115 -1.642142 2.466475 1.790307 -0.708950
7.951416 -1.644192 2.502224 1.802284 -0.725644
7.965718 -1.646097 2.518963 1.797987 -0.739228
7.980019 -1.647861 2.529379 1.788303 -0.752730
7.994320 -1.649550 2.542909 1.781073 -0.766878
8.008621 -1.651284 2.558394 1.775290 -0.780514
8.022922 -1.653161 2.573620 1.769138 -0.792979
8.037223 -1.655121 2.588380 1.762461 -0.805190
8.051524 -1.656914 2.604210 1.756474 -0.818886
8.065825 -1.658265 2.622200 1.752004 -0.834626
8.080126 -1.659041 2.641356 1.748237 -0.851215
8.094428 -1.659352 2.658887 1.743018 -0.866168
8.108729 -1.659384 2.672987 1.735021 -0.878130
8.123030 -1.658906 2.686575 1.726507 -0.890622
8.137331 -1.657517 2.703893 1.720628 -0.906463
8.151632 -1.655336 2.725010 1.717354 -0.922607
8.165933 -1.652617 2.745891 1.713675 -0.936613
8.180234 -1.649093 2.754064 1.700628 -0.947582
8.194535 -1.644546 2.747509 1.677054 -0.955630
8.208836 -1.639538 2.770070 1.674158 -0.969836
8.223138 -1.634597 2.804103 1.679010 -0.982029
8.237439 -1.628854 2.756713 1.627244 -0.974235
8.251740 -1.621732 2.804237 1.641064 -0.999562
8.266041 -1.613557 2.814024 1.628766 -1.009741
8.280342 -1.604424 2.789160 1.593216 -1.010478
8.294643 -1.594563 2.851468 1.615796 -1.033157
8.308944 -1.586087 2.784205 1.552694 -1.008936
8.323245 -1.583147 2.807790 1.549476 -0.978653
8.337546 -1.587260 2.681107 1.449648 -0.897774
8.351847 -1.593176 2.688453 1.436645 -0.880900
8.366149 -1.595930 2.644590 1.391474 -0.886105
8.380450 -1.593636 2.664450 1.386509 -0.920027
8.394751 -1.586545 2.691920 1.386002 -0.955978
8.409052 -1.575037 2.663840 1.351465 -0.977234
8.423353 -1.560113 2.736946 1.378096 -1.013955
8.437654 -1.544116 2.657754 1.313421 -1.002994
8.451955 -1.528536 2.703372 1.323094 -1.004342
8.466256 -1.511362 2.642246 1.270301 -1.001714
8.480557 -1.494022 2.671736 1.270332 -1.007653
8.494859 -1.476333 2.630472 1.229931 -0.999127
8.509160 -1.459643 2.602154 1.197381 -0.980334
8.523461 -1.442116 2.582831 1.170235 -0.977519
8.537762 -1.423576 2.563746 1.143524 -0.975691
8.552063 -1.405484 2.539500 1.114326 -0.964699
8.566364 -1.386742 2.505269 1.080163 -0.956614
8.580665 -1.368131 2.497046 1.060206 -0.959785
8.594966 -1.350709 2.440705 1.015344 -0.935695
8.609267 -1.333591 2.434267 0.996921 -0.936729
8.623569 -1.316535 2.418686 0.973982 -0.933761
8.637870 -1.299751 2.417203 0.958355 -0.935326
8.652171 -1.283107 2.366931 0.918636 -0.919637
8.666472 -1.266078 2.374745 0.907985 -0.929938
8.680773 -1.248567 2.357398 0.885138 -0.928372
8.695074 -1.230442 2.301977 0.844429 -0.912901
8.709375 -1.213371 2.263788 0.812552 -0.894293
8.723676 -1.197649 2.237111 0.786526 -0.876023
8.737977 -1.181475 2.163781 0.739549 -0.856564
8.752279 -1.164155 2.192880 0.739697 -0.876432
8.766580 -1.147014 2.136702 0.701605 -0.860450
8.780881 -1.129659 2.091338 0.669575 -0.850448
8.795182 -1.110788 2.138003 0.678444 -0.882089
8.809483 -1.091055 2.039508 0.625783 -0.858578
8.823784 -1.073039 2.042314 0.616964 -0.847060
8.838085 -1.059009 1.922181 0.557882 -0.782553
8.852386 -1.048656 1.857731 0.523275 -0.737403
8.866687 -1.039031 1.786381 0.487051 -0.711296
8.880989 -1.027832 1.816900 0.491791 -0.726785
8.895290 -1.020690 1.661536 0.424552 -0.655479
8.909591 -1.014276 1.651380 0.414800 -0.644999
8.923892 -1.007052 1.555272 0.373519 -0.626937
8.938193 -1.003545 1.489242 0.344702 -0.576354
8.952494 -1.004896 1.366165 0.296273 -0.508908
8.966795 -1.006191 1.302205 0.270894 -0.490775
8.981096 -1.001403 1.455518 0.321879 -0.570571
8.995397 -0.990810 1.411651 0.302934 -0.599732
9.009698 -0.976273 1.445472 0.310714 -0.627571
9.024000 -0.964991 1.314997 0.263529 -0.567314
9.038301 -0.960181 1.243208 0.237086 -0.490169
9.052602 -0.961814 1.039960 0.169742 -0.393807
9.066903 -0.965477 1.058073 0.174594 -0.376413
9.081204 -0.968685 0.976851 0.148511 -0.360793
9.095505 -0.973508 0.919798 0.130707 -0.328971
9.109806 -0.977198 0.881586 0.119182 -0.328109
9.124107 -0.978733 0.913608 0.128450 -0.355042
9.138408 -0.976844 0.874148 0.116825 -0.370650
9.152710 -0.972972 0.884142 0.119340 -0.382960
9.167011 -0.970335 0.826731 0.103185 -0.362164
9.181312 -0.968333 0.770418 0.087955 -0.339300
9.195613 -0.968796 0.703837 0.070662 -0.302777
9.209914 -0.975423 0.593766 0.042998 -0.230202
9.224215 -0.982683 0.543935 0.031754 -0.208165
9.238516 -0.987178 0.533071 0.030640 -0.226480
9.252817 -0.991681 0.498728 0.023897 -0.215847
9.267118 -0.994364 0.467933 0.018282 -0.218027
9.281420 -0.990920 0.515004 0.030731 -0.277345
9.295721 -0.984649 0.491531 0.026762 -0.291500
9.310022 -0.985279 0.371500 0.001974 -0.204456
9.324323 -0.995089 0.231448 -0.025632 -0.101000
9.338624 -1.010485 0.087246 -0.052405 -0.018293
9.352925 -1.030728 -0.015855 -0.069290 0.047476
9.367226 -1.052607 -0.065245 -0.074599 0.070172
9.381527 -1.068570 -0.002447 -0.058300 0.005827
9.395828 -1.075020 0.067473 -0.041655 -0.081348
9.410130 -1.076854 0.088759 -0.034681 -0.120859
9.424431 -1.077464 0.060043 -0.036716 -0.121627
9.438732 -1.080332 0.013822 -0.041465 -0.094819
9.453033 -1.083470 -0.043723 -0.047601 -0.076769
9.467334 -1.085027 -0.052058 -0.045561 -0.086723
9.481635 -1.088979 -0.118876 -0.052307 -0.051987
9.495936 -1.098557 -0.210188 -0.061918 0.009997
9.510237 -1.111376 -0.285104 -0.068304 0.050726
9.524538 -1.124428 -0.308193 -0.067067 0.054110
9.538840 -1.134961 -0.292683 -0.060808 0.027125
9.553141 -1.141168 -0.268306 -0.053811 -0.013814
9.567442 -1.143536 -0.256730 -0.048739 -0.046135
9.581743 -1.145554 -0.271141 -0.046823 -0.047814
9.596044 -1.146582 -0.287575 -0.045089 -0.053243
9.610345 -1.146275 -0.317075 -0.044592 -0.056630
9.624646 -1.147323 -0.329712 -0.042312 -0.049006
9.638947 -1.151877 -0.382888 -0.043600 -0.016390
9.653248 -1.154915 -0.381232 -0.039863 -0.034295
9.667550 -1.154294 -0.370234 -0.035554 -0.066995
9.681851 -1.153588 -0.352001 -0.030991 -0.078338
9.696152 -1.154724 -0.393990 -0.030750 -0.059130
9.710453 -1.155127 -0.447065 -0.030818 -0.052963
9.724754 -1.152432 -0.396121 -0.024671 -0.094359
9.739055 -1.147469 -0.351905 -0.019562 -0.128884
9.753356 -1.143118 -0.414596 -0.019782 -0.110334
9.767657 -1.140566 -0.469028 -0.019090 -0.087356
9.781958 -1.139311 -0.464845 -0.015963 -0.086385
9.796259 -1.138098 -0.478042 -0.013475 -0.088725
9.810561 -1.135459 -0.493810 -0.011009 -0.099260
9.824862 -1.131941 -0.494424 -0.008226 -0.108856
9.839163 -1.129599 -0.524828 -0.005875 -0.097837
9.853464 -1.128500 -0.568574 -0.003374 -0.083677
9.867765 -1.126868 -0.570874 -0.000498 -0.092329
9.882066 -1.123580 -0.550407 0.002176 -0.114529
9.896367 -1.118214 -0.537729 0.004609 -0.136745
9.910668 -1.111675 -0.556585 0.007322 -0.142344
9.924969 -1.105491 -0.589780 0.010454 -0.133888
9.939271 -1.099975 -0.633364 0.014126 -0.120330
9.953572 -1.094487 -0.658408 0.017555 -0.117074
9.967873 -1.088563 -0.672011 0.020712 -0.119631
9.982174 -1.082111 -0.691826 0.024188 -0.120747
9.996475 -1.075225 -0.720762 0.028224 -0.118002
10.010776 -1.068009 -0.746870 0.032311 -0.115527
10.025077 -1.060644 -0.760921 0.035847 -0.116164
10.039378 -1.053335 -0.763078 0.038652 -0.120299
10.053679 -1.046462 -0.788986 0.043082 -0.113568
10.067981 -1.040284 -0.830084 0.048854 -0.099825
10.082282 -1.035007 -0.885556 0.056136 -0.079775
10.096583 -1.030683 -0.937250 0.063555 -0.060642
10.110884 -1.027161 -0.972550 0.069871 -0.048066
10.125185 -1.024354 -1.028633 0.078503 -0.028064
10.139486 -1.021816 -1.048329 0.083797 -0.024357
10.153787 -1.019352 -1.083511 0.090894 -0.015990
10.168088 -1.016205 -1.104758 0.096628 -0.017770
10.182389 -1.011829 -1.148118 0.105151 -0.013128
10.196691 -1.006206 -1.149357 0.108668 -0.023932
10.210992 -1.000530 -1.172703 0.115028 -0.019817
10.225293 -0.995493 -1.225630 0.125591 -0.002339
10.239594 -0.990980 -1.258492 0.133690 0.006268
10.253895 -0.986937 -1.315961 0.145662 0.023372
10.268196 -0.983044 -1.351510 0.154693 0.030326
10.282497 -0.978964 -1.344290 0.157121 0.021443
10.296798 -0.974427 -1.326934 0.157708 0.007659
10.311099 -0.969238 -1.354216 0.165674 0.008471
10.325401 -0.962954 -1.387536 0.174857 0.007648
10.339702 -0.955875 -1.374294 0.175760 -0.008090
10.354003 -0.949482 -1.406972 0.185085 0.002851
10.368304 -0.944292 -1.461855 0.198926 0.025067
10.382605 -0.940118 -1.476977 0.205265 0.031271
10.396906 -0.937166 -1.526123 0.218625 0.050867
10.411207 -0.934327 -1.523303 0.221395 0.043281
10.425508 -0.931362 -1.530929 0.226302 0.038882
10.439809 -0.928616 -1.553109 0.234412 0.041741
10.454110 -0.925986 -1.551860 0.237296 0.035181
10.468412 -0.923437 -1.572928 0.245282 0.037470
10.482713 -0.921081 -1.583064 0.250752 0.036026
10.497014 -0.919369 -1.612626 0.260976 0.044968
10.511315 -0.918265 -1.634867 0.269538 0.050384
10.525616 -0.917397 -1.662236 0.279518 0.056129
10.539917 -0.915906 -1.667035 0.283736 0.048376
10.554218 -0.913520 -1.670282 0.287489 0.039227
10.568519 -0.910766 -1.689381 0.295513 0.039185
10.582820 -0.908222 -1.726587 0.308665 0.049170
10.597122 -0.905674 -1.743378 0.316231 0.049520
10.611423 -0.902765 -1.743211 0.318920 0.041320
10.625724 -0.899636 -1.769368 0.329317 0.044514
10.640025 -0.896254 -1.791830 0.338724 0.045743
10.654326 -0.892172 -1.790410 0.340870 0.035318
10.668627 -0.886929 -1.812261 0.350213 0.032381
10.682928 -0.880311 -1.822740 0.356007 0.023615
10.697229 -0.871865 -1.840900 0.366986 0.025788
10.711530 -0.860362 -1.865788 0.385833 0.035427
10.725832 -0.846838 -1.879384 0.401144 0.025585
10.740133 -0.831388 -1.904560 0.420654 0.020945
10.754434 -0.814307 -1.921533 0.437588 0.014123
10.768735 -0.795632 -1.940252 0.455373 0.007674
10.783036 -0.775167 -1.951545 0.470693 -0.003606
10.797337 -0.752962 -1.965303 0.487085 -0.013772
10.811638 -0.729209 -1.977911 0.503232 -0.023709
10.825939 -0.704215 -1.996226 0.521741 -0.029582
10.840240 -0.678191 -2.013201 0.539973 -0.035227
10.854542 -0.651438 -2.035745 0.560638 -0.036866
10.868843 -0.624240 -2.058978 0.581879 -0.036930
10.883144 -0.596978 -2.086678 0.605251 -0.033062
10.897445 -0.569974 -2.117742 0.630380 -0.026046
10.911746 -0.543259 -2.148648 0.655853 -0.019059
10.926047 -0.516766 -2.179339 0.681645 -0.012687
10.940348 -0.490999 -2.215972 0.710414 -0.001059
10.954649 -0.466471 -2.255509 0.740942 0.015159
10.968950 -0.441549 -2.275462 0.763288 0.013848
10.983252 -0.415179 -2.293049 0.784851 0.003038
10.997553 -0.386290 -2.285499 0.795179 -0.021252
11.011854 -0.356270 -2.291974 0.811946 -0.030942
11.026155 -0.326838 -2.350561 0.853303 -0.017109
11.040456 -0.297852 -2.331843 0.858644 -0.018340
11.054757 -0.268956 -2.420576 0.915608 -0.002772
11.069058 -0.240322 -2.375183 0.908199 -0.009656
11.083359 -0.211412 -2.460082 0.964750 0.002633
11.097660 -0.181908 -2.461470 0.980553 -0.002082
11.111961 -0.152587 -2.430148 0.979804 -0.004890
11.126263 -0.124824 -2.526368 1.044290 0.028195
11.140564 -0.098466 -2.542174 1.068187 0.041440
11.154865 -0.072563 -2.597091 1.112957 0.054122
11.169166 -0.046875 -2.612687 1.137501 0.058663
11.183467 -0.021439 -2.570862 1.131271 0.053740
11.197768 0.004174 -2.677544 1.205758 0.074378
11.212069 0.029882 -2.628288 1.195393 0.061782
11.226370 0.055449 -2.593435 1.192497 0.058635
11.240671 0.081458 -2.733521 1.288327 0.077819
11.254973 0.107582 -2.678602 1.274269 0.064498
11.269274 0.133680 -2.690013 1.298006 0.067266
11.283575 0.160023 -2.767403 1.360662 0.077445
11.297876 0.186194 -2.683759 1.328853 0.062869
11.312177 0.212468 -2.808980 1.421329 0.090419
11.326478 0.238574 -2.666067 1.352817 0.057323
11.340779 0.264756 -2.880502 1.501743 0.112132
11.355080 0.290686 -2.648509 1.376617 0.058698
11.369381 0.316663 -2.884567 1.542039 0.115829
11.383683 0.342493 -2.733182 1.465017 0.078801
11.397984 0.368084 -2.838580 1.550618 0.109472
11.412285 0.393755 -2.821438 1.558322 0.095547
11.426586 0.418877 -2.825973 1.580056 0.116258
11.440887 0.444063 -2.841239 1.609024 0.105737
11.455188 0.468827 -2.876626 1.651737 0.131478
11.469489 0.493281 -2.788327 1.611393 0.108242
11.483790 0.517496 -2.954345 1.743613 0.157664
11.498091 0.541496 -2.794010 1.652989 0.114875
11.512393 0.564760 -2.881252 1.732812 0.158791
11.526694 0.588120 -2.935042 1.790387 0.158750
11.540995 0.610759 -2.827365 1.733889 0.148697
11.555296 0.632825 -2.946331 1.838855 0.190029
11.569597 0.654542 -2.892204 1.819923 0.171151
11.583898 0.675491 -2.943801 1.877826 0.203809
11.598199 0.695898 -2.876437 1.848439 0.187290
11.612500 0.715705 -2.991306 1.954470 0.227867
11.626801 0.735121 -2.932900 1.931371 0.211310
11.641103 0.753719 -2.971069 1.981163 0.240653
11.655404 0.771626 -2.953564 1.988720 0.241641
11.669705 0.788312 -2.963697 2.017595 0.261340
11.684006 0.803570 -3.014108 2.078333 0.293553
11.698307 0.817254 -2.981128 2.073807 0.297713
11.712608 0.829476 -3.032189 2.136129 0.331641
11.726909 0.840988 -3.016280 2.145208 0.334949
11.741210 0.851548 -3.014911 2.165994 0.351140
11.755511 0.860671 -3.029474 2.199962 0.374048
11.769812 0.869044 -3.040312 2.231151 0.391551
11.784114 0.877180 -3.017310 2.234222 0.389704
11.798415 0.883696 -3.070350 2.301386 0.434592
11.812716 0.888588 -3.089376 2.340418 0.453265
11.827017 0.892522 -3.150075 2.415765 0.491112
11.841318 0.896436 -3.065171 2.365515 0.463194
11.855619 0.898975 -2.993695 2.325810 0.461202
11.869920 0.900673 -3.079600 2.424453 0.499617
11.884221 0.903358 -3.036487 2.409269 0.480648
11.898522 0.907474 -3.039701 2.435264 0.479936
11.912824 0.912513 -2.995837 2.418585 0.465854
11.927125 0.915999 -3.020756 2.464422 0.499142
11.941426 0.917905 -3.022209 2.489037 0.520431
11.955727 0.919542 -3.016512 2.507099 0.527941
11.970028 0.922125 -3.012866 2.527100 0.526897
11.984329 0.926432 -2.979025 2.518445 0.506408
11.998630 0.930564 -2.984951 2.547458 0.519182
12.012931 0.933263 -2.971809 2.558233 0.531731
12.027232 0.934475 -2.988123 2.597621 0.561286
12.041534 0.935678 -2.968065 2.601604 0.561256
12.055835 0.937772 -3.020222 2.677003 0.581677
12.070136 0.941970 -2.929799 2.610721 0.541267
12.084437 0.946226 -2.922937 2.627330 0.548011
12.098738 0.948753 -2.923914 2.651904 0.570677
12.113039 0.948599 -2.937151 2.689181 0.604937
12.127340 0.947564 -2.938924 2.714925 0.620917
12.141641 0.947751 -2.919800 2.719001 0.611913
12.155942 0.951145 -2.884233 2.705548 0.583110
12.170244 0.956218 -2.857669 2.701132 0.569482
12.184545 0.961204 -2.844823 2.711028 0.574523
12.198846 0.966328 -2.876187 2.768485 0.593661
12.213147 0.971524 -2.860117 2.775021 0.597402
12.227448 0.976455 -2.848905 2.786705 0.605809
12.241749 0.980902 -2.843115 2.804285 0.617481
12.256050 0.984733 -2.836844 2.821331 0.629108
12.270351 0.987692 -2.839299 2.848171 0.645381
12.284652 0.988930 -2.837107 2.869900 0.666659
12.298954 0.987209 -2.848961 2.907729 0.702606
12.313255 0.984831 -2.841709 2.923897 0.714275
12.327556 0.984879 -2.809598 2.911210 0.693894
12.341857 0.988515 -2.768668 2.887725 0.662630
12.356158 0.992050 -2.759119 2.900564 0.670170
12.370459 0.995277 -2.749518 2.913268 0.678240
12.384760 0.998473 -2.738847 2.924617 0.683832
12.399061 1.001525 -2.656853 2.849824 0.664612
12.413362 1.004280 -2.641344 2.854421 0.671302
12.427663 1.006830 -2.624172 2.856787 0.676753
12.441965 1.009179 -2.608134 2.860327 0.682691
12.456266 1.011316 -2.591331 2.862707 0.688514
12.470567 1.013274 -2.574948 2.865388 0.694254
12.484868 1.015127 -2.557888 2.866996 0.699110
12.499169 1.016978 -2.606854 2.952451 0.727847
12.513470 1.018994 -2.582542 2.944928 0.727458
12.527771 1.021026 -2.567749 2.949334 0.732326
12.542072 1.022989 -2.543239 2.940887 0.734393
12.556373 1.024762 -2.535519 2.954093 0.744456
12.570675 1.026301 -2.515172 2.950541 0.749919
12.584976 1.027519 -2.501844 2.956033 0.758834
12.599277 1.028393 -2.487417 2.959875 0.767281
12.613578 1.028890 -2.411987 2.881006 0.752072
12.627879 1.028880 -2.398025 2.884472 0.761917
12.642180 1.028467 -2.384499 2.888341 0.770916
12.656481 1.027712 -2.370098 2.890814 0.778667
12.670782 1.026642 -2.354749 2.891757 0.785442
12.685083 1.025301 -2.340000 2.893315 0.791794
12.699385 1.023740 -2.323272 2.891856 0.796778
12.713686 1.021993 -2.306156 2.889581 0.801314
12.727987 1.020075 -2.288342 2.886032 0.805443
12.742288 1.017991 -2.270829 2.882628 0.809609
12.756589 1.015741 -2.253482 2.879180 0.813660
12.770890 1.013334 -2.236083 2.875370 0.817362
12.785191 1.010783 -2.218240 2.870615 0.820548
12.799492 1.008097 -2.200599 2.865858 0.823520
12.813793 1.005284 -2.183015 2.860887 0.826247
12.828095 1.002357 -2.164960 2.854903 0.828497
12.842396 0.999330 -2.146413 2.847857 0.830242
12.856697 0.996238 -2.187258 2.931337 0.856702
12.870998 0.993257 -2.157760 2.907403 0.851520
12.885299 0.990273 -2.144749 2.908476 0.854545
12.899600 0.987259 -2.126970 2.901884 0.855681
12.913901 0.984201 -2.112386 2.899999 0.858371
12.928202 0.981093 -2.100169 2.901608 0.862010
12.942503 0.977940 -2.080732 2.891496 0.862228
12.956805 0.974723 -2.064098 2.885520 0.863693
12.971106 0.971443 -2.036995 2.862308 0.860250
12.985407 0.968068 -2.017311 2.850634 0.860316
12.999708 0.964590 -2.007721 2.855121 0.864921
13.014009 0.961049 -1.983872 2.835920 0.862591
13.028310 0.957423 -1.967610 2.828844 0.863761
13.042611 0.953705 -1.953197 2.824545 0.865780
13.056912 0.949917 -1.926823 2.799834 0.861898
13.071213 0.946019 -1.912960 2.795779 0.863997
13.085514 0.942032 -1.895485 2.785295 0.863991
13.099816 0.937950 -1.878411 2.775145 0.864090
13.114117 0.933791 -1.857394 2.757833 0.861870
13.128418 0.929554 -1.838326 2.743474 0.860339
13.142719 0.925241 -1.821595 2.732811 0.859807
13.157020 0.920865 -1.808069 2.727451 0.860532
13.171321 0.916426 -1.789970 2.713700 0.859105
13.185622 0.911926 -1.768839 2.694149 0.856028
13.199923 0.907357 -1.752201 2.682219 0.854987
13.214224 0.902731 -1.735580 2.669963 0.853599
13.228526 0.898054 -1.717386 2.654485 0.851197
13.242827 0.893325 -1.701017 2.641953 0.849541
13.257128 0.888539 -1.682142 2.624443 0.846573
13.271429 0.883682 -1.666051 2.611679 0.845080
13.285730 0.878754 -1.653865 2.605845 0.845394
13.300031 0.873780 -1.636591 2.590189 0.842756
13.314332 0.868754 -1.617484 2.570683 0.839161
13.328633 0.863666 -1.601131 2.555975 0.836816
13.342934 0.858530 -1.582381 2.536313 0.832877
13.357236 0.853350 -1.567980 2.524587 0.830865
13.371537 0.848117 -1.551769 2.509026 0.828019
13.385838 0.842814 -1.538969 2.499730 0.827037
13.400139 0.837453 -1.521546 2.481080 0.823402
13.414440 0.832039 -1.506376 2.466461 0.820594
13.428741 0.826583 -1.488258 2.445641 0.815874
13.443042 0.821079 -1.472178 2.428456 0.812069
13.457343 0.815526 -1.459756 2.418220 0.810027
13.471644 0.809937 -1.444732 2.402438 0.806308
13.485946 0.804321 -1.428871 2.384596 0.801850
13.500247 0.798678 -1.419351 2.379303 0.800503
13.514548 0.793030 -1.398918 2.351387 0.793013
13.528849 0.787342 -1.387582 2.341742 0.790628
13.543150 0.781618 -1.373697 2.326526 0.786763
13.557451 0.775867 -1.360887 2.313208 0.783223
13.571752 0.770098 -1.347872 2.299137 0.779302
13.586053 0.764317 -1.332001 2.278719 0.773596
13.600354 0.758513 -1.319526 2.265103 0.769678
13.614656 0.752694 -1.302922 2.242372 0.763256
13.628957 0.746850 -1.288959 2.224884 0.758307
13.643258 0.740957 -1.275629 2.208407 0.753977
13.657559 0.735016 -1.262784 2.192638 0.749837
13.671860 0.729036 -1.251284 2.179465 0.746265
13.686161 0.723028 -1.239951 2.166353 0.742553
13.700462 0.717005 -1.226780 2.148905 0.737549
13.714763 0.710960 -1.214610 2.133326 0.733100
13.729064 0.704892 -1.200315 2.112711 0.727333
13.743365 0.698795 -1.186571 2.092958 0.721824
13.757667 0.692660 -1.173205 2.073698 0.716557
13.771968 0.686482 -1.162125 2.059240 0.712560
13.786269 0.680267 -1.149670 2.041375 0.707598
13.800570 0.674017 -1.136580 2.021735 0.702123
13.814871 0.667713 -1.124868 2.004904 0.697608
13.829172 0.661356 -1.111152 1.983160 0.691763
13.843473 0.654939 -1.099804 1.966524 0.687204
13.857774 0.648465 -1.085567 1.942889 0.680748
13.872075 0.641924 -1.074420 1.926083 0.676011
13.886377 0.635324 -1.059322 1.899738 0.668677
13.900678 0.628654 -1.047031 1.879606 0.662957
13.914979 0.621919 -1.035457 1.860844 0.657421
13.929280 0.615130 -1.021491 1.836110 0.650241
13.943581 0.608281 -1.010132 1.817222 0.644610
13.957882 0.601363 -1.000290 1.801656 0.640032
13.972183 0.594375 -0.986679 1.776784 0.633202
13.986484 0.587314 -0.974643 1.755360 0.627215
14.000785 0.580183 -0.963907 1.736770 0.621871
14.015087 0.572987 -0.951851 1.714691 0.615604
14.029388 0.565708 -0.942107 1.697937 0.610934
14.043689 0.558355 -0.929945 1.675009 0.604597
14.057990 0.550925 -0.919195 1.655238 0.599117
14.072291 0.543417 -0.907943 1.633955 0.593276
14.086592 0.535829 -0.897692 1.614859 0.588047
14.100893 0.528163 -0.887944 1.596747 0.583090
14.115194 0.520415 -0.876337 1.573748 0.577031
14.129495 0.512577 -0.865501 1.552392 0.571521
14.143797 0.504641 -0.854687 1.530820 0.566136
14.158098 0.496603 -0.845907 1.514100 0.562161
14.172399 0.488463 -0.836859 1.496470 0.558047
14.186700 0.480217 -0.826946 1.476417 0.553512
14.201001 0.471851 -0.819544 1.462499 0.550769
14.215302 0.463362 -0.811138 1.445815 0.547510
14.229603 0.454738 -0.803804 1.431655 0.545127
14.243904 0.445973 -0.795156 1.413929 0.542031
14.258205 0.437051 -0.785976 1.394618 0.538814
14.272507 0.427964 -0.778381 1.379169 0.536765
14.286808 0.418711 -0.772410 1.367720 0.535832
14.301109 0.409291 -0.766200 1.355480 0.534835
14.315410 0.399696 -0.759180 1.340962 0.533497
14.329711 0.389915 -0.752785 1.327887 0.532739
14.344012 0.379940 -0.746037 1.313718 0.531918
14.358313 0.369763 -0.740246 1.301878 0.531861
14.372614 0.359378 -0.734754 1.290663 0.532135
14.386915 0.348784 -0.729709 1.280465 0.532782
14.401216 0.337981 -0.724288 1.269126 0.533237
14.415518 0.326969 -0.719522 1.259363 0.534179
14.429819 0.315756 -0.715316 1.250941 0.535533
14.444120 0.304349 -0.711447 1.243275 0.537138
14.458421 0.292760 -0.707358 1.234894 0.538654
14.472722 0.280994 -0.703751 1.227661 0.540598
14.487023 0.269063 -0.700572 1.221443 0.542930
14.501324 0.256972 -0.697217 1.214634 0.545307
14.515625 0.244723 -0.694776 1.210145 0.548477
14.529926 0.232313 -0.693655 1.209080 0.552829
14.544228 0.219747 -0.693318 1.210011 0.557787
14.558529 0.207008 -0.693739 1.212883 0.563731
14.572830 0.194085 -0.694009 1.215254 0.569876
14.587131 0.180974 -0.695267 1.220192 0.576826
14.601432 0.167674 -0.696660 1.225401 0.584012
14.615733 0.154188 -0.696452 1.226203 0.590231
14.630034 0.140521 -0.696764 1.228310 0.596887
14.644335 0.126693 -0.699810 1.237709 0.605280
14.658636 0.112724 -0.703543 1.248879 0.614090
14.672938 0.098623 -0.705423 1.254947 0.621711
14.687239 0.084386 -0.708185 1.263308 0.630053
14.701540 0.070004 -0.712588 1.276025 0.639627
14.715841 0.055456 -0.716651 1.287727 0.649165
14.730142 0.040726 -0.720814 1.299604 0.658796
14.744443 0.025807 -0.727498 1.318226 0.670102
14.758744 0.010701 -0.730694 1.327280 0.678893
14.773045 -0.004587 -0.735694 1.341129 0.688663
14.787346 -0.020042 -0.740169 1.353447 0.697801
14.801648 -0.035663 -0.745722 1.368581 0.707460
14.815949 -0.051446 -0.752518 1.386977 0.717672
14.830250 -0.067393 -0.756563 1.397788 0.725818
14.844551 -0.083503 -0.761795 1.411704 0.734506
14.858852 -0.099746 -0.770114 1.433873 0.744795
14.873153 -0.116081 -0.773979 1.443828 0.751616
14.887454 -0.132459 -0.780804 1.461684 0.759860
14.901755 -0.148821 -0.786891 1.477404 0.767069
14.916056 -0.165121 -0.792592 1.491939 0.773635
14.930358 -0.181329 -0.799577 1.509809 0.780781
14.944659 -0.197426 -0.805930 1.525822 0.787313
14.958960 -0.213410 -0.814984 1.548987 0.795503
14.973261 -0.229291 -0.820650 1.562837 0.801409
14.987562 -0.245077 -0.830043 1.586585 0.809611
15.001863 -0.260768 -0.838319 1.607149 0.816879
15.016164 -0.276359 -0.846212 1.626505 0.823561
15.030465 -0.291841 -0.852619 1.641690 0.828985
15.044766 -0.307191 -0.859836 1.658881 0.834492
15.059067 -0.322380 -0.867895 1.678149 0.840122
15.073369 -0.337370 -0.878084 1.702930 0.846619
15.087670 -0.352127 -0.886349 1.722358 0.851406
15.101971 -0.366631 -0.894535 1.741376 0.855871
15.116272 -0.380887 -0.901212 1.756171 0.859153
15.130573 -0.394931 -0.910597 1.777981 0.864263
15.144874 -0.408814 -0.919729 1.798897 0.869245
15.159175 -0.422576 -0.928388 1.818339 0.873781
15.173476 -0.436240 -0.936865 1.837080 0.877940
15.187777 -0.449807 -0.945127 1.855030 0.881550
15.202079 -0.463259 -0.952890 1.871447 0.884279
15.216380 -0.476567 -0.960593 1.887485 0.886327
15.230681 -0.489698 -0.966943 1.899752 0.887061
15.244982 -0.502607 -0.976012 1.918930 0.888956
15.259283 -0.515251 -0.982618 1.931433 0.888754
15.273584 -0.527596 -0.989966 1.945657 0.888678
15.287885 -0.539612 -0.997876 1.961113 0.888632
15.302186 -0.551277 -1.004632 1.973346 0.887559
15.316487 -0.562576 -1.011864 1.986590 0.886593
15.330789 -0.573488 -1.019481 2.000597 0.885615
15.345090 -0.583984 -1.027028 2.014190 0.884282
15.359391 -0.594014 -1.034100 2.026331 0.882220
15.373692 -0.603511 -1.040588 2.036749 0.879326
15.387993 -0.612385 -1.048575 2.050764 0.876727
15.402294 -0.620565 -1.054439 2.059141 0.872347
15.416595 -0.628073 -1.061898 2.071346 0.869142
15.430896 -0.635083 -1.070164 2.085346 0.867523
15.445197 -0.641878 -1.079158 2.100926 0.867965
15.459499 -0.648671 -1.087457 2.114497 0.868878
15.473800 -0.655498 -1.094727 2.125239 0.868696
15.488101 -0.662300 -1.101826 2.135320 0.867413
15.502402 -0.669000 -1.107668 2.142043 0.864418
15.516703 -0.675530 -1.114149 2.150133 0.861031
15.531004 -0.681838 -1.118768 2.153410 0.856006
15.545305 -0.687873 -1.124266 2.158656 0.851028
15.559606 -0.693596 -1.129671 2.163468 0.845681
15.573907 -0.698984 -1.135338 2.168714 0.840315
15.588209 -0.704020 -1.138821 2.168454 0.833430
15.602510 -0.708681 -1.143282 2.170391 0.826968
15.616811 -0.712930 -1.149154 2.175546 0.821075
15.631112 -0.716723 -1.153699 2.177308 0.814059
15.645413 -0.720031 -1.156580 2.174915 0.805886
15.659714 -0.722840 -1.161865 2.178094 0.799105
15.674015 -0.725157 -1.166387 2.179271 0.791904
15.688316 -0.727019 -1.170552 2.179429 0.784670
15.702617 -0.728486 -1.175539 2.181351 0.778180
15.716918 -0.729621 -1.179939 2.181717 0.771483
15.731220 -0.730473 -1.183269 2.179424 0.764246
15.745521 -0.731057 -1.186718 2.177260 0.756924
15.759822 -0.731364 -1.190344 2.175358 0.749414
15.774123 -0.731366 -1.191300 2.167179 0.739912
15.788424 -0.731031 -1.192704 2.159933 0.730224
15.802725 -0.730321 -1.194520 2.153530 0.720304
15.817026 -0.729197 -1.195967 2.146186 0.709819
15.831327 -0.727625 -1.197352 2.138609 0.698991
15.845628 -0.725574 -1.199481 2.132613 0.688337
15.859930 -0.723021 -1.199132 2.120986 0.676121
15.874231 -0.719950 -1.200120 2.112278 0.664492
15.888532 -0.716353 -1.200622 2.102423 0.652427
15.902833 -0.712239 -1.200890 2.091995 0.640211
15.917134 -0.707630 -1.201418 2.082082 0.628121
15.931435 -0.702549 -1.202299 2.072879 0.616092
15.945736 -0.697017 -1.201899 2.060843 0.603216
15.960037 -0.691042 -1.203162 2.052357 0.590998
15.974338 -0.684603 -1.201729 2.038028 0.576843
15.988640 -0.677666 -1.201902 2.027119 0.563112
16.002941 -0.670187 -1.201622 2.015211 0.548636
16.017242 -0.662134 -1.201166 2.002909 0.533700
16.031543 -0.653486 -1.202953 1.995290 0.519686
16.045844 -0.644242 -1.201706 1.981279 0.503885
16.060145 -0.634420 -1.203270 1.973099 0.489514
16.074446 -0.624044 -1.203768 1.962662 0.474518
16.088747 -0.613152 -1.204041 1.951732 0.459389
16.103048 -0.601774 -1.205071 1.942320 0.444582
16.117350 -0.589929 -1.206251 1.933173 0.429653
16.131651 -0.577613 -1.208541 1.926221 0.414938
16.145952 -0.564817 -1.207873 1.913272 0.398331
16.160253 -0.551527 -1.209081 1.904067 0.382391
16.174554 -0.537724 -1.210563 1.895368 0.366282
16.188855 -0.523394 -1.211686 1.885917 0.349744
16.203156 -0.508530 -1.214387 1.879527 0.333849
16.217457 -0.493125 -1.217115 1.873121 0.317799
16.231758 -0.477175 -1.219550 1.866084 0.301501
16.246060 -0.460676 -1.222220 1.859439 0.285281
16.260361 -0.443621 -1.226034 1.854920 0.269626
16.274662 -0.426003 -1.230016 1.850635 0.254123
16.288963 -0.407815 -1.234138 1.846525 0.238826
16.303264 -0.389056 -1.238994 1.843704 0.224078
16.317565 -0.369730 -1.243798 1.840678 0.209592
16.331866 -0.349851 -1.250099 1.840328 0.196091
16.346167 -0.329442 -1.256245 1.839555 0.182829
16.360468 -0.308540 -1.262825 1.839446 0.170164
16.374769 -0.287190 -1.269755 1.839835 0.158124
16.389071 -0.265436 -1.276519 1.839777 0.146418
16.403372 -0.243304 -1.283843 1.840586 0.135269
16.417673 -0.220805 -1.291262 1.841414 0.124389
16.431974 -0.197937 -1.298525 1.841812 0.113631
16.446275 -0.174687 -1.306486 1.843295 0.103379
16.460576 -0.151042 -1.314418 1.844565 0.093326
16.474877 -0.126991 -1.322347 1.845672 0.083577
16.489178 -0.102531 -1.330429 1.846886 0.074238
16.503479 -0.077658 -1.339127 1.849000 0.065555
16.517781 -0.052370 -1.347938 1.851135 0.057234
16.532082 -0.026662 -1.356444 1.852583 0.049114
16.546383 -0.000534 -1.366192 1.855955 0.041917
16.560684 0.025996 -1.376370 1.859860 0.035447
16.574985 0.052868 -1.384807 1.860674 0.028997
16.589286 0.079973 -1.391629 1.858666 0.022970
16.603587 0.107199 -1.401629 1.861750 0.019530
16.617888 0.134470 -1.418552 1.875914 0.019895
16.632189 0.161761 -1.430847 1.882256 0.018282
16.646491 0.189055 -1.430523 1.868100 0.011566
16.660792 0.216354 -1.438970 1.867975 0.009108
16.675093 0.243692 -1.459709 1.887174 0.011823
16.689394 0.271079 -1.464020 1.880117 0.007757
16.703695 0.298498 -1.464774 1.867452 0.002899
16.717996 0.325961 -1.481427 1.879474 0.004623
16.732297 0.353481 -1.500248 1.894519 0.007355
16.746598 0.381029 -1.501968 1.883042 0.003707
16.760899 0.408561 -1.505697 1.874624 0.001494
16.775201 0.436048 -1.533057 1.901812 0.008671
16.789502 0.463354 -1.531163 1.884654 0.006161
16.803803 0.490336 -1.545870 1.892267 0.010789
16.818104 0.516900 -1.567831 1.910328 0.018762
16.832405 0.542951 -1.564645 1.891111 0.018725
16.846706 0.568572 -1.592542 1.917249 0.028024
16.861007 0.593804 -1.595360 1.906617 0.029158
16.875308 0.618727 -1.606117 1.907366 0.031811
16.889609 0.643382 -1.621424 1.914426 0.036219
16.903911 0.667736 -1.627251 1.907819 0.037943
16.918212 0.691744 -1.639389 1.910003 0.042675
16.932513 0.715446 -1.655734 1.917855 0.047291
16.946814 0.738884 -1.655005 1.901814 0.048225
16.961115 0.762328 -1.675466 1.914936 0.052246
16.975416 0.785905 -1.676350 1.901022 0.050093
16.989717 0.809591 -1.680979 1.892213 0.050542
17.004018 0.833357 -1.700051 1.902760 0.054940
17.018319 0.857035 -1.703490 1.892152 0.057849
17.032620 0.880579 -1.712022 1.888271 0.060787
17.046922 0.903900 -1.733661 1.901487 0.071534
17.061223 0.926931 -1.746453 1.902808 0.079615
17.075524 0.949680 -1.751986 1.894554 0.082017
17.089825 0.972066 -1.764881 1.895700 0.090311
17.104126 0.994098 -1.795810 1.919622 0.105253
17.118427 1.015812 -1.813850 1.926719 0.113493
17.132728 1.037165 -1.809296 1.905195 0.114523
17.147029 1.058127 -1.815008 1.896600 0.120483
17.161330 1.078720 -1.843629 1.916250 0.134515
17.175632 1.098981 -1.869468 1.932010 0.146291
17.189933 1.118882 -1.875723 1.923534 0.151770
17.204234 1.138369 -1.880242 1.912913 0.157922
17.218535 1.157419 -1.893080 1.912233 0.167302
17.232836 1.176019 -1.910437 1.916745 0.178144
17.247137 1.194148 -1.927035 1.920108 0.188930
17.261438 1.211785 -1.942495 1.921901 0.199798
17.275739 1.228924 -1.957974 1.923499 0.210937
17.290040 1.245579 -1.973995 1.925506 0.222261
17.304342 1.261778 -1.990057 1.927335 0.233622
17.318643 1.277537 -2.004299 1.926882 0.244555
17.332944 1.292853 -2.017042 1.924557 0.255193
17.347245 1.307712 -2.030499 1.922870 0.266217
17.361546 1.322099 -2.045168 1.922351 0.277833
17.375847 1.336010 -2.059944 1.921759 0.289598
17.390148 1.349440 -2.073692 1.919857 0.301045
17.404449 1.362359 -2.085311 1.915489 0.312157
17.418750 1.374709 -2.095935 1.909925 0.323736
17.433052 1.386453 -2.111236 1.909208 0.337375
17.447353 1.397641 -2.139904 1.922362 0.354386
17.461654 1.408398 -2.171516 1.938162 0.370240
17.475955 1.418774 -2.166546 1.915632 0.375424
17.490256 1.428741 -2.150948 1.882356 0.379834
17.504557 1.438458 -2.207054 1.922391 0.401167
17.518858 1.447954 -2.219990 1.917978 0.410045
17.533159 1.457029 -2.186689 1.867156 0.411704
17.547460 1.465895 -2.255486 1.918268 0.433977
17.561762 1.474410 -2.239461 1.884853 0.438412
17.576063 1.482527 -2.243794 1.871639 0.449006
17.590364 1.490531 -2.295749 1.904477 0.464381
17.604665 1.498230 -2.260749 1.853164 0.466036
17.618966 1.505962 -2.310921 1.883455 0.479344
17.633267 1.513651 -2.306625 1.861675 0.483149
17.647568 1.521218 -2.307903 1.845246 0.489783
17.661869 1.528819 -2.341730 1.859007 0.498840
17.676170 1.536236 -2.331231 1.831613 0.504113
17.690471 1.543516 -2.344109 1.825729 0.512817
17.704773 1.550743 -2.361812 1.824062 0.521070
17.719074 1.557854 -2.364722 1.808967 0.528854
17.733375 1.564838 -2.372047 1.797809 0.538132
17.747676 1.571716 -2.384290 1.790926 0.548114
17.761977 1.578453 -2.394878 1.782482 0.558373
17.776278 1.584979 -2.405149 1.773673 0.569051
17.790579 1.591223 -2.416626 1.765805 0.579998
17.804880 1.597109 -2.428353 1.758043 0.591165
17.819181 1.602573 -2.440251 1.750314 0.602664
17.833483 1.607572 -2.452373 1.742661 0.614577
17.847784 1.612089 -2.464804 1.735147 0.626943
17.862085 1.616126 -2.477735 1.727923 0.639761
17.876386 1.619715 -2.491505 1.721252 0.653030
17.890687 1.622914 -2.506390 1.715334 0.666669
17.904988 1.625804 -2.522062 1.709888 0.680414
17.919289 1.628472 -2.537572 1.704149 0.693955
17.933590 1.631000 -2.552260 1.697610 0.707180
17.947891 1.633451 -2.566315 1.690435 0.720122
17.962193 1.635863 -2.579885 1.682752 0.732644
17.976494 1.638205 -2.592750 1.674406 0.744698
17.990795 1.640362 -2.605235 1.665657 0.756823
18.005096 1.642179 -2.618457 1.657341 0.769743
18.019397 1.643577 -2.633200 1.650017 0.783420
18.033698 1.644573 -2.648822 1.643186 0.797071
18.047999 1.645201 -2.663853 1.635773 0.810158
18.062300 1.645467 -2.677475 1.627209 0.822654
18.076601 1.645432 -2.689608 1.617469 0.834265
18.090903 1.645237 -2.700142 1.606509 0.844421
18.105204 1.644974 -2.709031 1.594331 0.853263
18.119505 1.644636 -2.716137 1.580877 0.861176
18.133806 1.644304 -2.719833 1.565084 0.866761
18.148107 1.644082 -2.718579 1.545993 0.868952
18.162408 1.643562 -2.715649 1.525876 0.871869
18.176709 1.642036 -2.715291 1.507551 0.879357
18.191010 1.639155 -2.717486 1.490949 0.890043
18.205311 1.634840 -2.721453 1.475517 0.902339
18.219613 1.629088 -2.726061 1.460500 0.915192
18.233914 1.622048 -2.728354 1.444029 0.926240
18.248215 1.614015 -2.725103 1.424148 0.933013
18.262516 1.605088 -2.717341 1.401604 0.937062
18.276817 1.595261 -2.708138 1.378351 0.940690
18.291118 1.584853 -2.696814 1.354010 0.942090
18.305419 1.574502 -2.680620 1.326990 0.938270
18.319720 1.565629 -2.651638 1.292742 0.921369
18.334021 1.561331 -2.589960 1.239975 0.873238
18.348322 1.562199 -2.504597 1.174506 0.810213
18.362624 1.561629 -2.461579 1.134222 0.800341
18.376925 1.554939 -2.466080 1.121171 0.837505
18.391226 1.540920 -2.500706 1.124783 0.896140
18.405527 1.520862 -2.565708 1.144597 0.959515
18.419828 1.498735 -2.585751 1.139316 0.987290
18.434129 1.476741 -2.588647 1.124668 0.993561
18.448430 1.453971 -2.600610 1.114813 1.008794
18.462731 1.432437 -2.585082 1.090534 1.003041
18.477032 1.412982 -2.528397 1.045334 0.976251
18.491334 1.396703 -2.483406 1.006851 0.941850
18.505635 1.383683 -2.434958 0.967258 0.906951
18.519936 1.371069 -2.413078 0.941481 0.899194
18.534237 1.357131 -2.421134 0.930653 0.909112
18.548538 1.343618 -2.349750 0.881449 0.883646
18.562839 1.332500 -2.291506 0.839446 0.849245
18.577140 1.323284 -2.242189 0.802408 0.822399
18.591441 1.312995 -2.230754 0.783581 0.829161
18.605742 1.300475 -2.221336 0.765854 0.842665
18.620044 1.287385 -2.175494 0.731860 0.830757
18.634345 1.276809 -2.118860 0.693674 0.798163
18.648646 1.269268 -2.048549 0.650230 0.757288
18.662947 1.261352 -2.029955 0.630038 0.757609
18.677248 1.249105 -2.071471 0.635704 0.805362
18.691549 1.231245 -2.055931 0.617297 0.837789
18.705850 1.212613 -2.053358 0.605020 0.845691
18.720151 1.197256 -1.927124 0.543225 0.782649
18.734452 1.180973 -1.944660 0.540796 0.796368
18.748754 1.163415 -1.908801 0.517336 0.791470
18.763055 1.150183 -1.764731 0.452856 0.714473
18.777356 1.140416 -1.787741 0.454000 0.700465
18.791657 1.132794 -1.585878 0.371000 0.621876
18.805958 1.125777 -1.676856 0.398666 0.649297
18.820259 1.114035 -1.637797 0.378042 0.669013
18.834560 1.101395 -1.589879 0.354920 0.659083
18.848861 1.089165 -1.598535 0.352264 0.659585
18.863162 1.080297 -1.472435 0.303141 0.591678
18.877464 1.074171 -1.353823 0.258559 0.542350
18.891765 1.066731 -1.403439 0.271384 0.559620
18.906066 1.053361 -1.371385 0.257016 0.597102
18.920367 1.040585 -1.361927 0.250208 0.584632
18.934668 1.032863 -1.223829 0.203083 0.507017
18.948969 1.024840 -1.199471 0.193041 0.504335
18.963270 1.012224 -1.220187 0.196898 0.539629
18.977571 1.002895 -1.091857 0.156217 0.478890
18.991872 1.000579 -1.012656 0.131541 0.409752
19.006174 1.000803 -0.866294 0.088828 0.347205
19.020475 0.997965 -0.903929 0.099406 0.374976
19.034776 0.993895 -0.888079 0.094735 0.380115
19.049077 0.987931 -0.847366 0.083543 0.380911
19.063378 0.982828 -0.711516 0.048001 0.334422
19.077679 0.985047 -0.611557 0.023363 0.252233
19.091980 0.990640 -0.610958 0.024739 0.225459
19.106281 0.993359 -0.582919 0.019271 0.239992
19.120582 0.994998 -0.519437 0.005553 0.221567
19.134883 0.999843 -0.427700 -0.014002 0.176884
19.149185 1.001874 -0.430173 -0.010905 0.201926
19.163486 0.996158 -0.490117 0.004749 0.269672
19.177787 0.991072 -0.389596 -0.015214 0.236176
19.192088 0.988661 -0.376817 -0.015608 0.208966
19.206389 0.990496 -0.337756 -0.021469 0.167210
19.220690 0.991116 -0.255783 -0.035387 0.158352
19.234991 0.986821 -0.295307 -0.024806 0.203575
19.249292 0.981142 -0.262550 -0.028514 0.202571
19.263593 0.975560 -0.201753 -0.037031 0.186603
19.277895 0.973076 -0.124226 -0.047904 0.139590
19.292196 0.972170 -0.062179 -0.055287 0.111857
19.306497 0.969193 -0.044717 -0.054637 0.118974
19.320798 0.966023 -0.034911 -0.052746 0.117214
19.335099 0.965462 0.042022 -0.061236 0.079889
19.349400 0.969313 0.110672 -0.067717 0.032143
19.363701 0.975516 0.214868 -0.078553 -0.011016
19.378002 0.981179 0.238242 -0.077107 -0.011234
19.392303 0.989565 0.300694 -0.080716 -0.044636
19.406605 1.002812 0.380754 -0.085979 -0.099019
19.420906 1.013019 0.397407 -0.082734 -0.081803
19.435207 1.016498 0.343353 -0.071268 -0.018555
19.449508 1.015984 0.327665 -0.064859 0.014587
19.463809 1.013866 0.348230 -0.062569 0.021791
19.478110 1.014005 0.408401 -0.064141 -0.010443
19.492411 1.020542 0.514233 -0.069405 -0.080944
19.506712 1.031880 0.591196 -0.071025 -0.131329
19.521013 1.041176 0.604428 -0.066623 -0.115882
19.535315 1.047141 0.587819 -0.059926 -0.084862
19.549616 1.053178 0.628926 -0.057702 -0.092760
19.563917 1.058947 0.638007 -0.053042 -0.088264
19.578218 1.062397 0.611027 -0.046252 -0.059810
19.592519 1.065554 0.638878 -0.042937 -0.062038
19.606820 1.068133 0.667308 -0.039468 -0.061140
19.621121 1.071514 0.688758 -0.035510 -0.067367
19.635422 1.079376 0.761376 -0.033416 -0.113793
19.649723 1.089625 0.779125 -0.028840 -0.129225
19.664025 1.095812 0.752834 -0.022980 -0.084763
19.678326 1.097748 0.739412 -0.017836 -0.045815
19.692627 1.097765 0.738607 -0.013182 -0.026131
19.706928 1.096194 0.729788 -0.008580 -0.007860
19.721229 1.092494 0.713314 -0.004160 0.017228
19.735530 1.086624 0.695425 -0.000045 0.041107
