# time bound_circ lift drag moment
0.028612 -0.107401 0.024852 -0.140575 -0.318340
0.042918 -0.110877 -0.562875 -0.143865 -0.058994
0.057224 -0.127884 -0.701352 -0.146077 0.070434
0.071530 -0.140519 -0.659223 -0.146855 0.030655
0.085836 -0.151737 -0.641360 -0.147685 0.016591
0.100142 -0.161329 -0.616632 -0.148249 -0.001374
0.114448 -0.169702 -0.595463 -0.148688 -0.015577
0.128754 -0.177109 -0.577405 -0.149023 -0.027014
0.143060 -0.183738 -0.562092 -0.149273 -0.036196
0.157366 -0.189725 -0.548966 -0.149451 -0.043661
0.171672 -0.195166 -0.537476 -0.149560 -0.049846
0.185978 -0.200137 -0.527115 -0.149601 -0.055102
0.200284 -0.204691 -0.517503 -0.149574 -0.059685
0.214590 -0.208871 -0.508388 -0.149476 -0.063765
0.228896 -0.212713 -0.499616 -0.149309 -0.067451
0.243202 -0.216245 -0.491092 -0.149072 -0.070818
0.257508 -0.219491 -0.482754 -0.148767 -0.073918
0.271814 -0.222471 -0.474561 -0.148394 -0.076788
0.286120 -0.225205 -0.466486 -0.147956 -0.079457
0.300426 -0.227707 -0.458508 -0.147453 -0.081946
0.314732 -0.229992 -0.450607 -0.146885 -0.084274
0.329037 -0.232072 -0.442768 -0.146256 -0.086459
0.343343 -0.233958 -0.434973 -0.145564 -0.088517
0.357649 -0.235660 -0.427212 -0.144811 -0.090459
0.371955 -0.237188 -0.419474 -0.143999 -0.092295
0.386261 -0.238549 -0.411756 -0.143127 -0.094033
0.400567 -0.239750 -0.404055 -0.142198 -0.095680
0.414873 -0.240800 -0.396367 -0.141212 -0.097240
0.429179 -0.241705 -0.388690 -0.140171 -0.098719
0.443485 -0.242470 -0.381020 -0.139076 -0.100121
0.457791 -0.243101 -0.373350 -0.137926 -0.101453
0.472097 -0.243604 -0.365673 -0.136724 -0.102722
0.486403 -0.243983 -0.357979 -0.135468 -0.103932
0.500709 -0.244242 -0.350263 -0.134161 -0.105089
0.515015 -0.244386 -0.342516 -0.132801 -0.106200
0.529321 -0.244418 -0.334734 -0.131390 -0.107267
0.543627 -0.244342 -0.326914 -0.129927 -0.108294
0.557933 -0.244161 -0.319053 -0.128415 -0.109284
0.572239 -0.243878 -0.311150 -0.126852 -0.110239
0.586545 -0.243496 -0.303204 -0.125240 -0.111161
0.600851 -0.243017 -0.295216 -0.123579 -0.112051
0.615157 -0.242445 -0.287186 -0.121871 -0.112910
0.629463 -0.241782 -0.279113 -0.120115 -0.113741
0.643769 -0.241030 -0.270999 -0.118312 -0.114543
0.658075 -0.240192 -0.262842 -0.116464 -0.115318
0.672381 -0.239269 -0.254643 -0.114571 -0.116067
0.686687 -0.238263 -0.246402 -0.112633 -0.116792
0.700993 -0.237178 -0.238119 -0.110650 -0.117493
0.715299 -0.236013 -0.229795 -0.108625 -0.118171
0.729605 -0.234772 -0.221428 -0.106557 -0.118827
0.743911 -0.233456 -0.213021 -0.104447 -0.119462
0.758217 -0.232067 -0.204572 -0.102296 -0.120076
0.772523 -0.230606 -0.196082 -0.100104 -0.120671
0.786829 -0.229075 -0.187552 -0.097872 -0.121246
0.801135 -0.227475 -0.178983 -0.095601 -0.121803
0.815441 -0.225808 -0.170374 -0.093291 -0.122342
0.829747 -0.224075 -0.161727 -0.090943 -0.122863
0.844053 -0.222277 -0.153043 -0.088559 -0.123367
0.858359 -0.220416 -0.144322 -0.086137 -0.123854
0.872665 -0.218493 -0.135565 -0.083680 -0.124324
0.886971 -0.216509 -0.126773 -0.081188 -0.124778
0.901277 -0.214466 -0.117947 -0.078662 -0.125217
0.915583 -0.212364 -0.109088 -0.076102 -0.125640
0.929889 -0.210205 -0.100196 -0.073510 -0.126047
0.944195 -0.207989 -0.091271 -0.070885 -0.126441
0.958500 -0.205719 -0.082313 -0.068228 -0.126819
0.972806 -0.203394 -0.073324 -0.065541 -0.127184
0.987112 -0.201016 -0.064303 -0.062824 -0.127536
1.001418 -0.198586 -0.055251 -0.060077 -0.127875
1.015724 -0.196105 -0.046168 -0.057301 -0.128201
1.030030 -0.193573 -0.037054 -0.054497 -0.128514
1.044336 -0.190992 -0.027910 -0.051666 -0.128816
1.058642 -0.188363 -0.018736 -0.048807 -0.129106
1.072948 -0.185685 -0.009533 -0.045923 -0.129385
1.087254 -0.182961 -0.000301 -0.043013 -0.129652
1.101560 -0.180191 0.008958 -0.040078 -0.129909
1.115866 -0.177375 0.018245 -0.037119 -0.130154
1.130172 -0.174515 0.027558 -0.034136 -0.130389
1.144478 -0.171611 0.036896 -0.031131 -0.130614
1.158784 -0.168664 0.046260 -0.028105 -0.130828
1.173090 -0.165675 0.055647 -0.025056 -0.131032
1.187396 -0.162644 0.065058 -0.021988 -0.131225
1.201702 -0.159572 0.074491 -0.018900 -0.131409
1.216008 -0.156460 0.083946 -0.015793 -0.131582
1.230314 -0.153309 0.093422 -0.012667 -0.131746
1.244620 -0.150118 0.102917 -0.009525 -0.131900
1.258926 -0.146890 0.112432 -0.006365 -0.132044
1.273232 -0.143624 0.121965 -0.003190 -0.132179
1.287538 -0.140321 0.131516 0.000000 -0.132304
1.301844 -0.136982 0.141083 0.003205 -0.132420
1.316150 -0.133607 0.150667 0.006424 -0.132527
1.330456 -0.130197 0.160266 0.009656 -0.132624
1.344762 -0.126753 0.169880 0.012900 -0.132712
1.359068 -0.123275 0.179508 0.016155 -0.132791
1.373374 -0.119763 0.189150 0.019421 -0.132862
1.387680 -0.116219 0.198805 0.022697 -0.132924
1.401986 -0.112643 0.208473 0.025983 -0.132977
1.416292 -0.109035 0.218152 0.029277 -0.133021
1.430598 -0.105396 0.227843 0.032580 -0.133058
1.444904 -0.101727 0.237544 0.035889 -0.133086
1.459210 -0.098028 0.247256 0.039205 -0.133105
1.473516 -0.094300 0.256977 0.042527 -0.133117
1.487822 -0.090542 0.266707 0.045854 -0.133121
1.502128 -0.086756 0.276446 0.049185 -0.133117
1.516434 -0.082943 0.286192 0.052520 -0.133105
1.530740 -0.079102 0.295946 0.055858 -0.133085
1.545046 -0.075234 0.305705 0.059198 -0.133058
1.559352 -0.071340 0.315471 0.062539 -0.133022
1.573658 -0.067420 0.325241 0.065881 -0.132980
1.587963 -0.063475 0.335016 0.069224 -0.132929
1.602269 -0.059504 0.344794 0.072565 -0.132871
1.616575 -0.055509 0.354576 0.075905 -0.132806
1.630881 -0.051491 0.364360 0.079243 -0.132733
1.645187 -0.047449 0.374146 0.082578 -0.132653
1.659493 -0.043383 0.383933 0.085910 -0.132566
1.673799 -0.039295 0.393721 0.089237 -0.132471
1.688105 -0.035186 0.403509 0.092559 -0.132369
1.702411 -0.031054 0.413296 0.095875 -0.132260
1.716717 -0.026901 0.423082 0.099185 -0.132144
1.731023 -0.022727 0.432867 0.102489 -0.132021
1.745329 -0.018533 0.442650 0.105784 -0.131890
1.759635 -0.014319 0.452430 0.109071 -0.131754
1.773941 -0.010086 0.462207 0.112349 -0.131610
1.788247 -0.005833 0.471980 0.115617 -0.131459
1.802553 -0.001562 0.481750 0.118875 -0.131302
1.816859 0.002728 0.491515 0.122122 -0.131138
1.831165 0.007035 0.501275 0.125358 -0.130968
1.845471 0.011360 0.511030 0.128581 -0.130792
1.859777 0.015702 0.520779 0.131791 -0.130608
1.874083 0.020061 0.530521 0.134987 -0.130419
1.888389 0.024436 0.540257 0.138169 -0.130223
1.902695 0.028826 0.549985 0.141337 -0.130021
1.917001 0.033233 0.559705 0.144489 -0.129813
1.931307 0.037654 0.569418 0.147624 -0.129599
1.945613 0.042090 0.579121 0.150744 -0.129379
1.959919 0.046540 0.588816 0.153845 -0.129152
1.974225 0.051005 0.598501 0.156929 -0.128920
1.988531 0.055482 0.608175 0.159994 -0.128682
2.002837 0.059974 0.617840 0.163040 -0.128438
2.017143 0.064478 0.627493 0.166067 -0.128188
2.031449 0.068994 0.637135 0.169073 -0.127932
2.045755 0.073523 0.646765 0.172058 -0.127671
2.060061 0.078063 0.656382 0.175021 -0.127404
2.074367 0.082615 0.665987 0.177963 -0.127131
2.088673 0.087178 0.675579 0.180881 -0.126853
2.102979 0.091752 0.685157 0.183777 -0.126569
2.117285 0.096336 0.694720 0.186648 -0.126279
2.131591 0.100930 0.704270 0.189495 -0.125984
2.145897 0.105533 0.713804 0.192318 -0.125684
2.160203 0.110147 0.723323 0.195114 -0.125378
2.174509 0.114769 0.732826 0.197885 -0.125066
2.188815 0.119400 0.742314 0.200629 -0.124750
2.203121 0.124039 0.751784 0.203346 -0.124428
2.217427 0.128686 0.761238 0.206035 -0.124101
2.231732 0.133341 0.770674 0.208697 -0.123768
2.246038 0.138003 0.780093 0.211329 -0.123431
2.260344 0.142672 0.789493 0.213933 -0.123088
2.274650 0.147348 0.798875 0.216506 -0.122740
2.288956 0.152031 0.808239 0.219050 -0.122387
2.303262 0.156719 0.817583 0.221563 -0.122029
2.317568 0.161414 0.826908 0.224045 -0.121666
2.331874 0.166114 0.836213 0.226496 -0.121299
2.346180 0.170819 0.845498 0.228914 -0.120926
2.360486 0.175528 0.854762 0.231300 -0.120549
2.374792 0.180243 0.864006 0.233654 -0.120167
2.389098 0.184961 0.873228 0.235973 -0.119780
2.403404 0.189684 0.882429 0.238259 -0.119388
2.417710 0.194410 0.891609 0.240511 -0.118992
2.432016 0.199140 0.900766 0.242729 -0.118591
2.446322 0.203873 0.909901 0.244911 -0.118186
2.460628 0.208608 0.919014 0.247058 -0.117776
2.474934 0.213346 0.928104 0.249169 -0.117362
2.489240 0.218086 0.937170 0.251244 -0.116943
2.503546 0.222828 0.946214 0.253283 -0.116520
2.517852 0.227572 0.955233 0.255284 -0.116093
2.532158 0.232317 0.964229 0.257249 -0.115661
2.546464 0.237064 0.973200 0.259175 -0.115225
2.560770 0.241811 0.982147 0.261064 -0.114785
2.575076 0.246558 0.991069 0.262915 -0.114341
2.589382 0.251306 0.999966 0.264726 -0.113892
2.603688 0.256054 1.008838 0.266499 -0.113440
2.617994 0.260802 1.017684 0.268232 -0.112984
2.632300 0.265549 1.026504 0.269926 -0.112523
2.646606 0.270296 1.035299 0.271580 -0.112059
2.660912 0.275041 1.044067 0.273194 -0.111591
2.675218 0.279785 1.052808 0.274767 -0.111118
2.689524 0.284528 1.061523 0.276299 -0.110643
2.703830 0.289269 1.070211 0.277790 -0.110163
2.718136 0.294008 1.078871 0.279240 -0.109679
2.732442 0.298744 1.087504 0.280648 -0.109192
2.746748 0.303478 1.096109 0.282014 -0.108701
2.761054 0.308209 1.104687 0.283338 -0.108207
2.775360 0.312937 1.113236 0.284620 -0.107709
2.789666 0.317662 1.121757 0.285859 -0.107207
2.803972 0.322384 1.130249 0.287055 -0.106702
2.818278 0.327102 1.138712 0.288208 -0.106193
2.832584 0.331815 1.147147 0.289318 -0.105681
2.846890 0.336525 1.155552 0.290385 -0.105166
2.861195 0.341230 1.163927 0.291407 -0.104647
2.875501 0.345930 1.172274 0.292386 -0.104125
2.889807 0.350626 1.180590 0.293321 -0.103600
2.904113 0.355317 1.188876 0.294212 -0.103071
2.918419 0.360002 1.197132 0.295058 -0.102539
2.932725 0.364681 1.205357 0.295859 -0.102004
2.947031 0.369355 1.213552 0.296616 -0.101465
2.961337 0.374023 1.221717 0.297328 -0.100924
2.975643 0.378685 1.229850 0.297996 -0.100380
2.989949 0.383340 1.237952 0.298617 -0.099832
3.004255 0.387989 1.246022 0.299194 -0.099282
3.018561 0.392631 1.254062 0.299725 -0.098728
3.032867 0.397265 1.262069 0.300211 -0.098172
3.047173 0.401893 1.270045 0.300652 -0.097613
3.061479 0.406513 1.277989 0.301046 -0.097050
3.075785 0.411125 1.285900 0.301395 -0.096485
3.090091 0.415730 1.293779 0.301698 -0.095918
3.104397 0.420327 1.301626 0.301955 -0.095347
3.118703 0.424915 1.309440 0.302166 -0.094774
3.133009 0.429495 1.317221 0.302332 -0.094198
3.147315 0.434066 1.324969 0.302451 -0.093619
3.161621 0.438629 1.332684 0.302523 -0.093038
3.175927 0.443182 1.340366 0.302550 -0.092454
3.190233 0.447726 1.348014 0.302531 -0.091868
3.204539 0.452261 1.355629 0.302465 -0.091279
3.218845 0.456786 1.363210 0.302353 -0.090688
3.233151 0.461302 1.370757 0.302195 -0.090094
3.247457 0.465808 1.378270 0.301990 -0.089498
3.261763 0.470303 1.385749 0.301740 -0.088899
3.276069 0.474788 1.393194 0.301443 -0.088298
3.290375 0.479263 1.400604 0.301099 -0.087695
3.304681 0.483727 1.407979 0.300710 -0.087089
3.318987 0.488181 1.415320 0.300274 -0.086481
3.333293 0.492623 1.422626 0.299792 -0.085871
3.347599 0.497054 1.429897 0.299264 -0.085259
3.361905 0.501474 1.437132 0.298690 -0.084644
3.376211 0.505883 1.444332 0.298070 -0.084027
3.390517 0.508341 1.446473 0.299155 -0.084199
3.404823 0.509438 1.443932 0.298889 -0.074546
3.419129 0.509035 1.442822 0.299140 -0.062730
3.433435 0.507289 1.441818 0.299412 -0.052206
3.447741 0.504368 1.440975 0.299725 -0.042556
3.462047 0.500391 1.440424 0.300129 -0.033489
3.476353 0.495433 1.440193 0.300636 -0.024858
3.490659 0.489548 1.440268 0.301239 -0.016605
3.504964 0.482781 1.440624 0.301930 -0.008707
3.519270 0.475175 1.441253 0.302707 -0.001150
3.533576 0.466769 1.442153 0.303569 0.006077
3.547882 0.457606 1.443321 0.304514 0.012984
3.562188 0.447722 1.444757 0.305544 0.019583
3.576494 0.437155 1.446457 0.306656 0.025883
3.590800 0.425940 1.448428 0.307854 0.031890
3.605106 0.414113 1.450681 0.309142 0.037610
3.619412 0.401706 1.453225 0.310523 0.043047
3.633718 0.388752 1.456014 0.311981 0.048211
3.648024 0.375282 1.458966 0.313483 0.053116
3.662330 0.361327 1.462170 0.315065 0.057755
3.676636 0.346917 1.465825 0.316802 0.062107
3.690942 0.332078 1.469623 0.318576 0.066220
3.705248 0.316841 1.473387 0.320320 0.070126
3.719554 0.301230 1.477789 0.322290 0.073718
3.733860 0.285271 1.482322 0.324293 0.077086
3.748166 0.268989 1.486686 0.326214 0.080297
3.762472 0.252407 1.491836 0.328418 0.083164
3.776778 0.235549 1.496765 0.330520 0.085888
3.791084 0.218435 1.502109 0.332763 0.088371
3.805390 0.201088 1.507299 0.334928 0.090690
3.819696 0.183525 1.513347 0.337405 0.092663
3.834002 0.165766 1.518829 0.339645 0.094644
3.848308 0.147831 1.524086 0.341781 0.096427
3.862614 0.129731 1.532653 0.345168 0.097397
3.876920 0.111489 1.533808 0.345691 0.099941
3.891226 0.093116 1.547471 0.350995 0.099183
3.905532 0.074624 1.545236 0.350178 0.102592
3.919838 0.056037 1.558981 0.355474 0.101189
3.934144 0.037348 1.562888 0.356974 0.103008
3.948450 0.018595 1.563008 0.356999 0.104796
3.962756 -0.000237 1.588933 0.366909 0.100279
3.977062 -0.019118 1.558213 0.355057 0.110484
3.991368 -0.038043 1.622934 0.379811 0.094497
4.005674 -0.057006 1.542583 0.348877 0.118092
4.019980 -0.075996 1.669373 0.397390 0.085201
4.034286 -0.094985 1.512415 0.337047 0.127380
4.048592 -0.113963 1.691644 0.405600 0.080815
4.062898 -0.133085 1.596132 0.368797 0.110198
4.077204 -0.152018 1.581422 0.362953 0.108067
4.091510 -0.171054 1.644232 0.386779 0.098259
4.105816 -0.190101 1.629084 0.380723 0.101467
4.120122 -0.209211 1.655540 0.390568 0.097956
4.134427 -0.228322 1.649195 0.387839 0.099009
4.148733 -0.247365 1.625908 0.378615 0.103430
4.163039 -0.266407 1.650913 0.387827 0.098931
4.177345 -0.285438 1.665868 0.393170 0.094737
4.191651 -0.304477 1.657570 0.389613 0.098920
4.205957 -0.323529 1.706893 0.408006 0.086900
4.220263 -0.342549 1.642431 0.383001 0.104051
4.234569 -0.361490 1.702430 0.405393 0.087484
4.248875 -0.380485 1.695187 0.402149 0.093403
4.263181 -0.399446 1.746714 0.421224 0.078359
4.277487 -0.418341 1.671707 0.392193 0.097497
4.291793 -0.437094 1.741882 0.418273 0.076421
4.306099 -0.455771 1.697563 0.400883 0.089082
4.320405 -0.474190 1.761415 0.424466 0.068309
4.334711 -0.492207 1.726069 0.410451 0.076829
4.349017 -0.509386 1.785627 0.432307 0.053145
4.363323 -0.525948 1.768855 0.425277 0.055244
4.377629 -0.542409 1.806722 0.438841 0.043806
4.391935 -0.558721 1.768923 0.423852 0.051155
4.406241 -0.575012 1.816767 0.441091 0.040651
4.420547 -0.591000 1.829792 0.445181 0.032088
4.434853 -0.606673 1.812044 0.437688 0.035937
4.449159 -0.621981 1.831257 0.444040 0.022176
4.463465 -0.636972 1.826177 0.441259 0.024705
4.477771 -0.651755 1.839010 0.445154 0.014282
4.492077 -0.666199 1.879181 0.459215 0.004418
4.506383 -0.680660 1.908513 0.469170 -0.001109
4.520689 -0.694714 1.847005 0.445267 0.003851
4.534995 -0.708476 1.868883 0.452391 0.001698
4.549301 -0.722104 1.857066 0.446967 -0.001270
4.563607 -0.735404 1.970467 0.487910 -0.027233
4.577913 -0.748741 1.930833 0.472106 -0.018782
4.592219 -0.761585 1.897691 0.458723 -0.021345
4.606525 -0.773948 1.920333 0.465915 -0.030601
4.620831 -0.786410 1.980952 0.487024 -0.042988
4.635137 -0.798051 1.920926 0.463729 -0.038321
4.649443 -0.809718 2.002409 0.492357 -0.058765
4.663749 -0.820684 1.873696 0.443952 -0.035556
4.678055 -0.831161 1.967792 0.477059 -0.063209
4.692361 -0.842188 2.131249 0.535287 -0.088606
4.706667 -0.852195 1.959816 0.471451 -0.068893
4.720973 -0.862626 1.940318 0.462990 -0.060872
4.735279 -0.872135 2.033949 0.495513 -0.090667
4.749585 -0.882506 2.092009 0.515013 -0.093296
4.763890 -0.892235 2.047792 0.497507 -0.092521
4.778196 -0.901873 2.069751 0.503864 -0.097646
4.792502 -0.911095 2.043592 0.492881 -0.099623
4.806808 -0.920365 2.068415 0.500182 -0.101411
4.821114 -0.932415 1.977537 0.466057 -0.064320
4.835420 -0.947491 2.051798 0.490957 -0.057945
4.849726 -0.963540 1.979086 0.463413 -0.036391
4.864032 -0.979131 2.049840 0.486893 -0.055508
4.878338 -0.994515 2.079531 0.495687 -0.066422
4.892644 -1.009509 1.976984 0.457700 -0.048743
4.906950 -1.024127 2.048639 0.481242 -0.073051
4.921256 -1.038654 2.076771 0.489339 -0.077067
4.935562 -1.052854 2.086826 0.491024 -0.089836
4.949868 -1.066690 2.032079 0.470015 -0.084160
4.964174 -1.080238 2.035644 0.469414 -0.086451
4.978480 -1.093514 2.144066 0.505236 -0.119682
4.992786 -1.106657 2.103017 0.489006 -0.108480
5.007092 -1.119374 2.058503 0.471635 -0.106664
5.021398 -1.131844 2.138063 0.497097 -0.129545
5.035704 -1.144182 2.151629 0.499695 -0.133701
5.050010 -1.156095 2.065424 0.468049 -0.123315
5.064316 -1.167838 2.220803 0.519100 -0.160974
5.078622 -1.179180 2.088070 0.471663 -0.138202
5.092928 -1.190240 2.224127 0.515759 -0.172837
5.107234 -1.200856 2.137878 0.484286 -0.162629
5.121540 -1.211239 2.217972 0.509108 -0.180546
5.135846 -1.221247 2.186499 0.496204 -0.182758
5.150152 -1.231074 2.227385 0.507606 -0.192179
5.164458 -1.240573 2.207633 0.498630 -0.197469
5.178764 -1.249799 2.224725 0.501946 -0.206248
5.193070 -1.258842 2.261067 0.511590 -0.217301
5.207376 -1.267338 2.196642 0.487791 -0.216761
5.221682 -1.275748 2.316517 0.524876 -0.238898
5.235988 -1.283537 2.211510 0.487782 -0.231899
5.250294 -1.291167 2.317861 0.520098 -0.251936
5.264600 -1.298374 2.282777 0.506007 -0.254353
5.278906 -1.305260 2.277695 0.501726 -0.258179
5.293212 -1.311969 2.335050 0.517650 -0.273363
5.307518 -1.318318 2.289401 0.500185 -0.274290
5.321824 -1.324601 2.357993 0.519519 -0.288725
5.336130 -1.330485 2.301380 0.498580 -0.289278
5.350436 -1.336256 2.359193 0.514246 -0.302171
5.364742 -1.341641 2.328068 0.501495 -0.306721
5.379048 -1.346950 2.393193 0.519250 -0.320208
5.393354 -1.351933 2.354027 0.503954 -0.321552
5.407659 -1.356753 2.385998 0.511058 -0.331622
5.421965 -1.361326 2.375809 0.504881 -0.336537
5.436271 -1.365843 2.411808 0.513081 -0.345774
5.450577 -1.370225 2.403940 0.507570 -0.350649
5.464883 -1.374460 2.400062 0.503286 -0.355912
5.479189 -1.378647 2.417624 0.505578 -0.363368
5.493495 -1.382723 2.422671 0.503971 -0.370824
5.507801 -1.386646 2.428675 0.502619 -0.378905
5.522107 -1.390390 2.443530 0.503912 -0.388131
5.536413 -1.393918 2.452734 0.503435 -0.396239
5.550719 -1.397166 2.456400 0.501246 -0.403916
5.565025 -1.400121 2.467963 0.501386 -0.412924
5.579331 -1.402746 2.486132 0.503438 -0.423614
5.593637 -1.404969 2.505823 0.505867 -0.434665
5.607943 -1.406558 2.518619 0.506185 -0.446234
5.622249 -1.406972 2.533251 0.506982 -0.462620
5.636555 -1.405214 2.561018 0.511550 -0.489374
5.650861 -1.401503 2.586523 0.515358 -0.512926
5.665167 -1.399721 2.569602 0.506803 -0.497249
5.679473 -1.400984 2.545778 0.496290 -0.473851
5.693779 -1.402949 2.546876 0.492956 -0.474510
5.708085 -1.405101 2.550112 0.490205 -0.478931
5.722391 -1.407457 2.551579 0.486922 -0.482633
5.736697 -1.409944 2.553578 0.483763 -0.487042
5.751003 -1.412500 2.556595 0.480861 -0.492182
5.765309 -1.415081 2.560591 0.478201 -0.497875
5.779615 -1.417646 2.565599 0.475789 -0.504047
5.793921 -1.420163 2.571568 0.473604 -0.510589
5.808227 -1.422613 2.578287 0.471586 -0.517305
5.822533 -1.424985 2.585381 0.469628 -0.523976
5.836839 -1.427280 2.592380 0.467601 -0.530422
5.851145 -1.429502 2.598795 0.465374 -0.536511
5.865451 -1.431660 2.604203 0.462836 -0.542226
5.879757 -1.433762 2.608526 0.459972 -0.547694
5.894063 -1.435816 2.612057 0.456863 -0.553075
5.908369 -1.437824 2.615163 0.453612 -0.558474
5.922675 -1.439790 2.618041 0.450270 -0.563942
5.936981 -1.441714 2.620724 0.446848 -0.569501
5.951287 -1.443602 2.623220 0.443349 -0.575175
5.965593 -1.445460 2.625653 0.439806 -0.580979
5.979899 -1.447295 2.628203 0.436265 -0.586903
5.994205 -1.449115 2.631077 0.432778 -0.592904
6.008511 -1.450923 2.634347 0.429361 -0.598903
6.022817 -1.452714 2.637861 0.425976 -0.604832
6.037122 -1.454475 2.641730 0.422648 -0.610695
6.051428 -1.456189 2.645637 0.419297 -0.616431
6.065734 -1.457835 2.648571 0.415676 -0.621905
6.080040 -1.459395 2.649500 0.411538 -0.627024
6.094346 -1.460845 2.648826 0.406991 -0.632023
6.108652 -1.462166 2.649050 0.402642 -0.637445
6.122958 -1.463344 2.652236 0.398981 -0.643559
6.137264 -1.464373 2.656385 0.395519 -0.649860
6.151570 -1.465242 2.657110 0.391220 -0.655689
6.165876 -1.465938 2.655520 0.386360 -0.661441
6.180182 -1.466466 2.657055 0.382212 -0.667887
6.194488 -1.466839 2.660618 0.378506 -0.674652
6.208794 -1.467065 2.662235 0.374327 -0.681170
6.223100 -1.467152 2.663821 0.370118 -0.687709
6.237406 -1.467106 2.665537 0.365915 -0.694341
6.251712 -1.466931 2.667404 0.361723 -0.701068
6.266018 -1.466633 2.669119 0.357474 -0.707846
6.280324 -1.466220 2.671014 0.353241 -0.714662
6.294630 -1.465700 2.672733 0.348947 -0.721427
6.308936 -1.465080 2.674260 0.344589 -0.728114
6.323242 -1.464363 2.675579 0.340164 -0.734714
6.337548 -1.463544 2.676742 0.335686 -0.741255
6.351854 -1.462612 2.677790 0.331163 -0.747780
6.366160 -1.461551 2.678795 0.326611 -0.754321
6.380466 -1.460354 2.679857 0.322052 -0.760839
6.394772 -1.459019 2.680858 0.317461 -0.767195
6.409078 -1.457552 2.681546 0.312787 -0.773247
6.423384 -1.455959 2.681673 0.307983 -0.778914
6.437690 -1.454241 2.681006 0.303005 -0.784153
6.451996 -1.452398 2.679350 0.297819 -0.788938
6.466302 -1.450424 2.676569 0.292405 -0.793265
6.480608 -1.448302 2.672604 0.286756 -0.797166
6.494914 -1.446010 2.667473 0.280884 -0.800723
6.509220 -1.443515 2.661289 0.274817 -0.804066
6.523526 -1.440786 2.654237 0.268596 -0.807334
6.537832 -1.437800 2.646494 0.262258 -0.810580
6.552138 -1.434562 2.638101 0.255816 -0.813687
6.566444 -1.431097 2.628976 0.249259 -0.816457
6.580750 -1.427426 2.619088 0.242584 -0.818815
6.595056 -1.423540 2.608633 0.235833 -0.820954
6.609362 -1.419390 2.598059 0.229087 -0.823238
6.623668 -1.414918 2.587826 0.222428 -0.825941
6.637974 -1.410078 2.578162 0.215894 -0.829107
6.652280 -1.404849 2.569008 0.209472 -0.832576
6.666586 -1.399238 2.560056 0.203107 -0.836051
6.680891 -1.393278 2.550824 0.196718 -0.839165
6.695197 -1.387009 2.540869 0.190233 -0.841680
6.709503 -1.380440 2.530098 0.183641 -0.843696
6.723809 -1.373542 2.518639 0.176968 -0.845461
6.738115 -1.366285 2.506270 0.170183 -0.846884
6.752421 -1.358683 2.492006 0.163137 -0.847339
6.766727 -1.350839 2.473747 0.155513 -0.845473
6.781033 -1.343021 2.448016 0.146801 -0.838954
6.795339 -1.335739 2.410349 0.136368 -0.824645
6.809645 -1.329742 2.356439 0.123639 -0.799598
6.823951 -1.325611 2.290301 0.109303 -0.766633
6.838257 -1.323573 2.218009 0.094321 -0.730186
6.852563 -1.323692 2.136083 0.078227 -0.689277
6.866869 -1.324698 2.057668 0.062946 -0.656170
6.881175 -1.324853 1.995295 0.050212 -0.638861
6.895481 -1.321708 1.966399 0.042335 -0.648686
6.909787 -1.315146 1.956655 0.037170 -0.668059
6.924093 -1.308009 1.926912 0.029357 -0.664784
6.938399 -1.301759 1.878223 0.019153 -0.646059
6.952705 -1.294060 1.854530 0.012386 -0.649993
6.967011 -1.281520 1.871491 0.010911 -0.688597
6.981317 -1.264932 1.886195 0.009077 -0.722024
6.995623 -1.247975 1.870586 0.003418 -0.723149
7.009929 -1.229864 1.866634 -0.000762 -0.732817
7.024235 -1.210508 1.863921 -0.004785 -0.742731
7.038541 -1.187741 1.900137 -0.004210 -0.780763
7.052847 -1.159489 1.953247 -0.001828 -0.836738
7.067153 -1.128770 1.965498 -0.004323 -0.859220
7.081459 -1.099206 1.953919 -0.009541 -0.852988
7.095765 -1.067083 1.992954 -0.009156 -0.888514
7.110071 -1.032112 2.019342 -0.010300 -0.920087
7.124377 -0.997934 2.001873 -0.016199 -0.913607
7.138683 -0.962377 2.015108 -0.018846 -0.932151
7.152989 -0.926410 2.007083 -0.023716 -0.935861
7.167295 -0.892190 1.969694 -0.031489 -0.915717
7.181601 -0.860464 1.929073 -0.039430 -0.890140
7.195907 -0.828915 1.916117 -0.044565 -0.888595
7.210213 -0.794892 1.931350 -0.047014 -0.912471
7.224519 -0.760840 1.912392 -0.052491 -0.909361
7.238825 -0.727610 1.876106 -0.059288 -0.895564
7.253131 -0.692301 1.880859 -0.062339 -0.913434
7.267437 -0.658154 1.862452 -0.067350 -0.902916
7.281743 -0.627302 1.789874 -0.076607 -0.858943
7.296049 -0.595702 1.775373 -0.080811 -0.860319
7.310354 -0.562312 1.781569 -0.083354 -0.874562
7.324660 -0.528867 1.741308 -0.089399 -0.861697
7.338966 -0.498573 1.674789 -0.097076 -0.821444
7.353272 -0.474066 1.609531 -0.104267 -0.763952
7.367578 -0.452271 1.556079 -0.110216 -0.731456
7.381884 -0.433160 1.507064 -0.115540 -0.698355
7.396190 -0.416667 1.475370 -0.119475 -0.670951
7.410496 -0.393585 1.528378 -0.117932 -0.731756
7.424802 -0.367672 1.550465 -0.118663 -0.755196
7.439108 -0.344352 1.491243 -0.124263 -0.720986
7.453414 -0.329913 1.354888 -0.133836 -0.615792
7.467720 -0.317652 1.311109 -0.137506 -0.590820
7.482026 -0.300772 1.352990 -0.136492 -0.632966
7.496332 -0.283940 1.347297 -0.138155 -0.632836
7.510638 -0.268952 1.306618 -0.141494 -0.605826
7.524944 -0.249952 1.343529 -0.141080 -0.640003
7.539250 -0.236152 1.231792 -0.147407 -0.566270
7.553556 -0.221520 1.284593 -0.146268 -0.589056
7.567862 -0.204590 1.238048 -0.149397 -0.583088
7.582168 -0.200790 1.048604 -0.157613 -0.432598
7.596474 -0.200738 0.980613 -0.160348 -0.383374
7.610780 -0.192860 1.076374 -0.157255 -0.464177
7.625086 -0.172435 1.214778 -0.153508 -0.587768
7.639392 -0.162874 1.028303 -0.160148 -0.450352
7.653698 -0.173187 0.780183 -0.167315 -0.238724
7.668004 -0.171589 0.947554 -0.162588 -0.370764
7.682310 -0.158691 1.042904 -0.160626 -0.469406
7.696616 -0.146873 1.012917 -0.161940 -0.448916
7.710922 -0.149542 0.795192 -0.166639 -0.275920
7.725228 -0.161678 0.690939 -0.168148 -0.178405
7.739534 -0.162570 0.821779 -0.165650 -0.289524
7.753840 -0.162567 0.794238 -0.166015 -0.280222
7.768146 -0.156091 0.866377 -0.165242 -0.341816
7.782452 -0.156750 0.726851 -0.166742 -0.239735
7.796758 -0.155156 0.769412 -0.166291 -0.268374
7.811064 -0.141362 0.869146 -0.165910 -0.372576
7.825370 -0.133825 0.761982 -0.166637 -0.290552
7.839676 -0.137259 0.590943 -0.166754 -0.154174
7.853982 -0.145375 0.540136 -0.166136 -0.103688
7.868288 -0.153570 0.482047 -0.165234 -0.072041
7.882594 -0.160246 0.509150 -0.164576 -0.088994
7.896900 -0.159691 0.545965 -0.164219 -0.138560
7.911206 -0.173327 0.347365 -0.161698 0.025992
7.925512 -0.184575 0.393781 -0.161093 -0.003376
7.939817 -0.186333 0.464404 -0.161187 -0.078557
7.954123 -0.192833 0.394646 -0.159445 -0.018970
7.968429 -0.197499 0.383137 -0.158427 -0.018288
7.982735 -0.200862 0.387837 -0.157739 -0.022960
7.997041 -0.195169 0.468476 -0.158875 -0.100774
8.011347 -0.192154 0.405272 -0.156955 -0.054748
8.025653 -0.198929 0.261085 -0.152511 0.064540
8.039959 -0.208845 0.236002 -0.150733 0.096135
8.054265 -0.207565 0.339371 -0.152868 -0.002516
8.068571 -0.205987 0.311927 -0.151317 0.012752
8.082877 -0.209843 0.218683 -0.147317 0.087081
8.097183 -0.220886 0.127428 -0.142887 0.169583
8.111489 -0.228380 0.155445 -0.142681 0.144083
8.125795 -0.235751 0.151508 -0.141365 0.149786
8.140101 -0.238895 0.181064 -0.141532 0.119795
8.154407 -0.243331 0.156760 -0.139450 0.141546
8.168713 -0.245421 0.172325 -0.139169 0.126928
8.183019 -0.248624 0.145706 -0.136905 0.148686
8.197325 -0.255006 0.104823 -0.133773 0.187167
8.211631 -0.257978 0.150769 -0.135131 0.153057
8.225937 -0.260007 0.154124 -0.134393 0.150521
8.240243 -0.266586 0.093009 -0.129941 0.204519
8.254549 -0.277613 0.052540 -0.126398 0.248380
8.268855 -0.283248 0.126965 -0.129808 0.190705
8.283161 -0.287059 0.153232 -0.130570 0.172492
8.297467 -0.292035 0.149065 -0.129473 0.182683
8.311773 -0.296018 0.180133 -0.130780 0.165845
8.326079 -0.297678 0.225125 -0.133261 0.135927
8.340385 -0.300284 0.230138 -0.133099 0.140049
8.354691 -0.304413 0.235965 -0.133025 0.146234
8.368997 -0.306699 0.292508 -0.136881 0.112337
8.383303 -0.306414 0.358539 -0.141814 0.070280
8.397609 -0.305502 0.401919 -0.145287 0.047672
8.411915 -0.302786 0.464187 -0.150570 0.010408
8.426221 -0.297427 0.539036 -0.157274 -0.036787
8.440527 -0.289741 0.609430 -0.164009 -0.080442
8.454833 -0.280181 0.669132 -0.170179 -0.117027
8.469139 -0.269285 0.714860 -0.175395 -0.144651
8.483445 -0.257395 0.749056 -0.179770 -0.165420
8.497751 -0.244737 0.773704 -0.183399 -0.180842
8.512057 -0.231488 0.789781 -0.186298 -0.191607
8.526363 -0.217810 0.797756 -0.188444 -0.198003
8.540669 -0.203852 0.798106 -0.189819 -0.200293
8.554975 -0.189740 0.791611 -0.190444 -0.198922
8.569281 -0.175582 0.779253 -0.190368 -0.194442
8.583586 -0.161482 0.761904 -0.189639 -0.187309
8.597892 -0.147538 0.740235 -0.188291 -0.177861
8.612198 -0.133839 0.714894 -0.186364 -0.166462
8.626504 -0.120442 0.686685 -0.183922 -0.153612
8.640810 -0.107366 0.656560 -0.181054 -0.139911
8.655116 -0.094598 0.625469 -0.177861 -0.125926
8.669422 -0.082110 0.594216 -0.174434 -0.112078
8.683728 -0.069872 0.563408 -0.170849 -0.098640
8.698034 -0.057858 0.533495 -0.167169 -0.085780
8.712340 -0.046046 0.504836 -0.163451 -0.073628
8.726646 -0.034416 0.477762 -0.159749 -0.062297
8.740952 -0.022954 0.452476 -0.156107 -0.051837
8.755258 -0.011667 0.428680 -0.152503 -0.042021
8.769564 -0.000593 0.405217 -0.148797 -0.032175
8.783870 0.010189 0.380576 -0.144790 -0.021488
8.798176 0.020627 0.355223 -0.140538 -0.010319
8.812482 0.030805 0.333449 -0.136639 -0.001208
8.826788 0.040902 0.318321 -0.133559 0.004047
8.841094 0.051021 0.307847 -0.131065 0.006673
8.855400 0.061176 0.299772 -0.128865 0.008077
8.869706 0.071353 0.293196 -0.126847 0.008823
8.884012 0.081474 0.286432 -0.124770 0.009997
8.898318 0.091336 0.276614 -0.122201 0.013499
8.912624 0.100684 0.262312 -0.118898 0.020233
8.926930 0.109379 0.245489 -0.115135 0.028721
8.941236 0.117459 0.229510 -0.111424 0.036554
8.955542 0.125029 0.215982 -0.108029 0.042652
8.969848 0.132159 0.204632 -0.104925 0.047291
8.984154 0.138872 0.194896 -0.102038 0.050951
8.998460 0.145142 0.186132 -0.099274 0.054152
9.012766 0.150910 0.177572 -0.096514 0.057437
9.027072 0.156109 0.168621 -0.093659 0.061134
9.041378 0.160694 0.159073 -0.090673 0.065232
9.055684 0.164661 0.149125 -0.087586 0.069454
9.069990 0.168037 0.139077 -0.084449 0.073512
9.084296 0.170864 0.129079 -0.081289 0.077275
9.098602 0.173186 0.119156 -0.078111 0.080719
9.112908 0.175045 0.109314 -0.074919 0.083850
9.127214 0.176483 0.099575 -0.071717 0.086675
9.141520 0.177537 0.089935 -0.068507 0.089216
9.155826 0.178243 0.080354 -0.065283 0.091512
9.170132 0.178631 0.070797 -0.062040 0.093598
9.184438 0.178729 0.061251 -0.058776 0.095500
9.198744 0.178560 0.051715 -0.055492 0.097236
9.213049 0.178146 0.042183 -0.052189 0.098827
9.227355 0.177507 0.032653 -0.048866 0.100288
9.241661 0.176660 0.023128 -0.045525 0.101628
9.255967 0.175620 0.013611 -0.042169 0.102857
9.270273 0.174402 0.004092 -0.038795 0.103991
9.284579 0.173016 -0.005459 -0.035400 0.105051
9.298885 0.171474 -0.015063 -0.031978 0.106051
9.313191 0.169785 -0.024719 -0.028532 0.106999
9.327497 0.167957 -0.034421 -0.025062 0.107898
9.341803 0.165999 -0.044175 -0.021569 0.108755
9.356109 0.163917 -0.053998 -0.018049 0.109582
9.370415 0.161716 -0.063902 -0.014500 0.110386
9.384721 0.159403 -0.073880 -0.010923 0.111168
9.399027 0.156982 -0.083918 -0.007323 0.111924
9.413333 0.154460 -0.093996 -0.003704 0.112650
9.427639 0.151839 -0.104103 -0.000070 0.113343
9.441945 0.149125 -0.114235 0.003578 0.114005
9.456251 0.146322 -0.124389 0.007240 0.114635
9.470557 0.143434 -0.134562 0.010912 0.115233
9.484863 0.140465 -0.144740 0.014592 0.115796
9.499169 0.137417 -0.154914 0.018276 0.116321
9.513475 0.134295 -0.165083 0.021964 0.116811
9.527781 0.131102 -0.175249 0.025655 0.117268
9.542087 0.127841 -0.185417 0.029349 0.117695
9.556393 0.124515 -0.195588 0.033046 0.118094
9.570699 0.121125 -0.205758 0.036744 0.118465
9.585005 0.117676 -0.215928 0.040442 0.118810
9.599311 0.114168 -0.226095 0.044139 0.119129
9.613617 0.110605 -0.236259 0.047835 0.119423
9.627923 0.106988 -0.246417 0.051527 0.119693
9.642229 0.103320 -0.256567 0.055215 0.119938
9.656535 0.099603 -0.266706 0.058897 0.120159
9.670841 0.095837 -0.276832 0.062571 0.120356
9.685147 0.092027 -0.286940 0.066237 0.120528
9.699453 0.088172 -0.297028 0.069891 0.120675
9.713759 0.084274 -0.307093 0.073533 0.120798
9.728065 0.080337 -0.317135 0.077163 0.120897
9.742371 0.076360 -0.327154 0.080778 0.120973
9.756677 0.072346 -0.337152 0.084380 0.121027
9.770983 0.068296 -0.347131 0.087967 0.121061
9.785289 0.064211 -0.357090 0.091539 0.121076
9.799595 0.060092 -0.367031 0.095096 0.121073
9.813901 0.055942 -0.376952 0.098636 0.121051
9.828207 0.051733 -0.393154 0.103841 0.122447
9.842513 0.047475 -0.407411 0.108533 0.123349
9.856818 0.043167 -0.421222 0.113105 0.124138
9.871124 0.038806 -0.435998 0.117936 0.125144
9.885430 0.034392 -0.450311 0.122639 0.126009
9.899736 0.029934 -0.462951 0.126877 0.126465
9.914042 0.025428 -0.476170 0.131262 0.127046
9.928348 0.020865 -0.491678 0.136270 0.128147
9.942654 0.016257 -0.504577 0.140544 0.128595
9.956960 0.011599 -0.518666 0.145135 0.129323
9.971266 0.006905 -0.529949 0.148922 0.129354
9.985572 0.002169 -0.542368 0.153007 0.129655
9.999878 -0.002619 -0.557480 0.157836 0.130558
10.014184 -0.007450 -0.570755 0.162125 0.131013
10.028490 -0.012314 -0.581769 0.165742 0.130911
10.042796 -0.017793 -0.726640 0.207893 0.160726
10.057102 -0.022553 -0.567773 0.162317 0.121703
10.071408 -0.027522 -0.601050 0.172309 0.127418
10.085714 -0.032343 -0.582939 0.167300 0.120451
10.100020 -0.037176 -0.592607 0.170379 0.120176
10.114326 -0.042093 -0.623130 0.179581 0.124444
10.128632 -0.047000 -0.630835 0.182025 0.123510
10.142938 -0.051909 -0.638173 0.184331 0.122618
10.157244 -0.056819 -0.646007 0.186755 0.121825
10.171550 -0.061731 -0.654317 0.189294 0.121142
10.185856 -0.066646 -0.663114 0.191952 0.120572
10.200162 -0.071563 -0.671812 0.194551 0.119980
10.214468 -0.076482 -0.680675 0.197173 0.119431
10.228774 -0.081405 -0.689755 0.199833 0.118935
10.243080 -0.086330 -0.698825 0.202462 0.118438
10.257386 -0.091257 -0.707726 0.205011 0.117906
10.271692 -0.096187 -0.716807 0.207587 0.117419
10.285998 -0.101119 -0.725962 0.210157 0.116951
10.300304 -0.106053 -0.734968 0.212653 0.116450
10.314610 -0.110989 -0.744068 0.215148 0.115975
10.328916 -0.115926 -0.753233 0.217636 0.115517
10.343222 -0.120866 -0.762401 0.220094 0.115062
10.357528 -0.125806 -0.771490 0.222498 0.114591
10.371834 -0.130748 -0.780534 0.224858 0.114113
10.386140 -0.135690 -0.789553 0.227180 0.113632
10.400446 -0.140633 -0.798567 0.229470 0.113152
10.414752 -0.145575 -0.807583 0.231730 0.112675
10.429058 -0.150518 -0.816601 0.233961 0.112201
10.443364 -0.155461 -0.825613 0.236158 0.111729
10.457670 -0.160403 -0.834613 0.238321 0.111257
10.471976 -0.165344 -0.843596 0.240447 0.110784
10.486281 -0.170285 -0.852558 0.242535 0.110309
10.500587 -0.175225 -0.861498 0.244584 0.109831
10.514893 -0.180163 -0.870413 0.246593 0.109351
10.529199 -0.185099 -0.879303 0.248562 0.108867
10.543505 -0.190034 -0.888168 0.250490 0.108381
10.557811 -0.194966 -0.897006 0.252377 0.107891
10.572117 -0.199896 -0.905817 0.254223 0.107399
10.586423 -0.204824 -0.914602 0.256028 0.106903
10.600729 -0.209748 -0.923360 0.257791 0.106405
10.615035 -0.214669 -0.932092 0.259512 0.105904
10.629341 -0.219587 -0.940798 0.261191 0.105400
10.643647 -0.224501 -0.949477 0.262829 0.104894
10.657953 -0.229411 -0.958128 0.264423 0.104385
10.672259 -0.234316 -0.966752 0.265975 0.103874
10.686565 -0.239218 -0.975347 0.267484 0.103359
10.700871 -0.244114 -0.983913 0.268950 0.102841
10.715177 -0.249006 -0.992450 0.270371 0.102321
10.729483 -0.253893 -1.000958 0.271749 0.101798
10.743789 -0.258774 -1.009435 0.273083 0.101272
10.758095 -0.263649 -1.017882 0.274372 0.100742
10.772401 -0.268519 -1.026299 0.275617 0.100210
10.786707 -0.273382 -1.034685 0.276818 0.099676
10.801013 -0.278239 -1.043040 0.277973 0.099138
10.815319 -0.283100 -1.053751 0.279910 0.099144
10.829625 -0.287945 -1.059848 0.280199 0.098083
10.843931 -0.292795 -1.070628 0.282093 0.098125
10.858237 -0.297627 -1.076548 0.282246 0.097028
10.872543 -0.302464 -1.087378 0.284092 0.097090
10.886849 -0.307283 -1.093125 0.284110 0.095961
10.901155 -0.312107 -1.104003 0.285907 0.096043
10.915461 -0.316924 -1.112295 0.286744 0.095504
10.929767 -0.321722 -1.117867 0.286588 0.094362
10.944073 -0.326525 -1.128749 0.288286 0.094456
10.958379 -0.331307 -1.134128 0.287987 0.093261
10.972685 -0.336095 -1.145053 0.289634 0.093377
10.986991 -0.340861 -1.150264 0.289200 0.092152
11.001297 -0.345632 -1.161226 0.290794 0.092286
11.015603 -0.350380 -1.166270 0.290225 0.091031
11.029909 -0.355135 -1.177266 0.291765 0.091185
11.044215 -0.359879 -1.185268 0.292178 0.090618
11.058521 -0.364601 -1.190144 0.291437 0.089357
11.072827 -0.369329 -1.201129 0.292873 0.089520
11.087133 -0.374031 -1.205815 0.291989 0.088205
11.101439 -0.378740 -1.216833 0.293371 0.088390
11.115744 -0.383422 -1.221354 0.292354 0.087047
11.130050 -0.388111 -1.232398 0.293679 0.087250
11.144356 -0.392787 -1.240163 0.293758 0.086662
11.158662 -0.397440 -1.244519 0.292570 0.085317
11.172968 -0.402098 -1.255544 0.293789 0.085528
11.187274 -0.406743 -1.263204 0.293724 0.084932
11.201580 -0.411364 -1.267365 0.292356 0.083557
11.215886 -0.415989 -1.278373 0.293470 0.083782
11.230192 -0.420602 -1.285927 0.293262 0.083178
11.244498 -0.425205 -1.293477 0.293018 0.082600
11.258804 -0.429796 -1.300985 0.292724 0.082015
11.273110 -0.434361 -1.304876 0.291075 0.080600
11.287416 -0.438930 -1.315792 0.291992 0.080833
11.301722 -0.443485 -1.323168 0.291546 0.080215
11.316028 -0.448029 -1.330538 0.291064 0.079625
11.330334 -0.452562 -1.337868 0.290533 0.079027
11.344640 -0.457066 -1.341492 0.288610 0.077580
11.358946 -0.461557 -1.348572 0.287958 0.076959
11.373252 -0.466033 -1.355584 0.287248 0.076310
11.387558 -0.470494 -1.362556 0.286492 0.075664
11.401864 -0.474940 -1.369496 0.285693 0.075018
11.416170 -0.479370 -1.376399 0.284849 0.074371
11.430476 -0.483786 -1.383246 0.283953 0.073719
11.444782 -0.486777 -1.386456 0.284300 0.073645
11.459088 -0.488233 -1.384739 0.284058 0.066708
11.473394 -0.488254 -1.383360 0.283926 0.055247
11.487700 -0.486954 -1.386684 0.285568 0.045865
11.502006 -0.484491 -1.385888 0.285623 0.036228
11.516312 -0.480983 -1.385406 0.285779 0.027231
11.530618 -0.476507 -1.385218 0.286030 0.018687
11.544924 -0.471117 -1.385319 0.286373 0.010534
11.559230 -0.464859 -1.385689 0.286800 0.002744
11.573536 -0.457774 -1.386318 0.287310 -0.004699
11.587842 -0.449905 -1.387205 0.287900 -0.011809
11.602148 -0.441301 -1.383977 0.286898 -0.019645
11.616454 -0.432006 -1.385282 0.287613 -0.026005
11.630760 -0.422051 -1.386809 0.288395 -0.032105
11.645066 -0.411473 -1.388550 0.289242 -0.037929
11.659372 -0.400303 -1.390585 0.290184 -0.043466
11.673678 -0.388563 -1.397532 0.292992 -0.047613
11.687984 -0.376278 -1.400126 0.294114 -0.052743
11.702290 -0.363494 -1.398256 0.293506 -0.058698
11.716596 -0.350249 -1.401310 0.294768 -0.063123
11.730902 -0.336564 -1.404607 0.296106 -0.067332
11.745208 -0.322468 -1.408024 0.297473 -0.071302
11.759513 -0.307986 -1.411570 0.298870 -0.075060
11.773819 -0.293144 -1.415611 0.300440 -0.078531
11.788125 -0.277966 -1.419586 0.301965 -0.081819
11.802431 -0.262476 -1.423783 0.303558 -0.084886
11.816737 -0.246695 -1.428439 0.305308 -0.087673
11.831043 -0.230646 -1.432866 0.306951 -0.090344
11.845349 -0.214350 -1.437640 0.308709 -0.092770
11.859655 -0.197827 -1.442869 0.310622 -0.094904
11.873961 -0.181093 -1.448011 0.312482 -0.096960
11.888267 -0.164171 -1.452579 0.314102 -0.098923
11.902573 -0.147073 -1.459620 0.316650 -0.100199
11.916879 -0.129817 -1.462722 0.317668 -0.102312
11.931185 -0.112421 -1.470875 0.320602 -0.102888
11.945491 -0.094894 -1.475380 0.322116 -0.104531
11.959797 -0.077258 -1.479472 0.323453 -0.105762
11.974103 -0.059514 -1.492120 0.328042 -0.105017
11.988409 -0.041685 -1.484459 0.324841 -0.109280
12.002715 -0.023781 -1.511486 0.334882 -0.103992
12.017021 -0.005800 -1.488233 0.325685 -0.112821
12.031327 0.012219 -1.530676 0.341559 -0.102322
12.045633 0.030311 -1.493315 0.326948 -0.115344
12.059939 0.048409 -1.546915 0.347014 -0.101012
12.074245 0.066565 -1.498788 0.328277 -0.116549
12.088551 0.084713 -1.562359 0.352069 -0.099258
12.102857 0.102886 -1.492179 0.324927 -0.119752
12.117163 0.121158 -1.648145 0.383761 -0.081485
12.131469 0.139389 -1.431356 0.300921 -0.137166
12.145775 0.157536 -1.621421 0.372570 -0.086417
12.160081 0.175806 -1.511751 0.330452 -0.119635
12.174387 0.193928 -1.560805 0.348500 -0.101958
12.188693 0.212162 -1.582929 0.356302 -0.101268
12.202999 0.230378 -1.572465 0.351753 -0.102695
12.217305 0.248543 -1.554875 0.344502 -0.107069
12.231611 0.266721 -1.595467 0.359185 -0.098586
12.245917 0.284975 -1.612152 0.364808 -0.097121
12.260223 0.303224 -1.599432 0.359334 -0.100463
12.274529 0.321401 -1.582585 0.352301 -0.103313
12.288835 0.339488 -1.572300 0.347726 -0.105158
12.303141 0.357572 -1.631556 0.369202 -0.091072
12.317447 0.375688 -1.632496 0.368774 -0.092151
12.331753 0.393746 -1.631670 0.367664 -0.090564
12.346059 0.411723 -1.608596 0.358231 -0.096355
12.360365 0.429674 -1.671966 0.381018 -0.081281
12.374671 0.447575 -1.649756 0.371869 -0.087560
12.388976 0.465221 -1.650430 0.371227 -0.083005
12.403282 0.482472 -1.654283 0.371743 -0.080293
12.417588 0.499190 -1.718345 0.394533 -0.059806
12.431894 0.515329 -1.670901 0.375995 -0.066095
12.446200 0.531227 -1.706031 0.387975 -0.053585
12.460506 0.546897 -1.709141 0.388090 -0.051702
12.474812 0.562408 -1.713965 0.388811 -0.047796
12.489118 0.577631 -1.724809 0.391715 -0.042344
12.503424 0.592543 -1.730251 0.392604 -0.040011
12.517730 0.607173 -1.733582 0.392692 -0.033251
12.532036 0.621466 -1.743173 0.395040 -0.031888
12.546342 0.635763 -1.841337 0.429632 -0.006134
12.560648 0.649643 -1.714022 0.382052 -0.031622
12.574954 0.663282 -1.781537 0.405356 -0.011675
12.589260 0.676806 -1.800440 0.410929 -0.005839
12.603566 0.689981 -1.804416 0.411057 -0.002722
12.617872 0.702963 -1.776635 0.399702 -0.001276
12.632178 0.715509 -1.804964 0.408563 0.004909
12.646484 0.727931 -1.832197 0.416965 0.012718
12.660790 0.740002 -1.860910 0.425832 0.023365
12.675096 0.751622 -1.864880 0.425785 0.025148
12.689402 0.763219 -1.845138 0.417251 0.024510
12.703708 0.773790 -1.795965 0.398258 0.023659
12.718014 0.785090 -1.957396 0.454081 0.054838
12.732320 0.795741 -1.760717 0.382803 0.021839
12.746626 0.806395 -1.858826 0.415967 0.044065
12.760932 0.817448 -2.014780 0.469314 0.073257
12.775238 0.827820 -1.809865 0.395550 0.039449
12.789544 0.838241 -1.902271 0.426342 0.058265
12.803850 0.847847 -1.838996 0.402525 0.055462
12.818156 0.857706 -2.033525 0.468675 0.090512
12.832462 0.867264 -1.957673 0.440437 0.084054
12.846768 0.875733 -1.895855 0.417187 0.079036
12.861074 0.884092 -2.012804 0.455836 0.102504
12.875380 0.891537 -1.903591 0.416272 0.091066
12.889686 0.902478 -1.951437 0.430886 0.070510
12.903992 0.916681 -1.941763 0.425671 0.047692
12.918298 0.931948 -1.865019 0.397537 0.025773
12.932604 0.946834 -1.960282 0.428133 0.049397
12.946910 0.961503 -1.943716 0.420533 0.048164
12.961216 0.975993 -1.946771 0.419589 0.049375
12.975522 0.990018 -1.876909 0.394009 0.045036
12.989828 1.003765 -1.924232 0.407980 0.059701
13.004134 1.017276 -1.989083 0.427704 0.081098
13.018440 1.030600 -1.984542 0.424074 0.083171
13.032745 1.043608 -1.944934 0.408752 0.079451
13.047051 1.056436 -1.996180 0.423658 0.091359
13.061357 1.068970 -1.962546 0.410346 0.091276
13.075663 1.081329 -2.004976 0.422167 0.101237
13.089969 1.093336 -1.958925 0.404802 0.099377
13.104275 1.105239 -2.035758 0.427750 0.115090
13.118581 1.116692 -1.964243 0.402108 0.112507
13.132887 1.128163 -2.123660 0.451666 0.145106
13.147193 1.139232 -2.006784 0.411361 0.131836
13.161499 1.150165 -2.042405 0.420508 0.136085
13.175805 1.160802 -2.030904 0.414406 0.140862
13.190111 1.171144 -2.100338 0.434220 0.166769
13.204417 1.181388 -2.065446 0.420573 0.156002
13.218723 1.191213 -2.075192 0.421172 0.169901
13.233029 1.200911 -2.123422 0.433900 0.180379
13.247335 1.210302 -2.076203 0.416409 0.175503
13.261641 1.219342 -2.109152 0.424177 0.191440
13.275947 1.228249 -2.121711 0.425466 0.194124
13.290253 1.236773 -2.074947 0.408239 0.193092
13.304559 1.245086 -2.110988 0.416777 0.203450
13.318865 1.253143 -2.131854 0.420517 0.215657
13.333171 1.261047 -2.169934 0.429470 0.228634
13.347477 1.268737 -2.151851 0.421119 0.230110
13.361783 1.276193 -2.171139 0.424178 0.240523
13.376089 1.283415 -2.186702 0.426036 0.250520
13.390395 1.290374 -2.160361 0.415181 0.249312
13.404701 1.297038 -2.190367 0.421310 0.262782
13.419007 1.303469 -2.206890 0.423303 0.270951
13.433313 1.309525 -2.153104 0.404299 0.266857
13.447619 1.315313 -2.218749 0.420812 0.286769
13.461925 1.320868 -2.215976 0.416945 0.291607
13.476231 1.326198 -2.269068 0.429459 0.310835
13.490537 1.331352 -2.267282 0.425776 0.315133
13.504843 1.336359 -2.245609 0.416299 0.311326
13.519149 1.341005 -2.200826 0.400184 0.311390
13.533455 1.345577 -2.296295 0.424524 0.334868
13.547761 1.350081 -2.301272 0.422667 0.340999
13.562067 1.354400 -2.284527 0.414591 0.345470
13.576373 1.358744 -2.328295 0.423683 0.354844
13.590679 1.362957 -2.283256 0.407606 0.350520
13.604985 1.366973 -2.272917 0.401367 0.355246
13.619291 1.370997 -2.319449 0.410992 0.365989
13.633597 1.374870 -2.333721 0.411514 0.379535
13.647903 1.378852 -2.370412 0.418153 0.387179
13.662208 1.382697 -2.298000 0.394752 0.378021
13.676514 1.386464 -2.314169 0.395700 0.385516
13.690820 1.390189 -2.358709 0.404270 0.400909
13.705126 1.393991 -2.434402 0.421076 0.423044
13.719432 1.397883 -2.373108 0.400927 0.411095
13.733738 1.401691 -2.373449 0.397366 0.416931
13.748044 1.405474 -2.374899 0.394080 0.419088
13.762350 1.409136 -2.406813 0.398786 0.432956
13.776656 1.412624 -2.333027 0.375727 0.422180
13.790962 1.415884 -2.364461 0.380237 0.436251
13.805268 1.419067 -2.406268 0.387307 0.448606
13.819574 1.422156 -2.418320 0.386585 0.456088
13.833880 1.425115 -2.405728 0.379520 0.458333
13.848186 1.427895 -2.385529 0.370551 0.459672
13.862492 1.430459 -2.387127 0.367117 0.467056
13.876798 1.432906 -2.423082 0.372255 0.479445
13.891104 1.435311 -2.463799 0.378439 0.492219
13.905410 1.437563 -2.432707 0.366747 0.493008
13.919716 1.439607 -2.410816 0.357398 0.495440
13.934022 1.441618 -2.490336 0.372792 0.515234
13.948328 1.443474 -2.457776 0.360805 0.516055
13.962634 1.445094 -2.446987 0.354137 0.520946
13.976940 1.446523 -2.511966 0.365548 0.539069
13.991246 1.447356 -2.451043 0.346927 0.539027
14.005552 1.447348 -2.529200 0.361171 0.564110
14.019858 1.445540 -2.496681 0.349319 0.578788
14.034164 1.442072 -2.555840 0.358783 0.605867
14.048470 1.439580 -2.519307 0.346042 0.596054
14.062776 1.439776 -2.514675 0.340684 0.579489
14.077082 1.440936 -2.564850 0.347726 0.591879
14.091388 1.442289 -2.568182 0.344060 0.596507
14.105694 1.443819 -2.575136 0.341173 0.601327
14.120000 1.445385 -2.522977 0.325182 0.593315
14.134306 1.446818 -2.529779 0.322284 0.600695
14.148612 1.448102 -2.534260 0.318842 0.607897
14.162918 1.449254 -2.539584 0.315550 0.614957
14.177224 1.450270 -2.544755 0.312190 0.621922
14.191530 1.451137 -2.549854 0.308782 0.628846
14.205836 1.451836 -2.554500 0.305244 0.635671
14.220142 1.452355 -2.558526 0.301545 0.642388
14.234448 1.452693 -2.562398 0.297785 0.649015
14.248754 1.452862 -2.565834 0.293906 0.655461
14.263060 1.452876 -2.568890 0.289923 0.661686
14.277366 1.452753 -2.571432 0.285811 0.667630
14.291671 1.452501 -2.573344 0.281550 0.673288
14.305977 1.452121 -2.574560 0.277129 0.678677
14.320283 1.451609 -2.575009 0.272540 0.683802
14.334589 1.450957 -2.574670 0.267782 0.688683
14.348895 1.450156 -2.573612 0.262874 0.693380
14.363201 1.449198 -2.571914 0.257834 0.697960
14.377507 1.448068 -2.569623 0.252676 0.702470
14.391813 1.446751 -2.566887 0.247429 0.706952
14.406119 1.445234 -2.563816 0.242118 0.711448
14.420425 1.443512 -2.560547 0.236769 0.716006
14.434731 1.441587 -2.557237 0.231412 0.720656
14.449037 1.439464 -2.546353 0.224701 0.723593
14.463343 1.437148 -2.542940 0.219340 0.728517
14.477649 1.434667 -2.539251 0.213931 0.733358
14.491955 1.432089 -2.598304 0.219379 0.753199
14.506261 1.429544 -2.575937 0.210658 0.751706
14.520567 1.426979 -2.581236 0.206691 0.757560
14.534873 1.424385 -2.584496 0.202350 0.762881
14.549179 1.421740 -2.582282 0.197080 0.766820
14.563485 1.418994 -2.557746 0.188159 0.765425
14.577791 1.416063 -2.560127 0.183668 0.771299
14.592097 1.412947 -2.555447 0.178030 0.775312
14.606403 1.409631 -2.562346 0.174223 0.782155
14.620709 1.406104 -2.553598 0.167943 0.785060
14.635015 1.402296 -2.543265 0.161442 0.788073
14.649321 1.398147 -2.537752 0.155702 0.792780
14.663627 1.393638 -2.545079 0.151897 0.800803
14.677933 1.388815 -2.539912 0.146205 0.805262
14.692239 1.383754 -2.517444 0.138000 0.804707
14.706545 1.378626 -2.534877 0.135614 0.812271
14.720851 1.373862 -2.516214 0.128027 0.806803
14.735157 1.369854 -2.478528 0.117841 0.793219
14.749463 1.366748 -2.451236 0.109229 0.781762
14.763769 1.364627 -2.415892 0.099621 0.767988
14.778075 1.363579 -2.384751 0.090707 0.754020
14.792381 1.363658 -2.348496 0.081234 0.737147
14.806687 1.364807 -2.304018 0.070826 0.717026
14.820993 1.366087 -2.279441 0.063136 0.706985
14.835299 1.367480 -2.214777 0.050484 0.686752
14.849605 1.369566 -2.173854 0.041028 0.667888
14.863911 1.371465 -2.129609 0.031322 0.653668
14.878217 1.370962 -2.089613 0.022297 0.655368
14.892523 1.367063 -2.075901 0.016527 0.670821
14.906829 1.360302 -2.058574 0.010386 0.682089
14.921135 1.352774 -2.016478 0.001486 0.672757
14.935440 1.346031 -1.958784 -0.008997 0.648104
14.949746 1.338898 -1.923580 -0.016781 0.638835
14.964052 1.328197 -1.931460 -0.019780 0.665302
14.978358 1.312405 -1.954072 -0.021259 0.707602
14.992664 1.296386 -1.931708 -0.027504 0.704350
15.006970 1.281345 -1.909415 -0.033657 0.694988
15.021276 1.263208 -1.939842 -0.034466 0.729227
15.035582 1.241940 -1.958379 -0.036567 0.757512
15.049888 1.216771 -1.983498 -0.038120 0.792764
15.064194 1.187339 -2.007644 -0.039871 0.829942
15.078500 1.155295 -2.015638 -0.043206 0.852652
15.092806 1.123236 -2.002512 -0.048470 0.852513
15.107112 1.092069 -1.979519 -0.054549 0.844021
15.121418 1.062077 -1.951960 -0.060928 0.831986
15.135724 1.034622 -1.911574 -0.068268 0.806236
15.150030 1.010376 -1.867493 -0.075747 0.775002
15.164336 0.986417 -1.859530 -0.080188 0.775575
15.178642 0.958655 -1.902670 -0.080656 0.819061
15.192948 0.929655 -1.898044 -0.084894 0.828399
15.207254 0.899894 -1.885207 -0.089718 0.831225
15.221560 0.868108 -1.899372 -0.092576 0.852610
15.235866 0.840497 -1.814180 -0.102344 0.798552
15.250172 0.818568 -1.735842 -0.111305 0.739324
15.264478 0.794213 -1.760130 -0.113298 0.767453
15.278784 0.765507 -1.797355 -0.114526 0.809884
15.293090 0.737091 -1.774319 -0.119332 0.803363
15.307396 0.706718 -1.775029 -0.122570 0.818353
15.321702 0.675369 -1.767450 -0.126196 0.823432
15.336008 0.650212 -1.647281 -0.135591 0.742959
15.350314 0.628113 -1.607981 -0.140208 0.710717
15.364620 0.606353 -1.586644 -0.143730 0.701775
15.378926 0.583712 -1.545607 -0.147977 0.695618
15.393232 0.554853 -1.627862 -0.146589 0.766289
15.407538 0.528491 -1.560547 -0.151946 0.728409
15.421844 0.511053 -1.403604 -0.160411 0.618424
15.436150 0.494734 -1.402952 -0.162018 0.611737
15.450456 0.477108 -1.381105 -0.164377 0.612850
15.464762 0.459107 -1.379935 -0.165975 0.614148
15.479068 0.449156 -1.270069 -0.171000 0.523144
15.493374 0.444961 -1.162238 -0.175247 0.450763
15.507680 0.439452 -1.184993 -0.175394 0.462503
15.521986 0.436591 -1.110156 -0.178078 0.417714
15.536292 0.436993 -1.031743 -0.180432 0.369540
15.550598 0.427834 -1.142412 -0.178357 0.468465
15.564903 0.405241 -1.283773 -0.176479 0.598304
15.579209 0.377850 -1.296217 -0.177621 0.633423
15.593515 0.352975 -1.265524 -0.179617 0.602192
15.607821 0.328261 -1.281306 -0.180903 0.605456
15.622127 0.308148 -1.155441 -0.183594 0.534700
15.636433 0.304310 -0.927112 -0.186421 0.348762
15.650739 0.312030 -0.805358 -0.187269 0.229223
15.665045 0.315594 -0.836518 -0.186694 0.266229
15.679351 0.301915 -1.053812 -0.186086 0.447462
15.693657 0.279775 -1.085103 -0.186840 0.507320
15.707963 0.256095 -1.080620 -0.187677 0.513389
