0.000000000000000000e+00 0.000000000000000000e+00 0.000000000000000000e+00 1.000000000000000000e+00
1.434517193419996943e-02 7.172339969109765567e-01 1.434467993821953368e-03 1.000000000000000000e+00
2.869034386839993886e-02 1.434320401102428422e+00 2.868640802204856788e-03 1.000000000000000000e+00
4.303551580259990655e-02 2.151111650226523953e+00 4.302223300453047843e-03 1.000000000000000000e+00
5.738068773679987772e-02 2.867460242672567272e+00 5.734920485345134863e-03 1.000000000000000000e+00
7.172585967099984194e-02 3.583218767919944980e+00 7.166437535839890148e-03 1.000000000000000000e+00
8.607103160519981311e-02 4.298239936872323419e+00 8.596479873744648434e-03 1.000000000000000000e+00
1.004162035393997843e-01 5.012376612166865364e+00 1.002475322433373124e-02 1.000000000000000000e+00
1.147613754735997554e-01 5.725481838452216365e+00 1.145096367690443158e-02 1.000000000000000000e+00
1.291065474077997266e-01 6.437408872629039713e+00 1.287481774525808115e-02 1.000000000000000000e+00
1.434517193419996839e-01 7.148011214046881889e+00 1.429602242809376381e-02 1.000000000000000000e+00
1.577968912761996689e-01 7.857142634651127722e+00 1.571428526930225555e-02 1.000000000000000000e+00
1.721420632103996262e-01 8.564657209073882171e+00 1.712931441814776259e-02 1.000000000000000000e+00
1.864872351445996113e-01 9.270409344662544626e+00 1.854081868932509064e-02 1.000000000000000000e+00
2.008324070787995685e-01 9.974253811439941941e+00 1.994850762287988730e-02 1.000000000000000000e+00
2.151775790129995536e-01 1.067604577198980564e+01 2.135209154397961148e-02 1.000000000000000000e+00
2.295227509471995109e-01 1.137564081126147109e+01 2.275128162252294112e-02 1.000000000000000000e+00
2.438679228813994682e-01 1.207289496628768077e+01 2.414578993257536499e-02 1.000000000000000000e+00
2.582130948155994532e-01 1.276766475580935634e+01 2.553532951161871165e-02 1.000000000000000000e+00
2.725582667497994382e-01 1.345980720980118939e+01 2.691961441960237858e-02 1.000000000000000000e+00
2.869034386839993678e-01 1.414917989889212535e+01 2.829835979778425048e-02 1.000000000000000000e+00
3.012486106181993528e-01 1.483564096367451413e+01 2.967128192734903164e-02 1.000000000000000000e+00
3.155937825523993379e-01 1.551904914389600521e+01 3.103809828779201252e-02 1.000000000000000000e+00
3.299389544865993229e-01 1.619926380752814055e+01 3.239852761505628009e-02 1.000000000000000000e+00
3.442841264207992524e-01 1.687614497970566418e+01 3.375228995941133292e-02 1.000000000000000000e+00
3.586292983549992375e-01 1.754955337153065287e+01 3.509910674306130490e-02 1.000000000000000000e+00
3.729744702891992225e-01 1.821935040873538370e+01 3.643870081747076911e-02 1.000000000000000000e+00
3.873196422233991520e-01 1.888539826019824375e+01 3.777079652039649210e-02 1.000000000000000000e+00
4.016648141575991371e-01 1.954755986630668119e+01 3.909511973261337037e-02 1.000000000000000000e+00
4.160099860917991221e-01 2.020569896716137137e+01 4.041139793432274585e-02 1.000000000000000000e+00
4.303551580259991072e-01 2.085968013061584259e+01 4.171936026123168606e-02 1.000000000000000000e+00
4.447003299601990367e-01 2.150936878014577402e+01 4.301873756029155060e-02 1.000000000000000000e+00
4.590455018943990217e-01 2.215463122254219641e+01 4.430926244508439499e-02 1.000000000000000000e+00
4.733906738285990068e-01 2.279533467542294289e+01 4.559066935084588046e-02 1.000000000000000000e+00
4.877358457627989363e-01 2.343134729455665877e+01 4.686269458911332397e-02 1.000000000000000000e+00
5.020810176969989769e-01 2.406253820099378871e+01 4.812507640198757791e-02 1.000000000000000000e+00
5.164261896311989064e-01 2.468877750799886073e+01 4.937755501599772057e-02 1.000000000000000000e+00
5.307713615653988359e-01 2.530993634777867385e+01 5.061987269555734414e-02 1.000000000000000000e+00
5.451165334995988765e-01 2.592588689800075485e+01 5.185177379600151154e-02 1.000000000000000000e+00
5.594617054337988060e-01 2.653650240809666627e+01 5.307300481619332821e-02 1.000000000000000000e+00
5.738068773679987356e-01 2.714165722534483649e+01 5.428331445068967226e-02 1.000000000000000000e+00
5.881520493021987761e-01 2.774122682072741242e+01 5.548245364145482084e-02 1.000000000000000000e+00
6.024972212363987056e-01 2.833508781455588021e+01 5.667017562911175199e-02 1.000000000000000000e+00
6.168423931705986352e-01 2.892311800186019966e+01 5.784623600372040125e-02 1.000000000000000000e+00
6.311875651047986757e-01 2.950519637753622604e+01 5.901039275507245080e-02 1.000000000000000000e+00
6.455327370389986053e-01 3.008120316124612259e+01 6.016240632249224979e-02 1.000000000000000000e+00
6.598779089731986458e-01 3.065101982206688547e+01 6.130203964413377671e-02 1.000000000000000000e+00
6.742230809073985753e-01 3.121452910288163807e+01 6.242905820576327702e-02 1.000000000000000000e+00
6.885682528415985049e-01 3.177161504450887364e+01 6.354323008901774372e-02 1.000000000000000000e+00
7.029134247757985454e-01 3.232216300956456934e+01 6.464432601912914467e-02 1.000000000000000000e+00
7.172585967099984749e-01 3.286605970605233296e+01 6.573211941210466147e-02 1.000000000000000000e+00
7.316037686441984045e-01 3.340319321067666891e+01 6.680638642135335037e-02 1.000000000000000000e+00
7.459489405783984450e-01 3.393345299187461706e+01 6.786690598374923999e-02 1.000000000000000000e+00
7.602941125125983746e-01 3.445672993256093974e+01 6.891345986512188715e-02 1.000000000000000000e+00
7.746392844467983041e-01 3.497291635258235942e+01 6.994583270516471774e-02 1.000000000000000000e+00
7.889844563809983446e-01 3.548190603087594042e+01 7.096381206175188250e-02 1.000000000000000000e+00
8.033296283151982742e-01 3.598359422732736590e+01 7.196718845465471803e-02 1.000000000000000000e+00
8.176748002493982037e-01 3.647787770432438492e+01 7.295575540864876474e-02 1.000000000000000000e+00
8.320199721835982443e-01 3.696465474800108097e+01 7.392930949600216850e-02 1.000000000000000000e+00
8.463651441177981738e-01 3.744382518916864200e+01 7.488765037833729210e-02 1.000000000000000000e+00
8.607103160519982143e-01 3.791529042392813409e+01 7.583058084785626596e-02 1.000000000000000000e+00
8.750554879861981439e-01 3.837895343396132830e+01 7.675790686792266504e-02 1.000000000000000000e+00
8.894006599203980734e-01 3.883471880649513963e+01 7.766943761299027749e-02 1.000000000000000000e+00
9.037458318545981140e-01 3.928249275393572759e+01 7.856498550787145707e-02 1.000000000000000000e+00
9.180910037887980435e-01 3.972218313316811589e+01 7.944436626633623322e-02 1.000000000000000000e+00
9.324361757229979730e-01 4.015369946451748007e+01 8.030739892903496213e-02 1.000000000000000000e+00
9.467813476571980136e-01 4.057695295036805305e+01 8.115390590073612298e-02 1.000000000000000000e+00
9.611265195913979431e-01 4.099185649343599636e+01 8.198371298687198716e-02 1.000000000000000000e+00
9.754716915255978726e-01 4.139832471469222952e+01 8.279664942938445849e-02 1.000000000000000000e+00
9.898168634597979132e-01 4.179627397093184982e+01 8.359254794186370130e-02 1.000000000000000000e+00
1.004162035393997954e+00 4.218562237198622000e+01 8.437124474397243723e-02 1.000000000000000000e+00
1.018507207328197772e+00 4.256628979757434905e+01 8.513257959514870798e-02 1.000000000000000000e+00
1.032852379262397813e+00 4.293819791379014816e+01 8.587639582758030410e-02 1.000000000000000000e+00
1.047197551196597853e+00 4.330127018922193116e+01 8.660254037844387909e-02 1.000000000000000000e+00
1.061542723130797672e+00 4.365543191070111817e+01 8.731086382140224034e-02 1.000000000000000000e+00
1.075887895064997712e+00 4.400061019867677459e+01 8.800122039735355783e-02 1.000000000000000000e+00
1.090233066999197753e+00 4.433673402221273108e+01 8.867346804442546859e-02 1.000000000000000000e+00
1.104578238933397571e+00 4.466373421360440688e+01 8.932746842720881708e-02 1.000000000000000000e+00
1.118923410867597612e+00 4.498154348261216740e+01 8.996308696522432868e-02 1.000000000000000000e+00
1.133268582801797653e+00 4.529009643030831000e+01 9.058019286061662345e-02 1.000000000000000000e+00
1.147613754735997471e+00 4.558932956253490687e+01 9.117865912506982473e-02 1.000000000000000000e+00
1.161958926670197512e+00 4.587918130296968400e+01 9.175836260593936422e-02 1.000000000000000000e+00
1.176304098604397552e+00 4.615959200579715116e+01 9.231918401159429355e-02 1.000000000000000000e+00
1.190649270538597371e+00 4.643050396798259527e+01 9.286100793596518965e-02 1.000000000000000000e+00
1.204994442472797411e+00 4.669186144114626558e+01 9.338372288229251916e-02 1.000000000000000000e+00
1.219339614406997452e+00 4.694361064303520692e+01 9.388722128607041029e-02 1.000000000000000000e+00
1.233684786341197270e+00 4.718569976859067339e+01 9.437139953718134966e-02 1.000000000000000000e+00
1.248029958275397311e+00 4.741807900060857861e+01 9.483615800121716899e-02 1.000000000000000000e+00
1.262375130209597351e+00 4.764070051999089372e+01 9.528140103998178345e-02 1.000000000000000000e+00
1.276720302143797170e+00 4.785351851558584713e+01 9.570703703117171279e-02 1.000000000000000000e+00
1.291065474077997211e+00 4.805648919361504312e+01 9.611297838723009690e-02 1.000000000000000000e+00
1.305410646012197251e+00 4.824957078668529675e+01 9.649914157337058374e-02 1.000000000000000000e+00
1.319755817946397292e+00 4.843272356238355059e+01 9.686544712476710672e-02 1.000000000000000000e+00
1.334100989880597110e+00 4.860590983145307575e+01 9.721181966290615151e-02 1.000000000000000000e+00
1.348446161814797151e+00 4.876909395554914539e+01 9.753818791109827857e-02 1.000000000000000000e+00
1.362791333748997191e+00 4.892224235457268833e+01 9.784448470914536289e-02 1.000000000000000000e+00
1.377136505683197010e+00 4.906532351358047350e+01 9.813064702716095544e-02 1.000000000000000000e+00
1.391481677617397050e+00 4.919830798927023352e+01 9.839661597854047759e-02 1.000000000000000000e+00
1.405826849551597091e+00 4.932116841603953361e+01 9.864233683207905556e-02 1.000000000000000000e+00
1.420172021485796909e+00 4.943387951161702176e+01 9.886775902323403920e-02 1.000000000000000000e+00
1.434517193419996950e+00 4.953641808226512921e+01 9.907283616453026187e-02 1.000000000000000000e+00
1.448862365354196990e+00 4.962876302755280022e+01 9.925752605510561322e-02 1.000000000000000000e+00
1.463207537288396809e+00 4.971089534469758320e+01 9.942179068939517583e-02 1.000000000000000000e+00
1.477552709222596850e+00 4.978279813247603869e+01 9.956559626495209425e-02 1.000000000000000000e+00
1.491897881156796890e+00 4.984445659470165424e+01 9.968891318940331647e-02 1.000000000000000000e+00
1.506243053090996709e+00 4.989585804326961949e+01 9.979171608653923664e-02 1.000000000000000000e+00
1.520588225025196749e+00 4.993699190076777938e+01 9.987398380153555966e-02 1.000000000000000000e+00
1.534933396959396790e+00 4.996784970265334636e+01 9.993569940530667994e-02 1.000000000000000000e+00
1.549278568893596608e+00 4.998842509899455422e+01 9.997685019798910333e-02 1.000000000000000000e+00
1.563623740827796649e+00 4.999871385577754523e+01 9.999742771155509247e-02 1.000000000000000000e+00
1.577968912761996689e+00 4.999871385577754523e+01 9.999742771155509247e-02 1.000000000000000000e+00
1.592314084696196508e+00 4.998842509899455422e+01 9.997685019798910333e-02 1.000000000000000000e+00
1.606659256630396548e+00 4.996784970265334636e+01 9.993569940530667994e-02 1.000000000000000000e+00
1.621004428564596589e+00 4.993699190076777938e+01 9.987398380153555966e-02 1.000000000000000000e+00
1.635349600498796407e+00 4.989585804326961949e+01 9.979171608653923664e-02 1.000000000000000000e+00
1.649694772432996448e+00 4.984445659470165424e+01 9.968891318940331647e-02 1.000000000000000000e+00
1.664039944367196489e+00 4.978279813247603869e+01 9.956559626495209425e-02 1.000000000000000000e+00
1.678385116301396529e+00 4.971089534469758320e+01 9.942179068939517583e-02 1.000000000000000000e+00
1.692730288235596348e+00 4.962876302755280022e+01 9.925752605510561322e-02 1.000000000000000000e+00
1.707075460169796388e+00 4.953641808226512921e+01 9.907283616453026187e-02 1.000000000000000000e+00
1.721420632103996429e+00 4.943387951161702176e+01 9.886775902323403920e-02 1.000000000000000000e+00
1.735765804038196247e+00 4.932116841603953361e+01 9.864233683207905556e-02 1.000000000000000000e+00
1.750110975972396288e+00 4.919830798927023352e+01 9.839661597854047759e-02 1.000000000000000000e+00
1.764456147906596328e+00 4.906532351358047350e+01 9.813064702716095544e-02 1.000000000000000000e+00
1.778801319840796147e+00 4.892224235457268833e+01 9.784448470914536289e-02 1.000000000000000000e+00
1.793146491774996187e+00 4.876909395554914539e+01 9.753818791109827857e-02 1.000000000000000000e+00
1.807491663709196228e+00 4.860590983145307575e+01 9.721181966290615151e-02 1.000000000000000000e+00
1.821836835643396046e+00 4.843272356238355059e+01 9.686544712476710672e-02 1.000000000000000000e+00
1.836182007577596087e+00 4.824957078668529675e+01 9.649914157337058374e-02 1.000000000000000000e+00
1.850527179511796128e+00 4.805648919361504312e+01 9.611297838723009690e-02 1.000000000000000000e+00
1.864872351445995946e+00 4.785351851558584713e+01 9.570703703117171279e-02 1.000000000000000000e+00
1.879217523380195987e+00 4.764070051999089372e+01 9.528140103998178345e-02 1.000000000000000000e+00
1.893562695314396027e+00 4.741807900060857861e+01 9.483615800121716899e-02 1.000000000000000000e+00
1.907907867248595846e+00 4.718569976859067339e+01 9.437139953718134966e-02 1.000000000000000000e+00
1.922253039182795886e+00 4.694361064303520692e+01 9.388722128607041029e-02 1.000000000000000000e+00
1.936598211116995927e+00 4.669186144114626558e+01 9.338372288229251916e-02 1.000000000000000000e+00
1.950943383051195745e+00 4.643050396798259527e+01 9.286100793596520353e-02 1.000000000000000000e+00
1.965288554985395786e+00 4.615959200579715116e+01 9.231918401159429355e-02 1.000000000000000000e+00
1.979633726919595826e+00 4.587918130296968400e+01 9.175836260593936422e-02 1.000000000000000000e+00
1.993978898853795645e+00 4.558932956253490687e+01 9.117865912506983861e-02 1.000000000000000000e+00
2.008324070787995907e+00 4.529009643030830290e+01 9.058019286061660957e-02 1.000000000000000000e+00
2.022669242722195726e+00 4.498154348261216740e+01 8.996308696522432868e-02 1.000000000000000000e+00
2.037014414656395545e+00 4.466373421360441398e+01 8.932746842720883096e-02 1.000000000000000000e+00
2.051359586590595807e+00 4.433673402221273108e+01 8.867346804442545471e-02 1.000000000000000000e+00
2.065704758524795626e+00 4.400061019867677459e+01 8.800122039735355783e-02 1.000000000000000000e+00
2.080049930458995444e+00 4.365543191070113238e+01 8.731086382140225421e-02 1.000000000000000000e+00
2.094395102393195707e+00 4.330127018922192406e+01 8.660254037844385133e-02 1.000000000000000000e+00
2.108740274327395525e+00 4.293819791379014816e+01 8.587639582758030410e-02 1.000000000000000000e+00
2.123085446261595344e+00 4.256628979757435616e+01 8.513257959514872186e-02 1.000000000000000000e+00
2.137430618195795606e+00 4.218562237198620579e+01 8.437124474397242335e-02 1.000000000000000000e+00
2.151775790129995425e+00 4.179627397093184982e+01 8.359254794186370130e-02 1.000000000000000000e+00
2.166120962064195243e+00 4.139832471469222952e+01 8.279664942938447236e-02 1.000000000000000000e+00
2.180466133998395506e+00 4.099185649343598215e+01 8.198371298687197328e-02 1.000000000000000000e+00
2.194811305932595324e+00 4.057695295036805305e+01 8.115390590073612298e-02 1.000000000000000000e+00
2.209156477866795143e+00 4.015369946451748007e+01 8.030739892903496213e-02 1.000000000000000000e+00
2.223501649800995406e+00 3.972218313316810878e+01 7.944436626633621934e-02 1.000000000000000000e+00
2.237846821735195224e+00 3.928249275393572759e+01 7.856498550787144319e-02 1.000000000000000000e+00
2.252191993669395043e+00 3.883471880649513963e+01 7.766943761299027749e-02 1.000000000000000000e+00
2.266537165603595305e+00 3.837895343396131409e+01 7.675790686792263728e-02 1.000000000000000000e+00
2.280882337537795124e+00 3.791529042392813409e+01 7.583058084785626596e-02 1.000000000000000000e+00
2.295227509471994942e+00 3.744382518916864200e+01 7.488765037833729210e-02 1.000000000000000000e+00
2.309572681406195205e+00 3.696465474800108097e+01 7.392930949600216850e-02 1.000000000000000000e+00
2.323917853340395023e+00 3.647787770432438492e+01 7.295575540864876474e-02 1.000000000000000000e+00
2.338263025274594842e+00 3.598359422732736590e+01 7.196718845465473191e-02 1.000000000000000000e+00
2.352608197208795104e+00 3.548190603087592621e+01 7.096381206175185474e-02 1.000000000000000000e+00
2.366953369142994923e+00 3.497291635258235942e+01 6.994583270516471774e-02 1.000000000000000000e+00
2.381298541077194741e+00 3.445672993256094685e+01 6.891345986512190103e-02 1.000000000000000000e+00
2.395643713011395004e+00 3.393345299187460995e+01 6.786690598374921224e-02 1.000000000000000000e+00
2.409988884945594823e+00 3.340319321067666891e+01 6.680638642135335037e-02 1.000000000000000000e+00
2.424334056879794641e+00 3.286605970605234006e+01 6.573211941210467535e-02 1.000000000000000000e+00
2.438679228813994904e+00 3.232216300956456223e+01 6.464432601912911691e-02 1.000000000000000000e+00
2.453024400748194722e+00 3.177161504450887364e+01 6.354323008901774372e-02 1.000000000000000000e+00
2.467369572682394541e+00 3.121452910288164517e+01 6.242905820576329090e-02 1.000000000000000000e+00
2.481714744616594803e+00 3.065101982206688191e+01 6.130203964413375589e-02 1.000000000000000000e+00
2.496059916550794622e+00 3.008120316124612259e+01 6.016240632249224979e-02 1.000000000000000000e+00
2.510405088484994440e+00 2.950519637753623314e+01 5.901039275507246468e-02 1.000000000000000000e+00
2.524750260419194703e+00 2.892311800186019966e+01 5.784623600372040125e-02 1.000000000000000000e+00
2.539095432353394521e+00 2.833508781455588021e+01 5.667017562911175199e-02 1.000000000000000000e+00
2.553440604287594340e+00 2.774122682072741242e+01 5.548245364145483471e-02 1.000000000000000000e+00
2.567785776221794602e+00 2.714165722534482583e+01 5.428331445068965838e-02 1.000000000000000000e+00
2.582130948155994421e+00 2.653650240809666627e+01 5.307300481619332821e-02 1.000000000000000000e+00
2.596476120090194684e+00 2.592588689800074064e+01 5.185177379600147685e-02 1.000000000000000000e+00
2.610821292024394502e+00 2.530993634777867385e+01 5.061987269555734414e-02 1.000000000000000000e+00
2.625166463958594321e+00 2.468877750799886073e+01 4.937755501599772057e-02 1.000000000000000000e+00
2.639511635892794583e+00 2.406253820099377450e+01 4.812507640198755016e-02 1.000000000000000000e+00
2.653856807826994402e+00 2.343134729455665521e+01 4.686269458911331010e-02 1.000000000000000000e+00
2.668201979761194220e+00 2.279533467542294289e+01 4.559066935084588046e-02 1.000000000000000000e+00
2.682547151695394483e+00 2.215463122254218220e+01 4.430926244508436723e-02 1.000000000000000000e+00
2.696892323629594301e+00 2.150936878014577047e+01 4.301873756029153673e-02 1.000000000000000000e+00
2.711237495563794120e+00 2.085968013061584259e+01 4.171936026123168606e-02 1.000000000000000000e+00
2.725582667497994382e+00 2.020569896716136071e+01 4.041139793432271810e-02 1.000000000000000000e+00
2.739927839432194201e+00 1.954755986630667408e+01 3.909511973261335649e-02 1.000000000000000000e+00
2.754273011366394019e+00 1.888539826019824730e+01 3.777079652039649904e-02 1.000000000000000000e+00
2.768618183300594282e+00 1.821935040873536948e+01 3.643870081747074136e-02 1.000000000000000000e+00
2.782963355234794101e+00 1.754955337153064576e+01 3.509910674306129102e-02 1.000000000000000000e+00
2.797308527168993919e+00 1.687614497970566774e+01 3.375228995941133986e-02 1.000000000000000000e+00
2.811653699103194182e+00 1.619926380752812278e+01 3.239852761505625234e-02 1.000000000000000000e+00
2.825998871037394000e+00 1.551904914389599988e+01 3.103809828779199864e-02 1.000000000000000000e+00
2.840344042971593819e+00 1.483564096367451945e+01 2.967128192734903858e-02 1.000000000000000000e+00
2.854689214905794081e+00 1.414917989889211469e+01 2.829835979778422966e-02 1.000000000000000000e+00
2.869034386839993900e+00 1.345980720980118406e+01 2.691961441960236817e-02 1.000000000000000000e+00
2.883379558774193718e+00 1.276766475580935811e+01 2.553532951161871511e-02 1.000000000000000000e+00
2.897724730708393981e+00 1.207289496628767189e+01 2.414578993257534764e-02 1.000000000000000000e+00
2.912069902642593799e+00 1.137564081126146576e+01 2.275128162252293418e-02 1.000000000000000000e+00
2.926415074576793618e+00 1.067604577198980742e+01 2.135209154397961495e-02 1.000000000000000000e+00
2.940760246510993881e+00 9.974253811439931283e+00 1.994850762287986301e-02 1.000000000000000000e+00
2.955105418445193699e+00 9.270409344662541073e+00 1.854081868932508370e-02 1.000000000000000000e+00
2.969450590379393518e+00 8.564657209073883948e+00 1.712931441814776953e-02 1.000000000000000000e+00
2.983795762313593780e+00 7.857142634651116175e+00 1.571428526930223474e-02 1.000000000000000000e+00
2.998140934247793599e+00 7.148011214046878337e+00 1.429602242809375860e-02 1.000000000000000000e+00
3.012486106181993417e+00 6.437408872629044154e+00 1.287481774525808809e-02 1.000000000000000000e+00
3.026831278116193680e+00 5.725481838452205707e+00 1.145096367690441250e-02 1.000000000000000000e+00
3.041176450050393498e+00 5.012376612166863588e+00 1.002475322433372777e-02 1.000000000000000000e+00
3.055521621984593317e+00 4.298239936872328748e+00 8.596479873744658842e-03 1.000000000000000000e+00
3.069866793918793579e+00 3.583218767919936099e+00 7.166437535839871933e-03 1.000000000000000000e+00
3.084211965852993398e+00 2.867460242672565496e+00 5.734920485345131394e-03 1.000000000000000000e+00
3.098557137787193216e+00 2.151111650226529726e+00 4.302223300453059118e-03 1.000000000000000000e+00
3.112902309721393479e+00 1.434320401102419318e+00 2.868640802204839007e-03 1.000000000000000000e+00
3.127247481655593297e+00 7.172339969109751134e-01 1.434467993821950550e-03 1.000000000000000000e+00
3.141592653589793116e+00 6.123233995736765296e-15 1.224646799147353269e-17 1.000000000000000000e+00
3.155937825523993379e+00 -7.172339969109852165e-01 -1.434467993821970282e-03 1.000000000000000000e+00
3.170282997458193197e+00 -1.434320401102429532e+00 -2.868640802204858956e-03 1.000000000000000000e+00
3.184628169392393016e+00 -2.151111650226516847e+00 -4.302223300453033965e-03 1.000000000000000000e+00
3.198973341326593278e+00 -2.867460242672575266e+00 -5.734920485345150476e-03 1.000000000000000000e+00
3.213318513260793097e+00 -3.583218767919945424e+00 -7.166437535839891015e-03 1.000000000000000000e+00
3.227663685194992915e+00 -4.298239936872317202e+00 -8.596479873744634556e-03 1.000000000000000000e+00
3.242008857129193178e+00 -5.012376612166873358e+00 -1.002475322433374685e-02 1.000000000000000000e+00
3.256354029063392996e+00 -5.725481838452216365e+00 -1.145096367690443158e-02 1.000000000000000000e+00
3.270699200997592815e+00 -6.437408872629032608e+00 -1.287481774525806727e-02 1.000000000000000000e+00
3.285044372931793077e+00 -7.148011214046889883e+00 -1.429602242809378115e-02 1.000000000000000000e+00
3.299389544865992896e+00 -7.857142634651127722e+00 -1.571428526930225555e-02 1.000000000000000000e+00
3.313734716800193159e+00 -8.564657209073894606e+00 -1.712931441814779035e-02 1.000000000000000000e+00
3.328079888734392977e+00 -9.270409344662551732e+00 -1.854081868932510452e-02 1.000000000000000000e+00
3.342425060668592796e+00 -9.974253811439941941e+00 -1.994850762287988730e-02 1.000000000000000000e+00
3.356770232602793058e+00 -1.067604577198981808e+01 -2.135209154397963924e-02 1.000000000000000000e+00
3.371115404536992877e+00 -1.137564081126147819e+01 -2.275128162252295499e-02 1.000000000000000000e+00
3.385460576471192695e+00 -1.207289496628768077e+01 -2.414578993257536499e-02 1.000000000000000000e+00
3.399805748405392958e+00 -1.276766475580936877e+01 -2.553532951161873940e-02 1.000000000000000000e+00
3.414150920339592776e+00 -1.345980720980119472e+01 -2.691961441960238899e-02 1.000000000000000000e+00
3.428496092273792595e+00 -1.414917989889212535e+01 -2.829835979778425048e-02 1.000000000000000000e+00
3.442841264207992857e+00 -1.483564096367452834e+01 -2.967128192734905939e-02 1.000000000000000000e+00
3.457186436142192676e+00 -1.551904914389600876e+01 -3.103809828779202293e-02 1.000000000000000000e+00
3.471531608076392494e+00 -1.619926380752813699e+01 -3.239852761505627315e-02 1.000000000000000000e+00
3.485876780010592757e+00 -1.687614497970567840e+01 -3.375228995941136068e-02 1.000000000000000000e+00
3.500221951944792576e+00 -1.754955337153065997e+01 -3.509910674306131878e-02 1.000000000000000000e+00
3.514567123878992394e+00 -1.821935040873538014e+01 -3.643870081747076217e-02 1.000000000000000000e+00
3.528912295813192657e+00 -1.888539826019825441e+01 -3.777079652039651292e-02 1.000000000000000000e+00
3.543257467747392475e+00 -1.954755986630668829e+01 -3.909511973261337037e-02 1.000000000000000000e+00
3.557602639681592294e+00 -2.020569896716136782e+01 -4.041139793432273891e-02 1.000000000000000000e+00
3.571947811615792556e+00 -2.085968013061585680e+01 -4.171936026123171382e-02 1.000000000000000000e+00
3.586292983549992375e+00 -2.150936878014577402e+01 -4.301873756029155754e-02 1.000000000000000000e+00
3.600638155484192193e+00 -2.215463122254219286e+01 -4.430926244508438805e-02 1.000000000000000000e+00
3.614983327418392456e+00 -2.279533467542295000e+01 -4.559066935084590128e-02 1.000000000000000000e+00
3.629328499352592274e+00 -2.343134729455666587e+01 -4.686269458911332397e-02 1.000000000000000000e+00
3.643673671286792093e+00 -2.406253820099378515e+01 -4.812507640198757097e-02 1.000000000000000000e+00
3.658018843220992355e+00 -2.468877750799886783e+01 -4.937755501599774832e-02 1.000000000000000000e+00
3.672364015155192174e+00 -2.530993634777867740e+01 -5.061987269555735802e-02 1.000000000000000000e+00
3.686709187089391992e+00 -2.592588689800075130e+01 -5.185177379600150460e-02 1.000000000000000000e+00
3.701054359023592255e+00 -2.653650240809667338e+01 -5.307300481619334903e-02 1.000000000000000000e+00
3.715399530957792074e+00 -2.714165722534484004e+01 -5.428331445068967920e-02 1.000000000000000000e+00
3.729744702891991892e+00 -2.774122682072740531e+01 -5.548245364145481390e-02 1.000000000000000000e+00
3.744089874826192155e+00 -2.833508781455588732e+01 -5.667017562911177975e-02 1.000000000000000000e+00
3.758435046760391973e+00 -2.892311800186020676e+01 -5.784623600372040819e-02 1.000000000000000000e+00
3.772780218694591792e+00 -2.950519637753621893e+01 -5.901039275507244386e-02 1.000000000000000000e+00
3.787125390628792054e+00 -3.008120316124613325e+01 -6.016240632249225673e-02 1.000000000000000000e+00
3.801470562562991873e+00 -3.065101982206688547e+01 -6.130203964413377671e-02 1.000000000000000000e+00
3.815815734497191691e+00 -3.121452910288163451e+01 -6.242905820576327008e-02 1.000000000000000000e+00
3.830160906431391954e+00 -3.177161504450887719e+01 -6.354323008901775760e-02 1.000000000000000000e+00
3.844506078365591772e+00 -3.232216300956456934e+01 -6.464432601912914467e-02 1.000000000000000000e+00
3.858851250299791591e+00 -3.286605970605233296e+01 -6.573211941210466147e-02 1.000000000000000000e+00
3.873196422233991854e+00 -3.340319321067668312e+01 -6.680638642135336425e-02 1.000000000000000000e+00
3.887541594168191672e+00 -3.393345299187461706e+01 -6.786690598374923999e-02 1.000000000000000000e+00
3.901886766102391491e+00 -3.445672993256093974e+01 -6.891345986512188715e-02 1.000000000000000000e+00
3.916231938036591753e+00 -3.497291635258236653e+01 -6.994583270516473161e-02 1.000000000000000000e+00
3.930577109970791572e+00 -3.548190603087594042e+01 -7.096381206175188250e-02 1.000000000000000000e+00
3.944922281904991390e+00 -3.598359422732736590e+01 -7.196718845465471803e-02 1.000000000000000000e+00
3.959267453839191653e+00 -3.647787770432438492e+01 -7.295575540864877861e-02 1.000000000000000000e+00
3.973612625773391471e+00 -3.696465474800108097e+01 -7.392930949600216850e-02 1.000000000000000000e+00
3.987957797707591290e+00 -3.744382518916864200e+01 -7.488765037833727822e-02 1.000000000000000000e+00
4.002302969641791108e+00 -3.791529042392811988e+01 -7.583058084785625208e-02 1.000000000000000000e+00
4.016648141575991815e+00 -3.837895343396133541e+01 -7.675790686792267892e-02 1.000000000000000000e+00
4.030993313510191633e+00 -3.883471880649515384e+01 -7.766943761299030524e-02 1.000000000000000000e+00
4.045338485444391452e+00 -3.928249275393572759e+01 -7.856498550787145707e-02 1.000000000000000000e+00
4.059683657378591271e+00 -3.972218313316811589e+01 -7.944436626633623322e-02 1.000000000000000000e+00
4.074028829312791089e+00 -4.015369946451747296e+01 -8.030739892903494825e-02 1.000000000000000000e+00
4.088374001246990908e+00 -4.057695295036803884e+01 -8.115390590073609522e-02 1.000000000000000000e+00
4.102719173181191614e+00 -4.099185649343601057e+01 -8.198371298687201492e-02 1.000000000000000000e+00
4.117064345115391433e+00 -4.139832471469223663e+01 -8.279664942938447236e-02 1.000000000000000000e+00
4.131409517049591251e+00 -4.179627397093184982e+01 -8.359254794186371518e-02 1.000000000000000000e+00
4.145754688983791070e+00 -4.218562237198620579e+01 -8.437124474397242335e-02 1.000000000000000000e+00
4.160099860917990888e+00 -4.256628979757434905e+01 -8.513257959514869411e-02 1.000000000000000000e+00
4.174445032852190707e+00 -4.293819791379014106e+01 -8.587639582758027634e-02 1.000000000000000000e+00
4.188790204786391413e+00 -4.330127018922193116e+01 -8.660254037844387909e-02 1.000000000000000000e+00
4.203135376720591232e+00 -4.365543191070113238e+01 -8.731086382140225421e-02 1.000000000000000000e+00
4.217480548654791050e+00 -4.400061019867677459e+01 -8.800122039735355783e-02 1.000000000000000000e+00
4.231825720588990869e+00 -4.433673402221273108e+01 -8.867346804442545471e-02 1.000000000000000000e+00
4.246170892523190687e+00 -4.466373421360440688e+01 -8.932746842720880320e-02 1.000000000000000000e+00
4.260516064457390506e+00 -4.498154348261215318e+01 -8.996308696522431481e-02 1.000000000000000000e+00
4.274861236391591213e+00 -4.529009643030831000e+01 -9.058019286061663733e-02 1.000000000000000000e+00
4.289206408325791031e+00 -4.558932956253490687e+01 -9.117865912506983861e-02 1.000000000000000000e+00
4.303551580259990850e+00 -4.587918130296968400e+01 -9.175836260593936422e-02 1.000000000000000000e+00
4.317896752194190668e+00 -4.615959200579714405e+01 -9.231918401159427967e-02 1.000000000000000000e+00
4.332241924128390487e+00 -4.643050396798258816e+01 -9.286100793596518965e-02 1.000000000000000000e+00
4.346587096062590305e+00 -4.669186144114624426e+01 -9.338372288229250529e-02 1.000000000000000000e+00
4.360932267996791012e+00 -4.694361064303520692e+01 -9.388722128607041029e-02 1.000000000000000000e+00
4.375277439930990830e+00 -4.718569976859067339e+01 -9.437139953718134966e-02 1.000000000000000000e+00
4.389622611865190649e+00 -4.741807900060857861e+01 -9.483615800121716899e-02 1.000000000000000000e+00
4.403967783799390467e+00 -4.764070051999088662e+01 -9.528140103998178345e-02 1.000000000000000000e+00
4.418312955733590286e+00 -4.785351851558584002e+01 -9.570703703117169892e-02 1.000000000000000000e+00
4.432658127667790993e+00 -4.805648919361505023e+01 -9.611297838723009690e-02 1.000000000000000000e+00
4.447003299601990811e+00 -4.824957078668529675e+01 -9.649914157337059761e-02 1.000000000000000000e+00
4.461348471536190630e+00 -4.843272356238355059e+01 -9.686544712476710672e-02 1.000000000000000000e+00
4.475693643470390448e+00 -4.860590983145307575e+01 -9.721181966290615151e-02 1.000000000000000000e+00
4.490038815404590267e+00 -4.876909395554913118e+01 -9.753818791109826469e-02 1.000000000000000000e+00
4.504383987338790085e+00 -4.892224235457267412e+01 -9.784448470914536289e-02 1.000000000000000000e+00
4.518729159272990792e+00 -4.906532351358047350e+01 -9.813064702716095544e-02 1.000000000000000000e+00
4.533074331207190610e+00 -4.919830798927023352e+01 -9.839661597854047759e-02 1.000000000000000000e+00
4.547419503141390429e+00 -4.932116841603953361e+01 -9.864233683207905556e-02 1.000000000000000000e+00
4.561764675075590247e+00 -4.943387951161702176e+01 -9.886775902323403920e-02 1.000000000000000000e+00
4.576109847009790066e+00 -4.953641808226512211e+01 -9.907283616453024799e-02 1.000000000000000000e+00
4.590455018943989884e+00 -4.962876302755280022e+01 -9.925752605510559934e-02 1.000000000000000000e+00
4.604800190878190591e+00 -4.971089534469758320e+01 -9.942179068939517583e-02 1.000000000000000000e+00
4.619145362812390410e+00 -4.978279813247603869e+01 -9.956559626495209425e-02 1.000000000000000000e+00
4.633490534746590228e+00 -4.984445659470165424e+01 -9.968891318940331647e-02 1.000000000000000000e+00
4.647835706680790047e+00 -4.989585804326961949e+01 -9.979171608653923664e-02 1.000000000000000000e+00
4.662180878614989865e+00 -4.993699190076777938e+01 -9.987398380153555966e-02 1.000000000000000000e+00
4.676526050549189684e+00 -4.996784970265333214e+01 -9.993569940530666607e-02 1.000000000000000000e+00
4.690871222483390390e+00 -4.998842509899455422e+01 -9.997685019798911721e-02 1.000000000000000000e+00
4.705216394417590209e+00 -4.999871385577754523e+01 -9.999742771155510634e-02 1.000000000000000000e+00
4.719561566351790027e+00 -4.999871385577754523e+01 -9.999742771155510634e-02 1.000000000000000000e+00
4.733906738285989846e+00 -4.998842509899455422e+01 -9.997685019798910333e-02 1.000000000000000000e+00
4.748251910220189664e+00 -4.996784970265334636e+01 -9.993569940530667994e-02 1.000000000000000000e+00
4.762597082154389483e+00 -4.993699190076779360e+01 -9.987398380153558741e-02 1.000000000000000000e+00
4.776942254088590190e+00 -4.989585804326961238e+01 -9.979171608653922276e-02 1.000000000000000000e+00
4.791287426022790008e+00 -4.984445659470165424e+01 -9.968891318940330259e-02 1.000000000000000000e+00
4.805632597956989827e+00 -4.978279813247603869e+01 -9.956559626495209425e-02 1.000000000000000000e+00
4.819977769891189645e+00 -4.971089534469758320e+01 -9.942179068939517583e-02 1.000000000000000000e+00
4.834322941825389464e+00 -4.962876302755280022e+01 -9.925752605510561322e-02 1.000000000000000000e+00
4.848668113759589282e+00 -4.953641808226512921e+01 -9.907283616453026187e-02 1.000000000000000000e+00
4.863013285693789989e+00 -4.943387951161701466e+01 -9.886775902323402532e-02 1.000000000000000000e+00
4.877358457627989807e+00 -4.932116841603953361e+01 -9.864233683207905556e-02 1.000000000000000000e+00
4.891703629562189626e+00 -4.919830798927023352e+01 -9.839661597854047759e-02 1.000000000000000000e+00
4.906048801496389444e+00 -4.906532351358047350e+01 -9.813064702716095544e-02 1.000000000000000000e+00
4.920393973430589263e+00 -4.892224235457268833e+01 -9.784448470914536289e-02 1.000000000000000000e+00
4.934739145364789081e+00 -4.876909395554914539e+01 -9.753818791109827857e-02 1.000000000000000000e+00
4.949084317298989788e+00 -4.860590983145306865e+01 -9.721181966290613763e-02 1.000000000000000000e+00
4.963429489233189607e+00 -4.843272356238355059e+01 -9.686544712476709285e-02 1.000000000000000000e+00
4.977774661167389425e+00 -4.824957078668529675e+01 -9.649914157337058374e-02 1.000000000000000000e+00
4.992119833101589244e+00 -4.805648919361504312e+01 -9.611297838723009690e-02 1.000000000000000000e+00
5.006465005035789062e+00 -4.785351851558584713e+01 -9.570703703117171279e-02 1.000000000000000000e+00
5.020810176969988881e+00 -4.764070051999089372e+01 -9.528140103998178345e-02 1.000000000000000000e+00
5.035155348904189587e+00 -4.741807900060857150e+01 -9.483615800121715511e-02 1.000000000000000000e+00
5.049500520838389406e+00 -4.718569976859067339e+01 -9.437139953718133578e-02 1.000000000000000000e+00
5.063845692772589224e+00 -4.694361064303519271e+01 -9.388722128607039641e-02 1.000000000000000000e+00
5.078190864706789043e+00 -4.669186144114626558e+01 -9.338372288229251916e-02 1.000000000000000000e+00
5.092536036640988861e+00 -4.643050396798259527e+01 -9.286100793596520353e-02 1.000000000000000000e+00
5.106881208575188680e+00 -4.615959200579715116e+01 -9.231918401159430743e-02 1.000000000000000000e+00
5.121226380509389386e+00 -4.587918130296966979e+01 -9.175836260593935034e-02 1.000000000000000000e+00
5.135571552443589205e+00 -4.558932956253490687e+01 -9.117865912506981085e-02 1.000000000000000000e+00
5.149916724377789023e+00 -4.529009643030830290e+01 -9.058019286061660957e-02 1.000000000000000000e+00
5.164261896311988842e+00 -4.498154348261216740e+01 -8.996308696522432868e-02 1.000000000000000000e+00
5.178607068246188661e+00 -4.466373421360441398e+01 -8.932746842720883096e-02 1.000000000000000000e+00
5.192952240180389367e+00 -4.433673402221271687e+01 -8.867346804442544084e-02 1.000000000000000000e+00
5.207297412114589186e+00 -4.400061019867676748e+01 -8.800122039735353008e-02 1.000000000000000000e+00
5.221642584048789004e+00 -4.365543191070111106e+01 -8.731086382140224034e-02 1.000000000000000000e+00
5.235987755982988823e+00 -4.330127018922192406e+01 -8.660254037844385133e-02 1.000000000000000000e+00
5.250332927917188641e+00 -4.293819791379014816e+01 -8.587639582758030410e-02 1.000000000000000000e+00
5.264678099851388460e+00 -4.256628979757435616e+01 -8.513257959514872186e-02 1.000000000000000000e+00
5.279023271785589166e+00 -4.218562237198619869e+01 -8.437124474397239560e-02 1.000000000000000000e+00
5.293368443719788985e+00 -4.179627397093184271e+01 -8.359254794186367354e-02 1.000000000000000000e+00
5.307713615653988803e+00 -4.139832471469222952e+01 -8.279664942938444461e-02 1.000000000000000000e+00
5.322058787588188622e+00 -4.099185649343599636e+01 -8.198371298687198716e-02 1.000000000000000000e+00
5.336403959522388440e+00 -4.057695295036805305e+01 -8.115390590073612298e-02 1.000000000000000000e+00
5.350749131456588259e+00 -4.015369946451748007e+01 -8.030739892903497601e-02 1.000000000000000000e+00
5.365094303390788966e+00 -3.972218313316809457e+01 -7.944436626633620546e-02 1.000000000000000000e+00
5.379439475324988784e+00 -3.928249275393571338e+01 -7.856498550787142932e-02 1.000000000000000000e+00
5.393784647259188603e+00 -3.883471880649513253e+01 -7.766943761299027749e-02 1.000000000000000000e+00
5.408129819193388421e+00 -3.837895343396132120e+01 -7.675790686792265116e-02 1.000000000000000000e+00
5.422474991127588240e+00 -3.791529042392813409e+01 -7.583058084785626596e-02 1.000000000000000000e+00
5.436820163061788058e+00 -3.744382518916864910e+01 -7.488765037833730598e-02 1.000000000000000000e+00
5.451165334995988765e+00 -3.696465474800107387e+01 -7.392930949600214074e-02 1.000000000000000000e+00
5.465510506930188583e+00 -3.647787770432437071e+01 -7.295575540864873698e-02 1.000000000000000000e+00
5.479855678864388402e+00 -3.598359422732735169e+01 -7.196718845465470416e-02 1.000000000000000000e+00
5.494200850798588220e+00 -3.548190603087593331e+01 -7.096381206175186862e-02 1.000000000000000000e+00
5.508546022732788039e+00 -3.497291635258235942e+01 -6.994583270516471774e-02 1.000000000000000000e+00
5.522891194666987857e+00 -3.445672993256095396e+01 -6.891345986512191490e-02 1.000000000000000000e+00
5.537236366601188564e+00 -3.393345299187459574e+01 -6.786690598374919836e-02 1.000000000000000000e+00
5.551581538535388383e+00 -3.340319321067666181e+01 -6.680638642135332261e-02 1.000000000000000000e+00
5.565926710469588201e+00 -3.286605970605232585e+01 -6.573211941210464759e-02 1.000000000000000000e+00
5.580271882403788020e+00 -3.232216300956456934e+01 -6.464432601912913079e-02 1.000000000000000000e+00
5.594617054337987838e+00 -3.177161504450887364e+01 -6.354323008901774372e-02 1.000000000000000000e+00
5.608962226272187657e+00 -3.121452910288165228e+01 -6.242905820576330478e-02 1.000000000000000000e+00
5.623307398206388363e+00 -3.065101982206686770e+01 -6.130203964413373507e-02 1.000000000000000000e+00
5.637652570140588182e+00 -3.008120316124610838e+01 -6.016240632249222897e-02 1.000000000000000000e+00
5.651997742074788000e+00 -2.950519637753621538e+01 -5.901039275507242998e-02 1.000000000000000000e+00
5.666342914008987819e+00 -2.892311800186019966e+01 -5.784623600372040125e-02 1.000000000000000000e+00
5.680688085943187637e+00 -2.833508781455588021e+01 -5.667017562911176587e-02 1.000000000000000000e+00
5.695033257877387456e+00 -2.774122682072742307e+01 -5.548245364145484859e-02 1.000000000000000000e+00
5.709378429811588163e+00 -2.714165722534481873e+01 -5.428331445068963756e-02 1.000000000000000000e+00
5.723723601745787981e+00 -2.653650240809665206e+01 -5.307300481619330740e-02 1.000000000000000000e+00
5.738068773679987800e+00 -2.592588689800074064e+01 -5.185177379600149072e-02 1.000000000000000000e+00
5.752413945614187618e+00 -2.530993634777867385e+01 -5.061987269555734414e-02 1.000000000000000000e+00
5.766759117548387437e+00 -2.468877750799886783e+01 -4.937755501599773444e-02 1.000000000000000000e+00
5.781104289482587255e+00 -2.406253820099379936e+01 -4.812507640198759873e-02 1.000000000000000000e+00
5.795449461416787962e+00 -2.343134729455663745e+01 -4.686269458911327540e-02 1.000000000000000000e+00
5.809794633350987780e+00 -2.279533467542292158e+01 -4.559066935084585270e-02 1.000000000000000000e+00
5.824139805285187599e+00 -2.215463122254218931e+01 -4.430926244508437417e-02 1.000000000000000000e+00
5.838484977219387417e+00 -2.150936878014577402e+01 -4.301873756029155060e-02 1.000000000000000000e+00
5.852830149153587236e+00 -2.085968013061584969e+01 -4.171936026123169994e-02 1.000000000000000000e+00
5.867175321087787054e+00 -2.020569896716138558e+01 -4.041139793432277361e-02 1.000000000000000000e+00
5.881520493021987761e+00 -1.954755986630665987e+01 -3.909511973261332179e-02 1.000000000000000000e+00
5.895865664956187580e+00 -1.888539826019822954e+01 -3.777079652039646435e-02 1.000000000000000000e+00
5.910210836890387398e+00 -1.821935040873537304e+01 -3.643870081747074829e-02 1.000000000000000000e+00
5.924556008824587217e+00 -1.754955337153065287e+01 -3.509910674306130490e-02 1.000000000000000000e+00
5.938901180758787035e+00 -1.687614497970567484e+01 -3.375228995941134680e-02 1.000000000000000000e+00
5.953246352692987742e+00 -1.619926380752810857e+01 -3.239852761505621764e-02 1.000000000000000000e+00
5.967591524627187560e+00 -1.551904914389598211e+01 -3.103809828779196742e-02 1.000000000000000000e+00
5.981936696561387379e+00 -1.483564096367450347e+01 -2.967128192734900388e-02 1.000000000000000000e+00
5.996281868495587197e+00 -1.414917989889212002e+01 -2.829835979778424007e-02 1.000000000000000000e+00
6.010627040429787016e+00 -1.345980720980118939e+01 -2.691961441960237858e-02 1.000000000000000000e+00
6.024972212363986834e+00 -1.276766475580936344e+01 -2.553532951161872899e-02 1.000000000000000000e+00
6.039317384298187541e+00 -1.207289496628765768e+01 -2.414578993257531642e-02 1.000000000000000000e+00
6.053662556232387360e+00 -1.137564081126144977e+01 -2.275128162252290295e-02 1.000000000000000000e+00
6.068007728166587178e+00 -1.067604577198979321e+01 -2.135209154397958720e-02 1.000000000000000000e+00
6.082352900100786997e+00 -9.974253811439938389e+00 -1.994850762287987689e-02 1.000000000000000000e+00
6.096698072034986815e+00 -9.270409344662546403e+00 -1.854081868932509411e-02 1.000000000000000000e+00
6.111043243969186634e+00 -8.564657209073891053e+00 -1.712931441814778341e-02 1.000000000000000000e+00
6.125388415903387340e+00 -7.857142634651100188e+00 -1.571428526930220351e-02 1.000000000000000000e+00
6.139733587837587159e+00 -7.148011214046864126e+00 -1.429602242809372738e-02 1.000000000000000000e+00
6.154078759771786977e+00 -6.437408872629028167e+00 -1.287481774525805860e-02 1.000000000000000000e+00
6.168423931705986796e+00 -5.725481838452212813e+00 -1.145096367690442464e-02 1.000000000000000000e+00
6.182769103640186614e+00 -5.012376612166868917e+00 -1.002475322433373991e-02 1.000000000000000000e+00
6.197114275574386433e+00 -4.298239936872334965e+00 -8.596479873744670985e-03 1.000000000000000000e+00
6.211459447508587139e+00 -3.583218767919920111e+00 -7.166437535839839841e-03 1.000000000000000000e+00
6.225804619442786958e+00 -2.867460242672549064e+00 -5.734920485345099302e-03 1.000000000000000000e+00
6.240149791376986776e+00 -2.151111650226513294e+00 -4.302223300453027026e-03 1.000000000000000000e+00
6.254494963311186595e+00 -1.434320401102425757e+00 -2.868640802204851584e-03 1.000000000000000000e+00
6.268840135245386413e+00 -7.172339969109812197e-01 -1.434467993821962693e-03 1.000000000000000000e+00
6.283185307179586232e+00 -1.224646799147353059e-14 -2.449293598294706538e-17 1.000000000000000000e+00
