% # columns="iteration, evaluation, sigma, beta, void,  sigvec==sigma_vec.scaling factors from diagonal decoding", seed=42, Mon Jun 30 12:01:36 2025, <python>{}</python>
1 24 0.6093746506901634 1 0 0.5732185406240334 1.0 0.5426428632448844 1.0
2 48 0.616439554827273 1 0 0.5732185406240334 1.0 0.47780637229479506 1.0
3 72 0.7091609337150873 1 0 0.5470221641629699 0.9378036652508605 0.3964839500971266 1.0
4 96 0.7835651020890892 1 0 0.44964975189110307 0.9015367703911275 0.3964839500971266 1.0
5 120 0.7676608168525254 1 0 0.40946351026967137 0.8404341809900814 0.3964839500971266 1.0
6 144 0.687476427992287 1 0 0.40946351026967137 0.8404341809900814 0.3964839500971266 1.0
7 168 0.6932860384632774 1 0 0.40946351026967137 0.8404341809900814 0.3964839500971266 1.0
8 192 0.6446698318752382 1 0 0.40946351026967137 0.8404341809900814 0.3964839500971266 1.0
9 216 0.6016247619046482 1 0 0.40946351026967137 0.8404341809900814 0.3964839500971266 1.0
10 240 0.5014122700704545 1 0 0.40946351026967137 0.8404341809900814 0.3964839500971266 1.0
11 264 0.45647199732291965 1 0 0.40946351026967137 0.8404341809900814 0.3964839500971266 1.0
12 288 0.43874867327475164 1 0 0.40946351026967137 0.8404341809900814 0.3964839500971266 1.0
13 312 0.37909140383079204 1 0 0.40946351026967137 0.8404341809900814 0.3964839500971266 1.0
14 336 0.3101057417497216 1 0 0.40946351026967137 0.8404341809900814 0.3964839500971266 1.0
15 360 0.26372907094182807 1 0 0.40946351026967137 0.8404341809900814 0.3964839500971266 1.0
16 384 0.24090807350306448 1 0 0.40946351026967137 0.8404341809900814 0.3964839500971266 1.0
17 408 0.2115496234762166 1 0 0.40946351026967137 0.8404341809900814 0.3964839500971266 1.0
18 432 0.19176776760796072 1 0 0.40946351026967137 0.8404341809900814 0.3964839500971266 1.0
19 456 0.1959031363220369 1 0 0.40946351026967137 0.8404341809900814 0.3964839500971266 1.0
20 480 0.16081863229131177 1 0 0.40946351026967137 0.8404341809900814 0.3964839500971266 1.0
21 504 0.12956753747415564 1 0 0.40946351026967137 0.8404341809900814 0.3964839500971266 1.0
22 528 0.104223719495388 1 0 0.40946351026967137 0.8404341809900814 0.3964839500971266 1.0
23 552 0.08632709357962126 1 0 0.40946351026967137 0.8404341809900814 0.3964839500971266 1.0
24 576 0.07707620200079146 1 0 0.40946351026967137 0.8404341809900814 0.3964839500971266 1.0
25 600 0.09387480499005162 1 0 0.40946351026967137 0.8404341809900814 0.3964839500971266 1.0
26 624 0.10313328764714452 1 0 0.40946351026967137 0.8404341809900814 0.3964839500971266 1.0
27 648 0.10017023245082744 1 0 0.40946351026967137 0.8404341809900814 0.3964839500971266 1.0
28 672 0.08983113423104871 1 0 0.40946351026967137 0.8404341809900814 0.3964839500971266 1.0
29 696 0.10000386626316496 1 0 0.40946351026967137 0.8404341809900814 0.3964839500971266 1.0
30 720 0.09815902987913934 1 0 0.40946351026967137 0.8404341809900814 0.3964839500971266 1.0
31 744 0.09122180300560778 1 0 0.40946351026967137 0.8404341809900814 0.3964839500971266 1.0
32 768 0.09920366187351615 1 0 0.40946351026967137 0.8404341809900814 0.3964839500971266 1.0
33 792 0.10860441473046814 1 0 0.40946351026967137 0.8404341809900814 0.3964839500971266 1.0
34 816 0.10790993355336488 1 0 0.40946351026967137 0.8404341809900814 0.3964839500971266 1.0
35 840 0.12201662081634715 1 0 0.40946351026967137 0.8404341809900814 0.3964839500971266 1.0
36 864 0.12580148573019134 1 0 0.40946351026967137 0.8404341809900814 0.3964839500971266 1.0
37 888 0.12926895962888038 1 0 0.40946351026967137 0.8404341809900814 0.3964839500971266 1.0
38 912 0.12699413465705225 1 0 0.40946351026967137 0.8404341809900814 0.3964839500971266 1.0
39 936 0.11448022740344402 1 0 0.40946351026967137 0.8404341809900814 0.3964839500971266 1.0
40 960 0.11976316706978021 1 0 0.40946351026967137 0.8404341809900814 0.3964839500971266 1.0
41 984 0.12792095798801925 1 0 0.40946351026967137 0.8404341809900814 0.3964839500971266 1.0
42 1008 0.12997228170503375 1 0 0.40946351026967137 0.8404341809900814 0.3964839500971266 1.0
43 1032 0.12665252201689514 1 0 0.40946351026967137 0.8404341809900814 0.3964839500971266 1.0
44 1056 0.12196073714638572 1 0 0.40946351026967137 0.8404341809900814 0.3964839500971266 1.0
45 1080 0.1094042385287377 1 0 0.40946351026967137 0.8404341809900814 0.3964839500971266 1.0
46 1104 0.1034864947206009 1 0 0.40946351026967137 0.8404341809900814 0.3964839500971266 1.0
47 1128 0.11768733581392171 1 0 0.40946351026967137 0.8404341809900814 0.3964839500971266 1.0
48 1152 0.11296047802888204 1 0 0.40946351026967137 0.8404341809900814 0.3964839500971266 1.0
49 1176 0.10805327222672186 1 0 0.40946351026967137 0.8404341809900814 0.3964839500971266 1.0
50 1200 0.12477664438596561 1 0 0.40946351026967137 0.8404341809900814 0.3964839500971266 1.0
51 1224 0.11552612917731715 1 0 0.40946351026967137 0.8404341809900814 0.3964839500971266 1.0
52 1248 0.13758622297139808 1 0 0.40946351026967137 0.8404341809900814 0.3964839500971266 1.0
53 1272 0.12189373207747135 1 0 0.40946351026967137 0.8404341809900814 0.3964839500971266 1.0
54 1296 0.11663869925520753 1 0 0.40946351026967137 0.8404341809900814 0.3964839500971266 1.0
55 1320 0.0987038520602741 1 0 0.40946351026967137 0.8404341809900814 0.3964839500971266 1.0
56 1344 0.09223347675363638 1 0 0.40946351026967137 0.8404341809900814 0.3964839500971266 1.0
57 1368 0.0791886039223713 1 0 0.40946351026967137 0.8404341809900814 0.3964839500971266 1.0
58 1392 0.06918923794942933 1 0 0.40946351026967137 0.8404341809900814 0.3964839500971266 1.0
59 1416 0.07096137482721168 1 0 0.40946351026967137 0.8404341809900814 0.3964839500971266 1.0
60 1440 0.06174963418035402 1 0 0.40946351026967137 0.8404341809900814 0.3964839500971266 1.0
61 1464 0.08466742434366002 1 0 0.40946351026967137 0.8404341809900814 0.3964839500971266 1.0
62 1488 0.16062383131048422 1 0 0.40946351026967137 0.8404341809900814 0.3964839500971266 1.0
63 1512 0.13189636835762483 1 0 0.40946351026967137 0.8404341809900814 0.3964839500971266 1.0
64 1536 0.1294331188640418 1 0 0.40946351026967137 0.8404341809900814 0.3964839500971266 1.0
65 1560 0.13936178369124744 1 0 0.40946351026967137 0.8404341809900814 0.3964839500971266 1.0
66 1584 0.16657290876405872 1 0 0.40946351026967137 0.8404341809900814 0.3964839500971266 1.0
67 1608 0.1374302155367409 1 0 0.40946351026967137 0.8404341809900814 0.3964839500971266 1.0
68 1632 0.11510336615236692 1 0 0.40946351026967137 0.8404341809900814 0.3964839500971266 1.0
69 1656 0.10985614778759858 1 0 0.40946351026967137 0.8404341809900814 0.3964839500971266 1.0
70 1680 0.11571956339826626 1 0 0.40946351026967137 0.8404341809900814 0.3964839500971266 1.0
71 1704 0.13036853569515117 1 0 0.40946351026967137 0.8404341809900814 0.3964839500971266 1.0
72 1728 0.14242611730731358 1 0 0.40946351026967137 0.8404341809900814 0.3964839500971266 1.0
73 1752 0.13730954840953336 1 0 0.40946351026967137 0.8404341809900814 0.3964839500971266 1.0
74 1776 0.14168652017979352 1 0 0.40946351026967137 0.8404341809900814 0.3964839500971266 1.0
75 1800 0.13360942748962817 1 0 0.40946351026967137 0.8404341809900814 0.3964839500971266 1.0
76 1824 0.13103326586412994 1 0 0.40946351026967137 0.8404341809900814 0.3964839500971266 1.0
77 1848 0.13925324961484856 1 0 0.40946351026967137 0.8404341809900814 0.3964839500971266 1.0
78 1872 0.14278724745383348 1 0 0.40946351026967137 0.8404341809900814 0.3964839500971266 1.0
79 1896 0.1694031897666172 1 0 0.40946351026967137 0.8404341809900814 0.3964839500971266 1.0
80 1920 0.16918585963869454 1 0 0.40946351026967137 0.8404341809900814 0.3964839500971266 1.0
81 1944 0.15942289828301756 1 0 0.40946351026967137 0.8404341809900814 0.3964839500971266 1.0
82 1968 0.14556910597547404 1 0 0.40946351026967137 0.8404341809900814 0.3964839500971266 1.0
83 1992 0.14095439168129614 1 0 0.40946351026967137 0.8404341809900814 0.3964839500971266 1.0
84 2016 0.15672782565754775 1 0 0.40946351026967137 0.8404341809900814 0.3964839500971266 1.0
85 2040 0.12603584788654812 1 0 0.40946351026967137 0.8404341809900814 0.3964839500971266 1.0
86 2064 0.15720771459855648 1 0 0.40946351026967137 0.8404341809900814 0.3964839500971266 1.0
87 2088 0.21741880740609193 1 0 0.40946351026967137 0.8404341809900814 0.3964839500971266 1.0
88 2112 0.2320664634476001 1 0 0.40946351026967137 0.8404341809900814 0.3964839500971266 1.0
89 2136 0.24449628821827557 1 0 0.40946351026967137 0.8404341809900814 0.3964839500971266 1.0
90 2160 0.2595819628258928 1 0 0.40946351026967137 0.8404341809900814 0.3964839500971266 1.0
91 2184 0.35574243125155014 1 0 0.40946351026967137 0.8404341809900814 0.3964839500971266 1.0
92 2208 0.37406294988317057 1 0 0.40946351026967137 0.8404341809900814 0.3964839500971266 1.0
93 2232 0.3625039755710074 1 0 0.40946351026967137 0.8404341809900814 0.3964839500971266 1.0
94 2256 0.30198681525392246 1 0 0.40946351026967137 0.8404341809900814 0.3964839500971266 1.0
95 2280 0.2707845660349353 1 0 0.40946351026967137 0.8404341809900814 0.3964839500971266 1.0
96 2304 0.223204254326359 1 0 0.40946351026967137 0.8404341809900814 0.3964839500971266 1.0
97 2328 0.19902975461241199 1 0 0.40946351026967137 0.8404341809900814 0.3964839500971266 1.0
98 2352 0.16154816943181624 1 0 0.40946351026967137 0.8404341809900814 0.3964839500971266 1.0
99 2376 0.15820023071443792 1 0 0.40946351026967137 0.8404341809900814 0.3964839500971266 1.0
100 2400 0.15858416102910125 1 0 0.40946351026967137 0.8404341809900814 0.3964839500971266 1.0
