% # columns="iteration, evaluation, sigma, max axis length,  min axis length, all principal axes lengths  (sorted square roots of eigenvalues of C)", seed=42, Mon Jun 30 09:34:19 2025
1 24 0.638603242560756 1.0000375007031337 1.0 1.0 1.0000125000781253 1.0000250003125026 1.0000375007031337
2 48 0.6903850870359453 1.215312457993026 0.8910663782097134 0.8910663782097134 0.8974891503762309 1.0429652390510147 1.215312457993026
3 72 1.0326947615642053 1.1814756006770906 0.7365054577443552 0.7365054577443552 0.9669954830600065 1.021070354500306 1.1814756006770906
4 96 1.21562792754458 1.385916548997551 0.6548820404804 0.6548820404804 0.9602217599218975 0.971283522489648 1.385916548997551
5 120 1.4374450140016022 1.3318566707088846 0.5848638466976858 0.5848638466976858 0.8107968603148124 0.8732440886397117 1.3318566707088846
6 144 1.3650246853519117 1.276354062490999 0.6642059492282038 0.6642059492282038 0.7559900000786216 0.8231260701853581 1.276354062490999
7 168 1.2270382093614278 1.1882318945225796 0.5823524739564638 0.5823524739564638 0.6711722430132461 0.8218251634032563 1.1882318945225796
8 192 1.0185803522193506 1.1574151737229834 0.5249491813872282 0.5249491813872282 0.6108026099878159 0.7367394239372443 1.1574151737229834
9 216 0.889211147150105 1.0382338858416351 0.4613747300978746 0.4613747300978746 0.54442952501739 0.6358445556499328 1.0382338858416351
10 240 0.789312326757262 0.905451081160096 0.4162951424797784 0.4162951424797784 0.468300264160153 0.5556329694043685 0.905451081160096
11 264 0.8651033125334296 0.7884119543516439 0.34717150153722826 0.34717150153722826 0.4463449290701306 0.5000549985794898 0.7884119543516439
12 288 0.75113331072893 0.6361601592507891 0.34794631781439844 0.34794631781439844 0.41560739349823544 0.4914701651010988 0.6361601592507891
13 312 0.568687795476159 0.5499606299573959 0.29125571269881995 0.29125571269881995 0.36594567832107133 0.44911757345693154 0.5499606299573959
14 336 0.5094440661055272 0.49239441556530555 0.25766047435497885 0.25766047435497885 0.2954504604412406 0.408415068176534 0.49239441556530555
15 360 0.4486756094697252 0.42723215644772955 0.23814432572147068 0.23814432572147068 0.2560691783375452 0.36542328267243845 0.42723215644772955
16 384 0.4007403392452649 0.37608889341406576 0.23409635785797442 0.23409635785797442 0.2429448263732035 0.303961095346696 0.37608889341406576
17 408 0.3322496124593824 0.30741236224108626 0.2151757110591084 0.2151757110591084 0.2381547577417552 0.2800941335822064 0.30741236224108626
18 432 0.2498852901227033 0.2580709987176745 0.20717305194931065 0.20717305194931065 0.22149377960309782 0.24894221445120693 0.2580709987176745
19 456 0.2385849249966434 0.2406404486784744 0.18560323904992737 0.18560323904992737 0.1929262996343281 0.2231594874322535 0.2406404486784744
20 480 0.21553552041409582 0.24590234316486229 0.17394644262780298 0.17394644262780298 0.19932154754628564 0.20351177905642026 0.24590234316486229
21 504 0.19653162911153887 0.2347852534167416 0.1552986091572118 0.1552986091572118 0.17719038136283266 0.1831235378334445 0.2347852534167416
22 528 0.17301583964155193 0.2263454304719877 0.13155515913360327 0.13155515913360327 0.15393456794654478 0.17194099042312846 0.2263454304719877
23 552 0.15233045665114836 0.24391540703671885 0.12475697085275882 0.12475697085275882 0.1361264094779901 0.18889540082108341 0.24391540703671885
24 576 0.12411271946812111 0.21720870214021648 0.1193581803863181 0.1193581803863181 0.12425485874991204 0.19150394057361936 0.21720870214021648
25 600 0.09890892600122324 0.22726975798203655 0.10982675831766117 0.10982675831766117 0.12247349437005649 0.19249345480160573 0.22726975798203655
26 624 0.09889063243263285 0.21230883546017218 0.09896227072179142 0.09896227072179142 0.1143972635326583 0.16993504688082797 0.21230883546017218
27 648 0.10822371854904915 0.23230194644592805 0.08018217900948961 0.08018217900948961 0.11207182148122934 0.15221042742638105 0.23230194644592805
28 672 0.11369243999277355 0.22938190699791228 0.0874712332909283 0.0874712332909283 0.12257444687462665 0.1265970443807057 0.22938190699791228
29 696 0.10245401554089464 0.21502603813939788 0.09236665175378833 0.09236665175378833 0.11117461784581781 0.12197201942958569 0.21502603813939788
30 720 0.09775584871832226 0.2038118579036017 0.09337993153229251 0.09337993153229251 0.10172036986591464 0.12410631659035529 0.2038118579036017
31 744 0.08033994113610304 0.19669361528366505 0.08662394801025977 0.08662394801025977 0.09983786898496612 0.1255242822288359 0.19669361528366505
32 768 0.09309578425122246 0.1637730077650838 0.08921395551854745 0.08921395551854745 0.09453840279034294 0.12668674617014047 0.1637730077650838
33 792 0.09044629990027446 0.16001928122180364 0.08777657117165866 0.08777657117165866 0.0963126809077618 0.13825242049410755 0.16001928122180364
34 816 0.09191134660321276 0.14531688288915406 0.08489632516322695 0.08489632516322695 0.09551794512175557 0.12454724481283873 0.14531688288915406
35 840 0.09499322395306266 0.14583333814711869 0.07959907590489874 0.07959907590489874 0.09731424092848175 0.13135078385864546 0.14583333814711869
36 864 0.10814199392352317 0.14531697809520655 0.08399069231002848 0.08399069231002848 0.08778246310221391 0.11912041905653069 0.14531697809520655
37 888 0.1314679918596704 0.16604203662747424 0.07487926092164521 0.07487926092164521 0.08702654578997229 0.12347261635643564 0.16604203662747424
38 912 0.11937150002135999 0.1755657986775142 0.06994604276705636 0.06994604276705636 0.09562488918420031 0.12920441756781156 0.1755657986775142
39 936 0.0966563444873932 0.1722609766619803 0.06591735057043899 0.06591735057043899 0.09201662187128422 0.12537728144000224 0.1722609766619803
40 960 0.10805051066861643 0.17005007831496985 0.05832274189164123 0.05832274189164123 0.07901469541368611 0.11704118979828976 0.17005007831496985
41 984 0.10421754242807087 0.17975077174791626 0.05525422913301737 0.05525422913301737 0.06945045896420941 0.12071155182432301 0.17975077174791626
42 1008 0.08640930186378984 0.18072662082427987 0.05364090393081125 0.05364090393081125 0.06946391230207054 0.1136177729444301 0.18072662082427987
43 1032 0.06992383831340991 0.16124045637908022 0.06068763502140792 0.06068763502140792 0.06359184661309006 0.11811793760854945 0.16124045637908022
44 1056 0.06082786265279007 0.1622009960399489 0.05152649728991034 0.05152649728991034 0.05565561521410126 0.10946401089792947 0.1622009960399489
45 1080 0.05177287832971835 0.1665729625585683 0.04395128944770454 0.04395128944770454 0.054344334268653115 0.10115291064390239 0.1665729625585683
46 1104 0.056736274838591276 0.17165642677489348 0.039840275330435077 0.039840275330435077 0.052517960937138494 0.08165934466909282 0.17165642677489348
47 1128 0.07308270620869872 0.1849899558846386 0.03927542145989365 0.03927542145989365 0.05346451812749293 0.07179494245486968 0.1849899558846386
48 1152 0.0712940881341794 0.19652855014117926 0.03662304343234019 0.03662304343234019 0.049742646505300574 0.07799430398874076 0.19652855014117926
49 1176 0.06857027625175294 0.1842752592065804 0.03223007390732057 0.03223007390732057 0.050222803439843276 0.08502301573729049 0.1842752592065804
50 1200 0.056941187998809414 0.19852836696068685 0.03075732247610161 0.03075732247610161 0.04504500025963262 0.07729124493320888 0.19852836696068685
51 1224 0.060339500381247815 0.16862314855725333 0.0273135969406109 0.0273135969406109 0.04574958778874982 0.07688493431172083 0.16862314855725333
52 1248 0.08140534462994119 0.152544243958294 0.02544284338825421 0.02544284338825421 0.04144788056020398 0.08335017847210673 0.152544243958294
53 1272 0.0853307895035876 0.13826154004535335 0.023552791079234175 0.023552791079234175 0.042253244017568276 0.09307626823508072 0.13826154004535335
54 1296 0.0869523052546146 0.12351382332159536 0.020743237861090294 0.020743237861090294 0.039138874932720356 0.08868666526166843 0.12351382332159536
