  0.12591554E-02  0.62956105E+00  0.12591221E-02  0.10000000E+01  0.21768167E+01 -0.18000000E+00  0.17319539E+04  0.20357521E+00  0.17318516E+04  0.18826614E+02 -0.10028044E+04
  0.25183107E-02  0.12590223E+01  0.25180446E-02  0.10000000E+01  0.22099321E+01 -0.18000000E+00  0.21259619E+02  0.20357521E+00  0.21258959E+02  0.26359701E+00 -0.84327820E+01
  0.37774661E-02  0.18882839E+01  0.37765678E-02  0.10000000E+01  0.22700308E+01 -0.18000000E+00  0.44531086E+02  0.20357521E+00  0.44513613E+02  0.12638706E+01 -0.21056772E+02
  0.50366215E-02  0.25172462E+01  0.50344923E-02  0.10000000E+01  0.24058243E+01 -0.18000000E+00  0.71489711E+02  0.20357521E+00  0.71429668E+02  0.29364567E+01 -0.37849334E+02
  0.62957769E-02  0.31458093E+01  0.62916186E-02  0.10000000E+01  0.25826702E+01 -0.18000000E+00  0.86390417E+02  0.20357521E+00  0.86271408E+02  0.45375915E+01 -0.46865516E+02
  0.75549322E-02  0.37738737E+01  0.75477474E-02  0.10000000E+01  0.27717133E+01 -0.18000000E+00  0.90541932E+02  0.20357521E+00  0.90358998E+02  0.57562373E+01 -0.49240559E+02
  0.88140876E-02  0.44013398E+01  0.88026795E-02  0.10000000E+01  0.29400267E+01 -0.18000000E+00  0.86336116E+02  0.20357521E+00  0.86097130E+02  0.64226611E+01 -0.45880477E+02
  0.10073243E-01  0.50281080E+01  0.10056216E-01  0.10000000E+01  0.30824249E+01 -0.18000000E+00  0.81860624E+02  0.20357521E+00  0.81563451E+02  0.69718371E+01 -0.42034806E+02
  0.11332398E-01  0.56540791E+01  0.11308158E-01  0.10000000E+01  0.32053811E+01 -0.17990308E+00  0.78928517E+02  0.20335604E+00  0.78564553E+02  0.75738454E+01 -0.39230961E+02
  0.12591554E-01  0.62791537E+01  0.12558307E-01  0.10000000E+01  0.33165239E+01 -0.17762448E+00  0.77077216E+02  0.19823737E+00  0.76636497E+02  0.82330927E+01 -0.37222894E+02
  0.13850709E-01  0.69032329E+01  0.13806466E-01  0.10000000E+01  0.34201767E+01 -0.17339955E+00  0.76037861E+02  0.18891908E+00  0.75509336E+02  0.89516583E+01 -0.35854032E+02
  0.15109864E-01  0.75262175E+01  0.15052435E-01  0.10000000E+01  0.35192958E+01 -0.16749302E+00  0.75459478E+02  0.17626793E+00  0.74832485E+02  0.97089217E+01 -0.34903111E+02
  0.16369020E-01  0.81480089E+01  0.16296018E-01  0.10000000E+01  0.36152198E+01 -0.16019422E+00  0.75003959E+02  0.16124028E+00  0.74269665E+02  0.10470754E+02 -0.34134510E+02
  0.17628175E-01  0.87685085E+01  0.17537017E-01  0.10000000E+01  0.37076463E+01 -0.15178878E+00  0.74421719E+02  0.14476355E+00  0.73573970E+02  0.11201973E+02 -0.33343688E+02
  0.18887331E-01  0.93876178E+01  0.18775236E-01  0.10000000E+01  0.37950840E+01 -0.14252513E+00  0.73618885E+02  0.12763293E+00  0.72653758E+02  0.11882256E+02 -0.32417789E+02
  0.20146486E-01  0.10005239E+02  0.20010478E-01  0.10000000E+01  0.38780845E+01 -0.13257071E+00  0.72941879E+02  0.11042695E+00  0.71851755E+02  0.12564045E+02 -0.31621043E+02
  0.21405641E-01  0.10621274E+02  0.21242547E-01  0.10000000E+01  0.39613468E+01 -0.12201815E+00  0.72777283E+02  0.93546759E-01  0.71547631E+02  0.13322096E+02 -0.31344583E+02
  0.22664797E-01  0.11235624E+02  0.22471249E-01  0.10000000E+01  0.40443414E+01 -0.11101435E+00  0.72269938E+02  0.77435147E-01  0.70899914E+02  0.14005430E+02 -0.30900080E+02
  0.23923952E-01  0.11848194E+02  0.23696388E-01  0.10000000E+01  0.41228153E+01 -0.99707383E-01  0.71168860E+02  0.62464680E-01  0.69665435E+02  0.14551210E+02 -0.29965339E+02
  0.25183107E-01  0.12458885E+02  0.24917769E-01  0.10000000E+01  0.41957832E+01 -0.88162682E-01  0.70137002E+02  0.48837054E-01  0.68495887E+02  0.15083598E+02 -0.29020334E+02
  0.26442263E-01  0.13067600E+02  0.26135201E-01  0.10000000E+01  0.42651976E+01 -0.76395180E-01  0.69547204E+02  0.36670075E-01  0.67754499E+02  0.15688938E+02 -0.28395443E+02
  0.27701418E-01  0.13674244E+02  0.27348488E-01  0.10000000E+01  0.43330466E+01 -0.64423519E-01  0.69234758E+02  0.26077669E-01  0.67278498E+02  0.16341855E+02 -0.28014610E+02
  0.28960574E-01  0.14278720E+02  0.28557440E-01  0.10000000E+01  0.43991605E+01 -0.52289567E-01  0.68841653E+02  0.17179478E-01  0.66719193E+02  0.16962395E+02 -0.27594352E+02
  0.30219729E-01  0.14880932E+02  0.29761864E-01  0.10000000E+01  0.44629380E+01 -0.40025769E-01  0.68357926E+02  0.10066054E-01  0.66067896E+02  0.17545351E+02 -0.27106178E+02
  0.31478884E-01  0.15480785E+02  0.30961570E-01  0.10000000E+01  0.45246526E+01 -0.27643672E-01  0.67910004E+02  0.48014380E-02  0.65447512E+02  0.18121585E+02 -0.26654711E+02
  0.32738040E-01  0.16078183E+02  0.32156366E-01  0.10000000E+01  0.45846390E+01 -0.15149817E-01  0.67477978E+02  0.14420975E-02  0.64838954E+02  0.18686559E+02 -0.26232837E+02
  0.33997195E-01  0.16673032E+02  0.33346065E-01  0.10000000E+01  0.46428484E+01 -0.25506400E-02  0.67008009E+02  0.40876925E-04  0.64190846E+02  0.19225207E+02 -0.25794477E+02
  0.35256350E-01  0.17265238E+02  0.34530476E-01  0.10000000E+01  0.46992313E+01  0.10152188E-01  0.66511958E+02  0.64758854E-03  0.63515191E+02  0.19739836E+02 -0.25345158E+02
  0.36515506E-01  0.17854707E+02  0.35709413E-01  0.10000000E+01  0.47538915E+01  0.22960832E-01  0.66010515E+02  0.33124941E-02  0.62832271E+02  0.20235953E+02 -0.24902884E+02
  0.37774661E-01  0.18441344E+02  0.36882689E-01  0.10000000E+01  0.48069206E+01  0.35876876E-01  0.65497190E+02  0.80874038E-02  0.62136336E+02  0.20711294E+02 -0.24464362E+02
  0.39033817E-01  0.19025058E+02  0.38050117E-01  0.10000000E+01  0.48583401E+01  0.48899319E-01  0.64962426E+02  0.15023997E-01  0.61418822E+02  0.21162356E+02 -0.24022125E+02
  0.40292972E-01  0.19605756E+02  0.39211512E-01  0.10000000E+01  0.49081672E+01  0.62024130E-01  0.64407171E+02  0.24171368E-01  0.60681195E+02  0.21588812E+02 -0.23577187E+02
  0.41552127E-01  0.20183345E+02  0.40366690E-01  0.10000000E+01  0.49564384E+01  0.75243531E-01  0.63834478E+02  0.35572814E-01  0.59926890E+02  0.21991127E+02 -0.23132688E+02
  0.42811283E-01  0.20757734E+02  0.41515469E-01  0.10000000E+01  0.50031911E+01  0.88545666E-01  0.63244992E+02  0.49262279E-01  0.59157053E+02  0.22369053E+02 -0.22689377E+02
  0.44070438E-01  0.21328832E+02  0.42657665E-01  0.10000000E+01  0.50484570E+01  0.10191549E+00  0.62639410E+02  0.65261989E-01  0.58372868E+02  0.22722417E+02 -0.22247346E+02
  0.45329593E-01  0.21896549E+02  0.43793098E-01  0.10000000E+01  0.50922671E+01  0.11533662E+00  0.62019379E+02  0.83582301E-01  0.57576392E+02  0.23051453E+02 -0.21807038E+02
  0.46588749E-01  0.22460794E+02  0.44921588E-01  0.10000000E+01  0.51346528E+01  0.12879333E+00  0.61386335E+02  0.10422374E+00  0.56769458E+02  0.23356403E+02 -0.21368581E+02
  0.47847904E-01  0.23021478E+02  0.46042956E-01  0.10000000E+01  0.51756443E+01  0.14227222E+00  0.60740843E+02  0.12718037E+00  0.55953078E+02  0.23637245E+02 -0.20931517E+02
  0.49107060E-01  0.23578512E+02  0.47157024E-01  0.10000000E+01  0.52152695E+01  0.15576303E+00  0.60082573E+02  0.15244340E+00  0.55127426E+02  0.23893634E+02 -0.20494990E+02
  0.50366215E-01  0.24131808E+02  0.48263615E-01  0.10000000E+01  0.52535538E+01  0.16925874E+00  0.59410424E+02  0.18000397E+00  0.54291982E+02  0.24124917E+02 -0.20057933E+02
  0.51625370E-01  0.24681277E+02  0.49362555E-01  0.10000000E+01  0.52875056E+01  0.18000000E+00  0.58721530E+02  0.20357521E+00  0.53442012E+02  0.24335383E+02 -0.19619112E+02
  0.52884526E-01  0.25226834E+02  0.50453668E-01  0.10000000E+01  0.53086462E+01  0.18000000E+00  0.58003520E+02  0.20357521E+00  0.52558346E+02  0.24537116E+02 -0.19177717E+02
  0.54143681E-01  0.25768391E+02  0.51536782E-01  0.10000000E+01  0.53284838E+01  0.18000000E+00  0.57246230E+02  0.20357521E+00  0.51642094E+02  0.24703572E+02 -0.18723015E+02
  0.55402836E-01  0.26305863E+02  0.52611726E-01  0.10000000E+01  0.53469704E+01  0.18000000E+00  0.56465724E+02  0.20357521E+00  0.50708412E+02  0.24841023E+02 -0.18261260E+02
  0.56661992E-01  0.26839164E+02  0.53678328E-01  0.10000000E+01  0.53640882E+01  0.18000000E+00  0.55661907E+02  0.20357521E+00  0.49757774E+02  0.24949013E+02 -0.17792331E+02
  0.57921147E-01  0.27368210E+02  0.54736419E-01  0.10000000E+01  0.53798135E+01  0.18000000E+00  0.54833959E+02  0.20357521E+00  0.48790011E+02  0.25026772E+02 -0.17314771E+02
  0.59180302E-01  0.27892916E+02  0.55785832E-01  0.10000000E+01  0.53941149E+01  0.18000000E+00  0.53982068E+02  0.20357521E+00  0.47805855E+02  0.25073996E+02 -0.16827505E+02
  0.60439458E-01  0.28413201E+02  0.56826401E-01  0.10000000E+01  0.54069536E+01  0.18000000E+00  0.53106926E+02  0.20357521E+00  0.46806477E+02  0.25090650E+02 -0.16329447E+02
  0.61698613E-01  0.28928980E+02  0.57857960E-01  0.10000000E+01  0.54182800E+01  0.18000000E+00  0.52209394E+02  0.20357521E+00  0.45793178E+02  0.25076823E+02 -0.15819100E+02
  0.62957769E-01  0.29440173E+02  0.58880346E-01  0.10000000E+01  0.54280304E+01  0.18000000E+00  0.51290771E+02  0.20357521E+00  0.44767623E+02  0.25032870E+02 -0.15294725E+02
  0.64216924E-01  0.29946699E+02  0.59893397E-01  0.10000000E+01  0.54361265E+01  0.18000000E+00  0.50352976E+02  0.20357521E+00  0.43731982E+02  0.24959515E+02 -0.14754650E+02
  0.65476079E-01  0.30448476E+02  0.60896952E-01  0.10000000E+01  0.54424780E+01  0.18000000E+00  0.49398288E+02  0.20357521E+00  0.42688698E+02  0.24857742E+02 -0.14197429E+02
  0.66735235E-01  0.30945426E+02  0.61890853E-01  0.10000000E+01  0.54469863E+01  0.18000000E+00  0.48428836E+02  0.20357521E+00  0.41640036E+02  0.24728546E+02 -0.13621861E+02
  0.67994390E-01  0.31437470E+02  0.62874940E-01  0.10000000E+01  0.54495490E+01  0.18000000E+00  0.47446278E+02  0.20357521E+00  0.40587811E+02  0.24572755E+02 -0.13027186E+02
  0.69253545E-01  0.31924530E+02  0.63849059E-01  0.10000000E+01  0.54500668E+01  0.18000000E+00  0.46451873E+02  0.20357521E+00  0.39533463E+02  0.24391049E+02 -0.12413593E+02
  0.70512701E-01  0.32406528E+02  0.64813056E-01  0.10000000E+01  0.54484530E+01  0.18000000E+00  0.45446766E+02  0.20357521E+00  0.38478299E+02  0.24184095E+02 -0.11782797E+02
  0.71771856E-01  0.32883388E+02  0.65766776E-01  0.10000000E+01  0.54446436E+01  0.18000000E+00  0.44432180E+02  0.20357521E+00  0.37423663E+02  0.23952650E+02 -0.11138119E+02
  0.73031012E-01  0.33355035E+02  0.66710069E-01  0.10000000E+01  0.54386025E+01  0.18000000E+00  0.43409423E+02  0.20357521E+00  0.36370937E+02  0.23697561E+02 -0.10483771E+02
  0.74290167E-01  0.33821393E+02  0.67642786E-01  0.10000000E+01  0.54303192E+01  0.18000000E+00  0.42379839E+02  0.20357521E+00  0.35321493E+02  0.23419741E+02 -0.98236742E+01
  0.75549322E-01  0.34282389E+02  0.68564779E-01  0.10000000E+01  0.54198011E+01  0.18000000E+00  0.41344772E+02  0.20357521E+00  0.34276673E+02  0.23120149E+02 -0.91606579E+01
  0.76808478E-01  0.34737950E+02  0.69475900E-01  0.10000000E+01  0.54070663E+01  0.18000000E+00  0.40305506E+02  0.20357521E+00  0.33237728E+02  0.22799752E+02 -0.84966701E+01
  0.78067633E-01  0.35188004E+02  0.70376007E-01  0.10000000E+01  0.53921443E+01  0.18000000E+00  0.39263138E+02  0.20357521E+00  0.32205723E+02  0.22459449E+02 -0.78338325E+01
  0.79326788E-01  0.35632478E+02  0.71264956E-01  0.10000000E+01  0.53750834E+01  0.18000000E+00  0.38218418E+02  0.20357521E+00  0.31181408E+02  0.22099971E+02 -0.71754904E+01
  0.80585944E-01  0.36071303E+02  0.72142606E-01  0.10000000E+01  0.53559598E+01  0.18000000E+00  0.37171619E+02  0.20357521E+00  0.30165121E+02  0.21721791E+02 -0.65264359E+01
  0.81845099E-01  0.36504409E+02  0.73008819E-01  0.10000000E+01  0.53348823E+01  0.18000000E+00  0.36122501E+02  0.20357521E+00  0.29156770E+02  0.21325086E+02 -0.58921507E+01
  0.83104255E-01  0.36931728E+02  0.73863456E-01  0.10000000E+01  0.53119898E+01  0.18000000E+00  0.35070397E+02  0.20357521E+00  0.28155914E+02  0.20909775E+02 -0.52776563E+01
  0.84363410E-01  0.37353191E+02  0.74706382E-01  0.10000000E+01  0.52874439E+01  0.18000000E+00  0.34014423E+02  0.20357521E+00  0.27161938E+02  0.20475633E+02 -0.46867513E+01
  0.85622565E-01  0.37768732E+02  0.75537465E-01  0.10000000E+01  0.52614214E+01  0.18000000E+00  0.32953742E+02  0.20357521E+00  0.26174267E+02  0.20022444E+02 -0.41219149E+01
  0.86881721E-01  0.38178285E+02  0.76356571E-01  0.10000000E+01  0.52341074E+01  0.18000000E+00  0.31887881E+02  0.20357521E+00  0.25192615E+02  0.19550207E+02 -0.35844793E+01
  0.88140876E-01  0.38581785E+02  0.77163571E-01  0.10000000E+01  0.52056870E+01  0.18000000E+00  0.30817101E+02  0.20357521E+00  0.24217262E+02  0.19059365E+02 -0.30743967E+01
  0.89400031E-01  0.38979168E+02  0.77958337E-01  0.10000000E+01  0.51763289E+01  0.18000000E+00  0.29742738E+02  0.20357521E+00  0.23249309E+02  0.18551053E+02 -0.25892015E+01
  0.90659187E-01  0.39370372E+02  0.78740743E-01  0.10000000E+01  0.51461600E+01  0.18000000E+00  0.28667245E+02  0.20357521E+00  0.22290683E+02  0.18027142E+02 -0.21226175E+01
  0.91918342E-01  0.39755333E+02  0.79510666E-01  0.10000000E+01  0.51152374E+01  0.18000000E+00  0.27593584E+02  0.20357521E+00  0.21343648E+02  0.17489884E+02 -0.16644047E+01
  0.93177498E-01  0.40133991E+02  0.80267982E-01  0.10000000E+01  0.50835397E+01  0.18000000E+00  0.26524123E+02  0.20357521E+00  0.20409950E+02  0.16941207E+02 -0.12029192E+01
  0.94436653E-01  0.40506286E+02  0.81012572E-01  0.10000000E+01  0.50509840E+01  0.18000000E+00  0.25459865E+02  0.20357521E+00  0.19490247E+02  0.16382198E+02 -0.72922247E+00
  0.95695808E-01  0.40872159E+02  0.81744318E-01  0.10000000E+01  0.50174605E+01  0.18000000E+00  0.24400572E+02  0.20357521E+00  0.18584231E+02  0.15813149E+02 -0.23947052E+00
  0.96954964E-01  0.41231552E+02  0.82463104E-01  0.10000000E+01  0.49828629E+01  0.18000000E+00  0.23345502E+02  0.20357521E+00  0.17691210E+02  0.15234008E+02  0.26567547E+00
  0.98214119E-01  0.41584408E+02  0.83168816E-01  0.10000000E+01  0.49471073E+01  0.18000000E+00  0.22294043E+02  0.20357521E+00  0.16810588E+02  0.14644793E+02  0.78274270E+00
  0.99473274E-01  0.41930671E+02  0.83861341E-01  0.10000000E+01  0.49101447E+01  0.18000000E+00  0.21245825E+02  0.20357521E+00  0.15941950E+02  0.14045666E+02  0.13063089E+01
  0.10073243E+00  0.42270286E+02  0.84540571E-01  0.10000000E+01  0.48719722E+01  0.18000000E+00  0.20200451E+02  0.20357521E+00  0.15084861E+02  0.13436765E+02  0.18292706E+01
  0.10199159E+00  0.42603199E+02  0.85206398E-01  0.10000000E+01  0.48326357E+01  0.18000000E+00  0.19157346E+02  0.20357521E+00  0.14238746E+02  0.12818091E+02  0.23439858E+01
  0.10325074E+00  0.42929358E+02  0.85858715E-01  0.10000000E+01  0.47922180E+01  0.18000000E+00  0.18115947E+02  0.20357521E+00  0.13403042E+02  0.12189645E+02  0.28445636E+01
  0.10450990E+00  0.43248710E+02  0.86497420E-01  0.10000000E+01  0.47508148E+01  0.18000000E+00  0.17076075E+02  0.20357521E+00  0.12577464E+02  0.11551675E+02  0.33287920E+01
  0.10576905E+00  0.43561206E+02  0.87122411E-01  0.10000000E+01  0.47085087E+01  0.18000000E+00  0.16038164E+02  0.20357521E+00  0.11762163E+02  0.10904847E+02  0.37984750E+01
  0.10702821E+00  0.43866795E+02  0.87733590E-01  0.10000000E+01  0.46653497E+01  0.18000000E+00  0.15003243E+02  0.20357521E+00  0.10957705E+02  0.10250241E+02  0.42584423E+01
  0.10828736E+00  0.44165429E+02  0.88330858E-01  0.10000000E+01  0.46213465E+01  0.18000000E+00  0.13972699E+02  0.20357521E+00  0.10164889E+02  0.95892015E+01  0.47149866E+01
  0.10954652E+00  0.44457061E+02  0.88914122E-01  0.10000000E+01  0.45764683E+01  0.18000000E+00  0.12947917E+02  0.20357521E+00  0.93844853E+01  0.89230849E+01  0.51740753E+01
  0.11080567E+00  0.44741645E+02  0.89483290E-01  0.10000000E+01  0.45306583E+01  0.18000000E+00  0.11929983E+02  0.20357521E+00  0.86170231E+01  0.82530515E+01  0.56396978E+01
  0.11206483E+00  0.45019135E+02  0.90038270E-01  0.10000000E+01  0.44838516E+01  0.18000000E+00  0.10919483E+02  0.20357521E+00  0.78626588E+01  0.75799176E+01  0.61129752E+01
  0.11332398E+00  0.45289487E+02  0.90578975E-01  0.10000000E+01  0.44359916E+01  0.18000000E+00  0.99165328E+01  0.20357521E+00  0.71212045E+01  0.69041662E+01  0.65925310E+01
  0.11458314E+00  0.45552659E+02  0.91105319E-01  0.10000000E+01  0.43870386E+01  0.18000000E+00  0.89208781E+01  0.20357521E+00  0.63922066E+01  0.62260103E+01  0.70756376E+01
  0.11584229E+00  0.45808609E+02  0.91617219E-01  0.10000000E+01  0.43369710E+01  0.18000000E+00  0.79321671E+01  0.20357521E+00  0.56751420E+01  0.55455822E+01  0.75593725E+01
  0.11710145E+00  0.46057297E+02  0.92114593E-01  0.10000000E+01  0.42857831E+01  0.18000000E+00  0.69501098E+01  0.20357521E+00  0.49695310E+01  0.48630475E+01  0.80411909E+01
  0.11836060E+00  0.46298682E+02  0.92597363E-01  0.10000000E+01  0.42334819E+01  0.18000000E+00  0.59747375E+01  0.20357521E+00  0.42751153E+01  0.41787941E+01  0.85189983E+01
  0.11961976E+00  0.46532726E+02  0.93065452E-01  0.10000000E+01  0.41800888E+01  0.18000000E+00  0.50064035E+01  0.20357521E+00  0.35918541E+01  0.34934371E+01  0.89905664E+01
  0.12087892E+00  0.46759393E+02  0.93518786E-01  0.10000000E+01  0.41256432E+01  0.18000000E+00  0.40462081E+01  0.20357521E+00  0.29202108E+01  0.28081331E+01  0.94529687E+01
  0.12213807E+00  0.46978647E+02  0.93957294E-01  0.10000000E+01  0.40702083E+01  0.18000000E+00  0.30959668E+01  0.20357521E+00  0.22611216E+01  0.21245663E+01  0.99024867E+01
  0.12339723E+00  0.47190452E+02  0.94380904E-01  0.10000000E+01  0.40138639E+01  0.18000000E+00  0.21581129E+01  0.20357521E+00  0.16159211E+01  0.14448853E+01  0.10336422E+02
  0.12465638E+00  0.47394776E+02  0.94789551E-01  0.10000000E+01  0.39566902E+01  0.18000000E+00  0.12346889E+01  0.20357521E+00  0.98565267E+00  0.77096591E+00  0.10754635E+02
  0.12591554E+00  0.47591585E+02  0.95183170E-01  0.10000000E+01  0.38987561E+01  0.18000000E+00  0.32686533E+00  0.20357521E+00  0.37075256E+00  0.10404976E+00  0.11158810E+02
  0.12717469E+00  0.47780849E+02  0.95561698E-01  0.10000000E+01  0.38401206E+01  0.18000000E+00 -0.56496359E+00  0.20357521E+00 -0.22887380E+00 -0.55519682E+00  0.11550514E+02
  0.12843385E+00  0.47962537E+02  0.95925075E-01  0.10000000E+01  0.37808304E+01  0.18000000E+00 -0.14410220E+01  0.20357521E+00 -0.81373510E+00 -0.12065746E+01  0.11931647E+02
  0.12969300E+00  0.48136622E+02  0.96273243E-01  0.10000000E+01  0.37209189E+01  0.18000000E+00 -0.23025711E+01  0.20357521E+00 -0.13850259E+01 -0.18506701E+01  0.12304370E+02
  0.13095216E+00  0.48303074E+02  0.96606148E-01  0.10000000E+01  0.36604289E+01  0.18000000E+00 -0.31520281E+01  0.20357521E+00 -0.19446941E+01 -0.24889533E+01  0.12667286E+02
  0.13221131E+00  0.48461868E+02  0.96923737E-01  0.10000000E+01  0.35994584E+01  0.18000000E+00 -0.39917846E+01  0.20357521E+00 -0.24946465E+01 -0.31229034E+01  0.13011702E+02
  0.13347047E+00  0.48612979E+02  0.97225958E-01  0.10000000E+01  0.35381668E+01  0.18000000E+00 -0.48225355E+01  0.20357521E+00 -0.30356458E+01 -0.37527518E+01  0.13327811E+02
  0.13472962E+00  0.48756383E+02  0.97512765E-01  0.10000000E+01  0.34766969E+01  0.18000000E+00 -0.56437956E+01  0.20357521E+00 -0.35676693E+01 -0.43778542E+01  0.13617946E+02
  0.13598878E+00  0.48892056E+02  0.97784112E-01  0.10000000E+01  0.34151109E+01  0.18000000E+00 -0.64571245E+01  0.20357521E+00 -0.40920400E+01 -0.49991108E+01  0.13894792E+02
  0.13724794E+00  0.49019978E+02  0.98039956E-01  0.10000000E+01  0.33534364E+01  0.18000000E+00 -0.72677079E+01  0.20357521E+00 -0.46124458E+01 -0.56201749E+01  0.14163865E+02
  0.13850709E+00  0.49140128E+02  0.98280255E-01  0.10000000E+01  0.32917362E+01  0.18000000E+00 -0.80825407E+01  0.20357521E+00 -0.51337228E+01 -0.62461025E+01  0.14419741E+02
  0.13976625E+00  0.49252487E+02  0.98504973E-01  0.10000000E+01  0.32301274E+01  0.18000000E+00 -0.89089793E+01  0.20357521E+00 -0.56609028E+01 -0.68822623E+01  0.14653933E+02
  0.14102540E+00  0.49357037E+02  0.98714074E-01  0.10000000E+01  0.31688090E+01  0.18000000E+00 -0.97547987E+01  0.20357521E+00 -0.61992539E+01 -0.75343741E+01  0.14853483E+02
  0.14228456E+00  0.49453762E+02  0.98907524E-01  0.10000000E+01  0.31081071E+01  0.18000000E+00 -0.10627359E+02  0.20357521E+00 -0.67537435E+01 -0.82078711E+01  0.14998250E+02
  0.14354371E+00  0.49542646E+02  0.99085292E-01  0.10000000E+01  0.30484304E+01  0.18000000E+00 -0.11530016E+02  0.20357521E+00 -0.73267204E+01 -0.89051607E+01  0.15075056E+02
  0.14480287E+00  0.49623676E+02  0.99247351E-01  0.10000000E+01  0.29900535E+01  0.18000000E+00 -0.12457582E+02  0.20357521E+00 -0.79150007E+01 -0.96221385E+01  0.15105077E+02
  0.14606202E+00  0.49696838E+02  0.99393675E-01  0.10000000E+01  0.29328897E+01  0.18000000E+00 -0.13396887E+02  0.20357521E+00 -0.85102803E+01 -0.10348582E+02  0.15145552E+02
  0.14732118E+00  0.49762120E+02  0.99524241E-01  0.10000000E+01  0.28766116E+01  0.18000000E+00 -0.14334841E+02  0.20357521E+00 -0.91043668E+01 -0.11074278E+02  0.15234803E+02
  0.14858033E+00  0.49819513E+02  0.99639027E-01  0.10000000E+01  0.28209650E+01  0.18000000E+00 -0.15264619E+02  0.20357521E+00 -0.96931593E+01 -0.11793757E+02  0.15361758E+02
  0.14983949E+00  0.49869008E+02  0.99738016E-01  0.10000000E+01  0.27658454E+01  0.18000000E+00 -0.16184556E+02  0.20357521E+00 -0.10275902E+02 -0.12505485E+02  0.15503122E+02
  0.15109864E+00  0.49910596E+02  0.99821192E-01  0.10000000E+01  0.27112151E+01  0.18000000E+00 -0.17095151E+02  0.20357521E+00 -0.10853229E+02 -0.13209582E+02  0.15648713E+02
  0.15235780E+00  0.49944271E+02  0.99888542E-01  0.10000000E+01  0.26570443E+01  0.18000000E+00 -0.17997420E+02  0.20357521E+00 -0.11426102E+02 -0.13906573E+02  0.15797488E+02
  0.15361696E+00  0.49970028E+02  0.99940055E-01  0.10000000E+01  0.26032920E+01  0.18000000E+00 -0.18892183E+02  0.20357521E+00 -0.11995350E+02 -0.14596834E+02  0.15951408E+02
  0.15487611E+00  0.49987862E+02  0.99975723E-01  0.10000000E+01  0.25498952E+01  0.18000000E+00 -0.19779869E+02  0.20357521E+00 -0.12561544E+02 -0.15280454E+02  0.16114144E+02
  0.15613527E+00  0.49997770E+02  0.99995541E-01  0.10000000E+01  0.24967588E+01  0.18000000E+00 -0.20660788E+02  0.20357521E+00 -0.13125172E+02 -0.15957427E+02  0.16290845E+02
  0.15739442E+00  0.49999752E+02  0.99999505E-01  0.10000000E+01  0.24437533E+01  0.18000000E+00 -0.21535157E+02  0.20357521E+00 -0.13686656E+02 -0.16627684E+02  0.16487059E+02
  0.15865358E+00  0.49993807E+02  0.99987614E-01  0.10000000E+01  0.23907221E+01  0.18000000E+00 -0.22403627E+02  0.20357521E+00 -0.14246695E+02 -0.17291490E+02  0.16707090E+02
  0.15991273E+00  0.49979935E+02  0.99959870E-01  0.10000000E+01  0.23374965E+01  0.18000000E+00 -0.23266994E+02  0.20357521E+00 -0.14806074E+02 -0.17949223E+02  0.16953064E+02
  0.16117189E+00  0.49958139E+02  0.99916279E-01  0.10000000E+01  0.22839101E+01  0.18000000E+00 -0.24126396E+02  0.20357521E+00 -0.15365795E+02 -0.18601526E+02  0.17224652E+02
  0.16243104E+00  0.49928423E+02  0.99856846E-01  0.10000000E+01  0.22298133E+01  0.18000000E+00 -0.24983275E+02  0.20357521E+00 -0.15927051E+02 -0.19249273E+02  0.17519430E+02
  0.16369020E+00  0.49890791E+02  0.99781582E-01  0.10000000E+01  0.21750801E+01  0.18000000E+00 -0.25838478E+02  0.20357521E+00 -0.16490652E+02 -0.19892882E+02  0.17833759E+02
  0.16494935E+00  0.49845249E+02  0.99690497E-01  0.10000000E+01  0.21196130E+01  0.18000000E+00 -0.26693096E+02  0.20357521E+00 -0.17057563E+02 -0.20532958E+02  0.18163216E+02
  0.16620851E+00  0.49791804E+02  0.99583607E-01  0.10000000E+01  0.20633410E+01  0.18000000E+00 -0.27546972E+02  0.20357521E+00 -0.17627943E+02 -0.21169146E+02  0.18503605E+02
  0.16746766E+00  0.49730465E+02  0.99460929E-01  0.10000000E+01  0.20062171E+01  0.18000000E+00 -0.28399757E+02  0.20357521E+00 -0.18201823E+02 -0.21800947E+02  0.18851068E+02
  0.16872682E+00  0.49661241E+02  0.99322482E-01  0.10000000E+01  0.19482125E+01  0.18000000E+00 -0.29250225E+02  0.20357521E+00 -0.18778661E+02 -0.22427193E+02  0.19202516E+02
  0.16998598E+00  0.49584144E+02  0.99168287E-01  0.10000000E+01  0.18893113E+01  0.18000000E+00 -0.30096761E+02  0.20357521E+00 -0.19357657E+02 -0.23046421E+02  0.19555695E+02
  0.17124513E+00  0.49499185E+02  0.98998370E-01  0.10000000E+01  0.18295049E+01  0.18000000E+00 -0.30937818E+02  0.20357521E+00 -0.19938041E+02 -0.23657229E+02  0.19909168E+02
  0.17250429E+00  0.49406379E+02  0.98812757E-01  0.10000000E+01  0.17687875E+01  0.18000000E+00 -0.31772274E+02  0.20357521E+00 -0.20519307E+02 -0.24258542E+02  0.20262438E+02
  0.17376344E+00  0.49305739E+02  0.98611478E-01  0.10000000E+01  0.17071518E+01  0.18000000E+00 -0.32600364E+02  0.20357521E+00 -0.21101818E+02 -0.24850320E+02  0.20615901E+02
  0.17502260E+00  0.49197282E+02  0.98394564E-01  0.10000000E+01  0.16445854E+01  0.18000000E+00 -0.33424196E+02  0.20357521E+00 -0.21687159E+02 -0.25433943E+02  0.20970935E+02
  0.17628175E+00  0.49081025E+02  0.98162051E-01  0.10000000E+01  0.15810685E+01  0.18000000E+00 -0.34247966E+02  0.20357521E+00 -0.22278283E+02 -0.26012357E+02  0.21329783E+02
  0.17754091E+00  0.48956987E+02  0.97913974E-01  0.10000000E+01  0.15165728E+01  0.18000000E+00 -0.35077201E+02  0.20357521E+00 -0.22879041E+02 -0.26589489E+02  0.21695140E+02
  0.17880006E+00  0.48825187E+02  0.97650374E-01  0.10000000E+01  0.14510634E+01  0.18000000E+00 -0.35917121E+02  0.20357521E+00 -0.23493115E+02 -0.27169001E+02  0.22069367E+02
  0.18005922E+00  0.48685646E+02  0.97371292E-01  0.10000000E+01  0.13845034E+01  0.18000000E+00 -0.36770810E+02  0.20357521E+00 -0.24122810E+02 -0.27752909E+02  0.22453630E+02
  0.18131837E+00  0.48538386E+02  0.97076771E-01  0.10000000E+01  0.13168600E+01  0.18000000E+00 -0.37638309E+02  0.20357521E+00 -0.24768447E+02 -0.28340921E+02  0.22847492E+02
  0.18257753E+00  0.48383430E+02  0.96766860E-01  0.10000000E+01  0.12481088E+01  0.18000000E+00 -0.38517152E+02  0.20357521E+00 -0.25428681E+02 -0.28930859E+02  0.23249239E+02
  0.18383668E+00  0.48220804E+02  0.96441607E-01  0.10000000E+01  0.11782349E+01  0.18000000E+00 -0.39403783E+02  0.20357521E+00 -0.26101423E+02 -0.29519744E+02  0.23656672E+02
  0.18509584E+00  0.48050532E+02  0.96101064E-01  0.10000000E+01  0.11072308E+01  0.18000000E+00 -0.40294902E+02  0.20357521E+00 -0.26784725E+02 -0.30104801E+02  0.24067844E+02
  0.18635500E+00  0.47872642E+02  0.95745284E-01  0.10000000E+01  0.10350935E+01  0.18000000E+00 -0.41188181E+02  0.20357521E+00 -0.27477259E+02 -0.30684001E+02  0.24481437E+02
  0.18761415E+00  0.47687162E+02  0.95374324E-01  0.10000000E+01  0.96182145E+00  0.18000000E+00 -0.42082405E+02  0.20357521E+00 -0.28178418E+02 -0.31256151E+02  0.24896795E+02
  0.18887331E+00  0.47494122E+02  0.94988243E-01  0.10000000E+01  0.88741262E+00  0.18000000E+00 -0.42977300E+02  0.20357521E+00 -0.28888216E+02 -0.31820760E+02  0.25313771E+02
  0.19013246E+00  0.47293551E+02  0.94587102E-01  0.10000000E+01  0.81186401E+00  0.18000000E+00 -0.43873300E+02  0.20357521E+00 -0.29607136E+02 -0.32377853E+02  0.25732542E+02
  0.19139162E+00  0.47085483E+02  0.94170965E-01  0.10000000E+01  0.73517158E+00  0.18000000E+00 -0.44771350E+02  0.20357521E+00 -0.30336008E+02 -0.32927828E+02  0.26153459E+02
  0.19265077E+00  0.46869949E+02  0.93739898E-01  0.10000000E+01  0.65733076E+00  0.18000000E+00 -0.45672767E+02  0.20357521E+00 -0.31075920E+02 -0.33471335E+02  0.26576960E+02
  0.19390993E+00  0.46646984E+02  0.93293968E-01  0.10000000E+01  0.57833689E+00  0.18000000E+00 -0.46579095E+02  0.20357521E+00 -0.31828124E+02 -0.34009177E+02  0.27003502E+02
  0.19516908E+00  0.46416624E+02  0.92833248E-01  0.10000000E+01  0.49818575E+00  0.18000000E+00 -0.47491916E+02  0.20357521E+00 -0.32593909E+02 -0.34542158E+02  0.27433501E+02
  0.19642824E+00  0.46178904E+02  0.92357809E-01  0.10000000E+01  0.41687398E+00  0.18000000E+00 -0.48412595E+02  0.20357521E+00 -0.33374429E+02 -0.35070904E+02  0.27867242E+02
  0.19768739E+00  0.45933863E+02  0.91867727E-01  0.10000000E+01  0.33439968E+00  0.18000000E+00 -0.49342019E+02  0.20357521E+00 -0.34170517E+02 -0.35595675E+02  0.28304782E+02
  0.19894655E+00  0.45681540E+02  0.91363079E-01  0.10000000E+01  0.25076301E+00  0.18000000E+00 -0.50280393E+02  0.20357521E+00 -0.34982535E+02 -0.36116224E+02  0.28745871E+02
  0.20020570E+00  0.45421974E+02  0.90843947E-01  0.10000000E+01  0.16596694E+00  0.18000000E+00 -0.51227182E+02  0.20357521E+00 -0.35810324E+02 -0.36631766E+02  0.29189931E+02
  0.20146486E+00  0.45155206E+02  0.90310412E-01  0.10000000E+01  0.80017866E-01  0.18000000E+00 -0.52181225E+02  0.20357521E+00 -0.36653272E+02 -0.37141073E+02  0.29636101E+02
  0.20272401E+00  0.44881279E+02  0.89762559E-01  0.10000000E+01 -0.70740525E-02  0.18000000E+00 -0.53140979E+02  0.20357521E+00 -0.37510475E+02 -0.37642654E+02  0.30083342E+02
  0.20398317E+00  0.44600237E+02  0.89200474E-01  0.10000000E+01 -0.95294760E-01  0.18000000E+00 -0.54104792E+02  0.20357521E+00 -0.38380922E+02 -0.38134956E+02  0.30530554E+02
  0.20524233E+00  0.44312123E+02  0.88624247E-01  0.10000000E+01 -0.18462645E+00  0.18000000E+00 -0.55071109E+02  0.20357521E+00 -0.39263642E+02 -0.38616511E+02  0.30976679E+02
  0.20650148E+00  0.44016984E+02  0.88033969E-01  0.10000000E+01 -0.27504778E+00  0.18000000E+00 -0.56038568E+02  0.20357521E+00 -0.40157772E+02 -0.39086007E+02  0.31420742E+02
  0.20776064E+00  0.43714867E+02  0.87429733E-01  0.10000000E+01 -0.36653414E+00  0.18000000E+00 -0.57005995E+02  0.20357521E+00 -0.41062556E+02 -0.39542274E+02  0.31861872E+02
  0.20901979E+00  0.43405818E+02  0.86811636E-01  0.10000000E+01 -0.45905775E+00  0.18000000E+00 -0.57972332E+02  0.20357521E+00 -0.41977293E+02 -0.39984241E+02  0.32299271E+02
  0.21027895E+00  0.43089888E+02  0.86179776E-01  0.10000000E+01 -0.55258787E+00  0.18000000E+00 -0.58936548E+02  0.20357521E+00 -0.42901278E+02 -0.40410870E+02  0.32732197E+02
  0.21153810E+00  0.42767126E+02  0.85534252E-01  0.10000000E+01 -0.64709074E+00  0.18000000E+00 -0.59897574E+02  0.20357521E+00 -0.43833750E+02 -0.40821113E+02  0.33159933E+02
  0.21279726E+00  0.42437583E+02  0.84875167E-01  0.10000000E+01 -0.74252980E+00  0.18000000E+00 -0.60854274E+02  0.20357521E+00 -0.44773867E+02 -0.41213893E+02  0.33581789E+02
  0.21405641E+00  0.42101313E+02  0.84202625E-01  0.10000000E+01 -0.83886580E+00  0.18000000E+00 -0.61805444E+02  0.20357521E+00 -0.45720711E+02 -0.41588111E+02  0.33997103E+02
  0.21531557E+00  0.41758367E+02  0.83516734E-01  0.10000000E+01 -0.93605711E+00  0.18000000E+00 -0.62749833E+02  0.20357521E+00 -0.46673294E+02 -0.41942659E+02  0.34405254E+02
  0.21657472E+00  0.41408801E+02  0.82817601E-01  0.10000000E+01 -0.10340601E+01  0.18000000E+00 -0.63686166E+02  0.20357521E+00 -0.47630578E+02 -0.42276439E+02  0.34805668E+02
  0.21783388E+00  0.41052669E+02  0.82105338E-01  0.10000000E+01 -0.11328296E+01  0.18000000E+00 -0.64613162E+02  0.20357521E+00 -0.48591486E+02 -0.42588375E+02  0.35197806E+02
  0.21909303E+00  0.40690029E+02  0.81380058E-01  0.10000000E+01 -0.12323190E+01  0.18000000E+00 -0.65529556E+02  0.20357521E+00 -0.49554917E+02 -0.42877434E+02  0.35581150E+02
  0.22035219E+00  0.40320938E+02  0.80641875E-01  0.10000000E+01 -0.13324808E+01  0.18000000E+00 -0.66434105E+02  0.20357521E+00 -0.50519755E+02 -0.43142626E+02  0.35955171E+02
  0.22161135E+00  0.39945453E+02  0.79890907E-01  0.10000000E+01 -0.14332661E+01  0.18000000E+00 -0.67325600E+02  0.20357521E+00 -0.51484870E+02 -0.43383016E+02  0.36319295E+02
  0.22287050E+00  0.39563636E+02  0.79127273E-01  0.10000000E+01 -0.15346252E+01  0.18000000E+00 -0.68202845E+02  0.20357521E+00 -0.52449112E+02 -0.43597709E+02  0.36672877E+02
  0.22412966E+00  0.39175546E+02  0.78351093E-01  0.10000000E+01 -0.16365066E+01  0.18000000E+00 -0.69064629E+02  0.20357521E+00 -0.53411280E+02 -0.43785838E+02  0.37015178E+02
  0.22538881E+00  0.38781245E+02  0.77562491E-01  0.10000000E+01 -0.17388573E+01  0.18000000E+00 -0.69909682E+02  0.20357521E+00 -0.54370096E+02 -0.43946534E+02  0.37345369E+02
  0.22664797E+00  0.38380796E+02  0.76761592E-01  0.10000000E+01 -0.18416222E+01  0.18000000E+00 -0.70736636E+02  0.20357521E+00 -0.55324165E+02 -0.44078905E+02  0.37662535E+02
  0.22790712E+00  0.37974261E+02  0.75948523E-01  0.10000000E+01 -0.19447441E+01  0.18000000E+00 -0.71543986E+02  0.20357521E+00 -0.56271950E+02 -0.44182022E+02  0.37965690E+02
  0.22916628E+00  0.37561706E+02  0.75123412E-01  0.10000000E+01 -0.20481632E+01  0.18000000E+00 -0.72330064E+02  0.20357521E+00 -0.57211740E+02 -0.44254903E+02  0.38253781E+02
  0.23042543E+00  0.37143196E+02  0.74286391E-01  0.10000000E+01 -0.21518172E+01  0.18000000E+00 -0.73093016E+02  0.20357521E+00 -0.58141637E+02 -0.44296506E+02  0.38525684E+02
  0.23168459E+00  0.36718796E+02  0.73437593E-01  0.10000000E+01 -0.22556409E+01  0.18000000E+00 -0.73830790E+02  0.20357521E+00 -0.59059535E+02 -0.44305737E+02  0.38780205E+02
  0.23294374E+00  0.36288575E+02  0.72577151E-01  0.10000000E+01 -0.23595658E+01  0.18000000E+00 -0.74541150E+02  0.20357521E+00 -0.59963132E+02 -0.44281456E+02  0.39016079E+02
  0.23420290E+00  0.35852601E+02  0.71705202E-01  0.10000000E+01 -0.24635202E+01  0.18000000E+00 -0.75221701E+02  0.20357521E+00 -0.60849943E+02 -0.44222508E+02  0.39231980E+02
  0.23546205E+00  0.35410943E+02  0.70821885E-01  0.10000000E+01 -0.25677239E+01  0.17971678E+00 -0.75869333E+02  0.20293509E+00 -0.61717218E+02 -0.44126883E+02  0.39426721E+02
  0.23672121E+00  0.34963670E+02  0.69927340E-01  0.10000000E+01 -0.26721434E+01  0.17909585E+00 -0.76480199E+02  0.20153520E+00 -0.62561222E+02 -0.43992669E+02  0.39597077E+02
  0.23798037E+00  0.34510854E+02  0.69021707E-01  0.10000000E+01 -0.27767031E+01  0.17812090E+00 -0.77051297E+02  0.19934698E+00 -0.63378780E+02 -0.43818630E+02  0.39741920E+02
  0.23923952E+00  0.34052566E+02  0.68105132E-01  0.10000000E+01 -0.28813244E+01  0.17677946E+00 -0.77579858E+02  0.19635569E+00 -0.64166838E+02 -0.43603782E+02  0.39860637E+02
  0.24049868E+00  0.33588880E+02  0.67177759E-01  0.10000000E+01 -0.29859259E+01  0.17506384E+00 -0.78063340E+02  0.19256297E+00 -0.64922465E+02 -0.43347384E+02  0.39952903E+02
  0.24175783E+00  0.33119868E+02  0.66239735E-01  0.10000000E+01 -0.30904242E+01  0.17297159E+00 -0.78499493E+02  0.18798771E+00 -0.65642910E+02 -0.43048974E+02  0.40018598E+02
  0.24301699E+00  0.32645605E+02  0.65291210E-01  0.10000000E+01 -0.31947340E+01  0.17050487E+00 -0.78886414E+02  0.18266421E+00 -0.66325661E+02 -0.42708388E+02  0.40057667E+02
  0.24427614E+00  0.32166166E+02  0.64332332E-01  0.10000000E+01 -0.32987688E+01  0.16766901E+00 -0.79222582E+02  0.17663854E+00 -0.66968486E+02 -0.42325768E+02  0.40070018E+02
  0.24553530E+00  0.31681628E+02  0.63363256E-01  0.10000000E+01 -0.34024418E+01  0.16447106E+00 -0.79506857E+02  0.16996476E+00 -0.67569444E+02 -0.41901544E+02  0.40055524E+02
  0.24679445E+00  0.31192066E+02  0.62384133E-01  0.10000000E+01 -0.35056661E+01  0.16091874E+00 -0.79738454E+02  0.16270209E+00 -0.68126877E+02 -0.41436410E+02  0.40014097E+02
  0.24805361E+00  0.30697560E+02  0.61395119E-01  0.10000000E+01 -0.36083556E+01  0.15701979E+00 -0.79916915E+02  0.15491329E+00 -0.68639393E+02 -0.40931295E+02  0.39945751E+02
  0.24931276E+00  0.30198186E+02  0.60396372E-01  0.10000000E+01 -0.37104257E+01  0.15278171E+00 -0.80042099E+02  0.14666369E+00 -0.69105872E+02 -0.40387343E+02  0.39850659E+02
  0.25057192E+00  0.29694024E+02  0.59388049E-01  0.10000000E+01 -0.38117938E+01  0.14821165E+00 -0.80114191E+02  0.13802081E+00 -0.69525479E+02 -0.39805910E+02  0.39729187E+02
  0.25183107E+00  0.29185155E+02  0.58370310E-01  0.10000000E+01 -0.39123800E+01  0.14331662E+00 -0.80133740E+02  0.12905445E+00 -0.69897706E+02 -0.39188566E+02  0.39581924E+02
  0.25309023E+00  0.28671659E+02  0.57343317E-01  0.10000000E+01 -0.40121076E+01  0.13810376E+00 -0.80101715E+02  0.11983699E+00 -0.70222434E+02 -0.38537110E+02  0.39409705E+02
  0.25434939E+00  0.28153616E+02  0.56307233E-01  0.10000000E+01 -0.41109037E+01  0.13258081E+00 -0.80019557E+02  0.11044377E+00 -0.70499989E+02 -0.37853578E+02  0.39213620E+02
  0.25560854E+00  0.27631111E+02  0.55262221E-01  0.10000000E+01 -0.42086997E+01  0.12675657E+00 -0.79889218E+02  0.10095337E+00 -0.70731183E+02 -0.37140235E+02  0.38994989E+02
  0.25686770E+00  0.27104224E+02  0.54208448E-01  0.10000000E+01 -0.43054318E+01  0.12064113E+00 -0.79713151E+02  0.91447259E-01 -0.70917326E+02 -0.36399557E+02  0.38755318E+02
  0.25812685E+00  0.26573040E+02  0.53146080E-01  0.10000000E+01 -0.44010414E+01  0.11424602E+00 -0.79494267E+02  0.82009097E-01 -0.71060190E+02 -0.35634177E+02  0.38496232E+02
  0.25938601E+00  0.26037643E+02  0.52075286E-01  0.10000000E+01 -0.44954750E+01  0.10758390E+00 -0.79235852E+02  0.72723440E-01 -0.71161953E+02 -0.34846836E+02  0.38219412E+02
  0.26064516E+00  0.25498118E+02  0.50996236E-01  0.10000000E+01 -0.45886853E+01  0.10066816E+00 -0.78941460E+02  0.63674298E-01 -0.71225106E+02 -0.34040308E+02  0.37926541E+02
  0.26190432E+00  0.24954550E+02  0.49909101E-01  0.10000000E+01 -0.46806304E+01  0.93512424E-01 -0.78614804E+02  0.54943777E-01 -0.71252360E+02 -0.33217338E+02  0.37619269E+02
  0.26316347E+00  0.24407026E+02  0.48814053E-01  0.10000000E+01 -0.47712747E+01  0.86130014E-01 -0.78259649E+02  0.46611053E-01 -0.71246557E+02 -0.32380594E+02  0.37299205E+02
  0.26442263E+00  0.23855633E+02  0.47711265E-01  0.10000000E+01 -0.48605883E+01  0.78533683E-01 -0.77879736E+02  0.38751794E-01 -0.71210595E+02 -0.31532617E+02  0.36967923E+02
  0.26568178E+00  0.23300457E+02  0.46600914E-01  0.10000000E+01 -0.49485472E+01  0.70735461E-01 -0.77478735E+02  0.31437952E-01 -0.71147383E+02 -0.30675807E+02  0.36626966E+02
  0.26694094E+00  0.22741587E+02  0.45483173E-01  0.10000000E+01 -0.50351330E+01  0.62746626E-01 -0.77060217E+02  0.24737775E-01 -0.71059818E+02 -0.29812410E+02  0.36277863E+02
  0.26820009E+00  0.22179111E+02  0.44358222E-01  0.10000000E+01 -0.51203327E+01  0.54577689E-01 -0.76627651E+02  0.18715877E-01 -0.70950774E+02 -0.28944516E+02  0.35922118E+02
  0.26945925E+00  0.21613119E+02  0.43226238E-01  0.10000000E+01 -0.52041388E+01  0.46238305E-01 -0.76184396E+02  0.13433330E-01 -0.70823088E+02 -0.28074055E+02  0.35561196E+02
  0.27071841E+00  0.21043700E+02  0.42087401E-01  0.10000000E+01 -0.52865486E+01  0.37737082E-01 -0.75733675E+02  0.89478052E-02 -0.70679542E+02 -0.27202792E+02  0.35196505E+02
  0.27197756E+00  0.20470945E+02  0.40941891E-01  0.10000000E+01 -0.53675643E+01  0.29081376E-01 -0.75278544E+02  0.53138560E-02 -0.70522820E+02 -0.26332321E+02  0.34829378E+02
  0.27323672E+00  0.19894945E+02  0.39789889E-01  0.10000000E+01 -0.54471926E+01  0.20277144E-01 -0.74821852E+02  0.25834106E-02 -0.70355466E+02 -0.25464051E+02  0.34461064E+02
  0.27449587E+00  0.19315790E+02  0.38631580E-01  0.10000000E+01 -0.55254443E+01  0.11329006E-01 -0.74366208E+02  0.80642414E-03 -0.70179854E+02 -0.24599205E+02  0.34092748E+02
  0.27575503E+00  0.18733573E+02  0.37467145E-01  0.10000000E+01 -0.56023341E+01  0.22405618E-02 -0.73913976E+02  0.31542327E-04 -0.69998170E+02 -0.23738831E+02  0.33725569E+02
  0.27701418E+00  0.18148385E+02  0.36296770E-01  0.10000000E+01 -0.56778799E+01 -0.69850334E-02 -0.73467296E+02  0.30656096E-03 -0.69812426E+02 -0.22883813E+02  0.33360652E+02
  0.27827334E+00  0.17560320E+02  0.35120641E-01  0.10000000E+01 -0.57521026E+01 -0.16344297E-01 -0.73028124E+02  0.16784654E-02 -0.69624495E+02 -0.22034894E+02  0.32999131E+02
  0.27953249E+00  0.16969472E+02  0.33938943E-01  0.10000000E+01 -0.58250256E+01 -0.25832601E-01 -0.72598286E+02  0.41929159E-02 -0.69436162E+02 -0.21192701E+02  0.32642148E+02
  0.28079165E+00  0.16375932E+02  0.32751865E-01  0.10000000E+01 -0.58966746E+01 -0.35443454E-01 -0.72179522E+02  0.78931790E-02 -0.69249153E+02 -0.20357757E+02  0.32290839E+02
  0.28205080E+00  0.15779797E+02  0.31559594E-01  0.10000000E+01 -0.59670768E+01 -0.45168061E-01 -0.71773516E+02  0.12818664E-01 -0.69065170E+02 -0.19530494E+02  0.31946279E+02
  0.28330996E+00  0.15181159E+02  0.30362319E-01  0.10000000E+01 -0.60362610E+01 -0.54995263E-01 -0.71381885E+02  0.19003362E-01 -0.68885870E+02 -0.18711246E+02  0.31609423E+02
  0.28456911E+00  0.14580115E+02  0.29160230E-01  0.10000000E+01 -0.61042566E+01 -0.64911899E-01 -0.71006147E+02  0.26474546E-01 -0.68712842E+02 -0.17900248E+02  0.31281035E+02
  0.28582827E+00  0.13976759E+02  0.27953518E-01  0.10000000E+01 -0.61710940E+01 -0.74903544E-01 -0.70647664E+02  0.35252069E-01 -0.68547539E+02 -0.17097619E+02  0.30961632E+02
  0.28708742E+00  0.13371187E+02  0.26742375E-01  0.10000000E+01 -0.62368034E+01 -0.84955486E-01 -0.70307583E+02  0.45348480E-01 -0.68391218E+02 -0.16303359E+02  0.30651453E+02
  0.28834658E+00  0.12763495E+02  0.25526991E-01  0.10000000E+01 -0.63014155E+01 -0.95053782E-01 -0.69986773E+02  0.56769973E-01 -0.68244879E+02 -0.15517347E+02  0.30350465E+02
  0.28960574E+00  0.12153780E+02  0.24307560E-01  0.10000000E+01 -0.63649604E+01 -0.10518620E+00 -0.69685797E+02  0.69518020E-01 -0.68109227E+02 -0.14739347E+02  0.30058401E+02
  0.29086489E+00  0.11542138E+02  0.23084276E-01  0.10000000E+01 -0.64274682E+01 -0.11534293E+00 -0.69404901E+02  0.83591441E-01 -0.67984657E+02 -0.13969028E+02  0.29774816E+02
  0.29212405E+00  0.10928666E+02  0.21857331E-01  0.10000000E+01 -0.64889682E+01 -0.12551700E+00 -0.69144026E+02  0.98988562E-01 -0.67871262E+02 -0.13205981E+02  0.29499152E+02
  0.29338320E+00  0.10313461E+02  0.20626921E-01  0.10000000E+01 -0.65494890E+01 -0.13570443E+00 -0.68902843E+02  0.11570922E+00 -0.67768864E+02 -0.12449747E+02  0.29230798E+02
  0.29464236E+00  0.96966205E+01  0.19393241E-01  0.10000000E+01 -0.66090587E+01 -0.14590403E+00 -0.68680796E+02  0.13375637E+00 -0.67677053E+02 -0.11699837E+02  0.28969141E+02
  0.29590151E+00  0.90782431E+01  0.18156486E-01  0.10000000E+01 -0.66677043E+01 -0.15611709E+00 -0.68477150E+02  0.15313723E+00 -0.67595229E+02 -0.10955757E+02  0.28713600E+02
  0.29716067E+00  0.84584263E+01  0.16916853E-01  0.10000000E+01 -0.67254519E+01 -0.16634693E+00 -0.68291033E+02  0.17386392E+00 -0.67522647E+02 -0.10217020E+02  0.28463643E+02
  0.29841982E+00  0.78372685E+01  0.15674537E-01  0.10000000E+01 -0.67823265E+01 -0.17659835E+00 -0.68121476E+02  0.19595356E+00 -0.67458457E+02 -0.94831669E+01  0.28218795E+02
  0.29967898E+00  0.72148682E+01  0.14429736E-01  0.10000000E+01 -0.68311238E+01 -0.18000000E+00 -0.67967367E+02  0.20357521E+00 -0.67403644E+02 -0.87380315E+01  0.27977028E+02
  0.30093813E+00  0.65913239E+01  0.13182648E-01  0.10000000E+01 -0.68753751E+01 -0.18000000E+00 -0.67821306E+02  0.20357521E+00 -0.67349650E+02 -0.79872156E+01  0.27740165E+02
  0.30219729E+00  0.59667347E+01  0.11933469E-01  0.10000000E+01 -0.69186179E+01 -0.18000000E+00 -0.67676471E+02  0.20357521E+00 -0.67288666E+02 -0.72375119E+01  0.27494635E+02
  0.30345644E+00  0.53411994E+01  0.10682399E-01  0.10000000E+01 -0.69608486E+01 -0.18000000E+00 -0.67537688E+02  0.20357521E+00 -0.67225491E+02 -0.64895422E+01  0.27245287E+02
  0.30471560E+00  0.47148173E+01  0.94296347E-02  0.10000000E+01 -0.70020497E+01 -0.18000000E+00 -0.67404705E+02  0.20357521E+00 -0.67159885E+02 -0.57433003E+01  0.26992488E+02
  0.30597476E+00  0.40876877E+01  0.81753755E-02  0.10000000E+01 -0.70421861E+01 -0.18000000E+00 -0.67276020E+02  0.20357521E+00 -0.67090366E+02 -0.49987009E+01  0.26735067E+02
  0.30723391E+00  0.34599101E+01  0.69198201E-02  0.10000000E+01 -0.70812095E+01 -0.18000000E+00 -0.67150235E+02  0.20357521E+00 -0.67015552E+02 -0.42557295E+01  0.26471602E+02
  0.30849307E+00  0.28315838E+01  0.56631677E-02  0.10000000E+01 -0.71190603E+01 -0.18000000E+00 -0.67026115E+02  0.20357521E+00 -0.66934223E+02 -0.35144400E+01  0.26200498E+02
  0.30975222E+00  0.22028087E+01  0.44056174E-02  0.10000000E+01 -0.71556664E+01 -0.18000000E+00 -0.66902484E+02  0.20357521E+00 -0.66845221E+02 -0.27749418E+01  0.25919893E+02
  0.31101138E+00  0.15736843E+01  0.31473686E-02  0.10000000E+01 -0.71909430E+01 -0.18000000E+00 -0.66778272E+02  0.20357521E+00 -0.66747494E+02 -0.20373980E+01  0.25627702E+02
  0.31227053E+00  0.94431038E+00  0.18886208E-02  0.10000000E+01 -0.72247916E+01 -0.18000000E+00 -0.66652576E+02  0.20357521E+00 -0.66640169E+02 -0.13020207E+01  0.25321721E+02
  0.31352969E+00  0.31478676E+00  0.62957353E-03  0.10000000E+01 -0.72571004E+01 -0.18000000E+00 -0.66524703E+02  0.20357521E+00 -0.66522581E+02 -0.56906138E+00  0.24999764E+02
  0.31478884E+00 -0.31478676E+00 -0.62957353E-03  0.10000000E+01 -0.72877459E+01 -0.18000000E+00 -0.66394185E+02  0.20357521E+00 -0.66394302E+02  0.16120004E+00  0.24659906E+02
  0.31604800E+00 -0.94431038E+00 -0.18886208E-02  0.10000000E+01 -0.73165982E+01 -0.18000000E+00 -0.66260806E+02  0.20357521E+00 -0.66255162E+02  0.88846893E+00  0.24300843E+02
  0.31730715E+00 -0.15736843E+01 -0.31473686E-02  0.10000000E+01 -0.73435274E+01 -0.18000000E+00 -0.66124614E+02  0.20357521E+00 -0.66105265E+02  0.16124501E+01  0.23922319E+02
  0.31856631E+00 -0.22028087E+01 -0.44056174E-02  0.10000000E+01 -0.73684140E+01 -0.18000000E+00 -0.65985920E+02  0.20357521E+00 -0.65944983E+02  0.23328625E+01  0.23525496E+02
  0.31982546E+00 -0.28315838E+01 -0.56631677E-02  0.10000000E+01 -0.73911589E+01 -0.18000000E+00 -0.65845264E+02  0.20357521E+00 -0.65774928E+02  0.30494523E+01  0.23112979E+02
  0.32108462E+00 -0.34599101E+01 -0.69198201E-02  0.10000000E+01 -0.74116898E+01 -0.18000000E+00 -0.65703388E+02  0.20357521E+00 -0.65595915E+02  0.37620039E+01  0.22688294E+02
  0.32234378E+00 -0.40876877E+01 -0.81753755E-02  0.10000000E+01 -0.74299604E+01 -0.18000000E+00 -0.65561212E+02  0.20357521E+00 -0.65408944E+02  0.44703494E+01  0.22254917E+02
  0.32360293E+00 -0.47148173E+01 -0.94296347E-02  0.10000000E+01 -0.74459444E+01 -0.18000000E+00 -0.65419836E+02  0.20357521E+00 -0.65215199E+02  0.51743788E+01  0.21815407E+02
  0.32486209E+00 -0.53411994E+01 -0.10682399E-01  0.10000000E+01 -0.74596283E+01 -0.18000000E+00 -0.65280503E+02  0.20357521E+00 -0.65016006E+02  0.58740460E+01  0.21371342E+02
  0.32612124E+00 -0.59667347E+01 -0.11933469E-01  0.10000000E+01 -0.74710110E+01 -0.18000000E+00 -0.65144497E+02  0.20357521E+00 -0.64812733E+02  0.65693659E+01  0.20924204E+02
  0.32738040E+00 -0.65913239E+01 -0.13182648E-01  0.10000000E+01 -0.74801112E+01 -0.18000000E+00 -0.65013021E+02  0.20357521E+00 -0.64606663E+02  0.72604024E+01  0.20476627E+02
  0.32863955E+00 -0.72148682E+01 -0.14429736E-01  0.10000000E+01 -0.74869807E+01 -0.18000000E+00 -0.64887019E+02  0.20357521E+00 -0.64398820E+02  0.79472418E+01  0.20033146E+02
  0.32989871E+00 -0.78372685E+01 -0.15674537E-01  0.10000000E+01 -0.74917151E+01 -0.18000000E+00 -0.64766895E+02  0.20357521E+00 -0.64189690E+02  0.86299394E+01  0.19599889E+02
  0.33115786E+00 -0.84584263E+01 -0.16916853E-01  0.10000000E+01 -0.74944563E+01 -0.18000000E+00 -0.64652171E+02  0.20357521E+00 -0.63978884E+02  0.93084401E+01  0.19183430E+02
  0.33241702E+00 -0.90782431E+01 -0.18156486E-01  0.10000000E+01 -0.74953876E+01 -0.18000000E+00 -0.64541211E+02  0.20357521E+00 -0.63764875E+02  0.99824878E+01  0.18789639E+02
  0.33367617E+00 -0.96966205E+01 -0.19393241E-01  0.10000000E+01 -0.74947244E+01 -0.18000000E+00 -0.64431132E+02  0.20357521E+00 -0.63544919E+02  0.10651549E+02  0.18423147E+02
  0.33493533E+00 -0.10313461E+02 -0.20626921E-01  0.10000000E+01 -0.74927049E+01 -0.18000000E+00 -0.64318025E+02  0.20357521E+00 -0.63315286E+02  0.11314786E+02  0.18087159E+02
  0.33619448E+00 -0.10928666E+02 -0.21857331E-01  0.10000000E+01 -0.74895745E+01 -0.18000000E+00 -0.64197633E+02  0.20357521E+00 -0.63071939E+02  0.11971135E+02  0.17782684E+02
  0.33745364E+00 -0.11542138E+02 -0.23084276E-01  0.10000000E+01 -0.74855584E+01 -0.18000000E+00 -0.64066481E+02  0.20357521E+00 -0.62811650E+02  0.12619512E+02  0.17506701E+02
  0.33871280E+00 -0.12153780E+02 -0.24307560E-01  0.10000000E+01 -0.74808188E+01 -0.18000000E+00 -0.63923117E+02  0.20357521E+00 -0.62533208E+02  0.13259122E+02  0.17250041E+02
  0.33997195E+00 -0.12763495E+02 -0.25526991E-01  0.10000000E+01 -0.74754130E+01 -0.18000000E+00 -0.63768511E+02  0.20357521E+00 -0.62237786E+02  0.13889652E+02  0.16997343E+02
  0.34123111E+00 -0.13371187E+02 -0.26742375E-01  0.10000000E+01 -0.74692783E+01 -0.18000000E+00 -0.63604888E+02  0.20357521E+00 -0.61927784E+02  0.14511127E+02  0.16731070E+02
  0.34249026E+00 -0.13976759E+02 -0.27953518E-01  0.10000000E+01 -0.74622592E+01 -0.18000000E+00 -0.63433706E+02  0.20357521E+00 -0.61604843E+02  0.15123487E+02  0.16437424E+02
  0.34374942E+00 -0.14580115E+02 -0.29160230E-01  0.10000000E+01 -0.74541542E+01 -0.18000000E+00 -0.63254608E+02  0.20357521E+00 -0.61268841E+02  0.15726284E+02  0.16109347E+02
  0.34500857E+00 -0.15181159E+02 -0.30362319E-01  0.10000000E+01 -0.74447579E+01 -0.18000000E+00 -0.63066265E+02  0.20357521E+00 -0.60918731E+02  0.16318808E+02  0.15745825E+02
  0.34626773E+00 -0.15779797E+02 -0.31559594E-01  0.10000000E+01 -0.74338972E+01 -0.18000000E+00 -0.62868087E+02  0.20357521E+00 -0.60554197E+02  0.16900504E+02  0.15351182E+02
  0.34752688E+00 -0.16375932E+02 -0.32751865E-01  0.10000000E+01 -0.74214760E+01 -0.18000000E+00 -0.62660948E+02  0.20357521E+00 -0.60176345E+02  0.17471215E+02  0.14936318E+02
  0.34878604E+00 -0.16969472E+02 -0.33938943E-01  0.10000000E+01 -0.74075175E+01 -0.18000000E+00 -0.62445899E+02  0.20357521E+00 -0.59786446E+02  0.18030882E+02  0.14518580E+02
  0.35004519E+00 -0.17560320E+02 -0.35120641E-01  0.10000000E+01 -0.73921627E+01 -0.18000000E+00 -0.62221828E+02  0.20357521E+00 -0.59383701E+02  0.18578841E+02  0.14115349E+02
  0.35130435E+00 -0.18148385E+02 -0.36296770E-01  0.10000000E+01 -0.73756019E+01 -0.18000000E+00 -0.61984558E+02  0.20357521E+00 -0.58964423E+02  0.19113441E+02  0.13734160E+02
  0.35256350E+00 -0.18733573E+02 -0.37467145E-01  0.10000000E+01 -0.73579882E+01 -0.18000000E+00 -0.61728583E+02  0.20357521E+00 -0.58523723E+02  0.19632453E+02  0.13369969E+02
  0.35382266E+00 -0.19315790E+02 -0.38631580E-01  0.10000000E+01 -0.73393949E+01 -0.18000000E+00 -0.61449890E+02  0.20357521E+00 -0.58058203E+02  0.20133940E+02  0.13011313E+02
  0.35508181E+00 -0.19894945E+02 -0.39789889E-01  0.10000000E+01 -0.73198146E+01 -0.18000000E+00 -0.61147629E+02  0.20357521E+00 -0.57567502E+02  0.20616905E+02  0.12646531E+02
  0.35634097E+00 -0.20470945E+02 -0.40941891E-01  0.10000000E+01 -0.72991793E+01 -0.18000000E+00 -0.60823470E+02  0.20357521E+00 -0.57053644E+02  0.21081216E+02  0.12266846E+02
  0.35760013E+00 -0.21043700E+02 -0.42087401E-01  0.10000000E+01 -0.72773940E+01 -0.18000000E+00 -0.60479193E+02  0.20357521E+00 -0.56518743E+02  0.21526865E+02  0.11868376E+02
  0.35885928E+00 -0.21613119E+02 -0.43226238E-01  0.10000000E+01 -0.72543727E+01 -0.18000000E+00 -0.60114603E+02  0.20357521E+00 -0.55963060E+02  0.21953197E+02  0.11452434E+02
  0.36011844E+00 -0.22179111E+02 -0.44358222E-01  0.10000000E+01 -0.72300593E+01 -0.18000000E+00 -0.59727252E+02  0.20357521E+00 -0.55384780E+02  0.22358718E+02  0.11023487E+02
  0.36137759E+00 -0.22741587E+02 -0.45483173E-01  0.10000000E+01 -0.72044303E+01 -0.18000000E+00 -0.59313975E+02  0.20357521E+00 -0.54781470E+02  0.22741584E+02  0.10586282E+02
  0.36263675E+00 -0.23300457E+02 -0.46600914E-01  0.10000000E+01 -0.71774845E+01 -0.18000000E+00 -0.58872433E+02  0.20357521E+00 -0.54151512E+02  0.23100185E+02  0.10144214E+02
  0.36389590E+00 -0.23855633E+02 -0.47711265E-01  0.10000000E+01 -0.71492327E+01 -0.18000000E+00 -0.58401893E+02  0.20357521E+00 -0.53494800E+02  0.23433500E+02  0.96990856E+01
  0.36515506E+00 -0.24407026E+02 -0.48814053E-01  0.10000000E+01 -0.71196927E+01 -0.18000000E+00 -0.57902765E+02  0.20357521E+00 -0.52812289E+02  0.23740973E+02  0.92519963E+01
  0.36641421E+00 -0.24954550E+02 -0.49909101E-01  0.10000000E+01 -0.70888878E+01 -0.18000000E+00 -0.57376440E+02  0.20357521E+00 -0.52105821E+02  0.24022505E+02  0.88037933E+01
  0.36767337E+00 -0.25498118E+02 -0.50996236E-01  0.10000000E+01 -0.70568487E+01 -0.18000000E+00 -0.56825008E+02  0.20357521E+00 -0.51377854E+02  0.24278365E+02  0.83556316E+01
  0.36893252E+00 -0.26037643E+02 -0.52075286E-01  0.10000000E+01 -0.70236139E+01 -0.18000000E+00 -0.56251801E+02  0.20357521E+00 -0.50631934E+02  0.24509465E+02  0.79087904E+01
  0.37019168E+00 -0.26573040E+02 -0.53146080E-01  0.10000000E+01 -0.69892320E+01 -0.18000000E+00 -0.55660840E+02  0.20357521E+00 -0.49872164E+02  0.24717156E+02  0.74650614E+01
  0.37145083E+00 -0.27104224E+02 -0.54208448E-01  0.10000000E+01 -0.69537642E+01 -0.18000000E+00 -0.55056120E+02  0.20357521E+00 -0.49102565E+02  0.24902930E+02  0.70265737E+01
  0.37270999E+00 -0.27631111E+02 -0.55262221E-01  0.10000000E+01 -0.69172877E+01 -0.18000000E+00 -0.54439895E+02  0.20357521E+00 -0.48325541E+02  0.25067623E+02  0.65960365E+01
  0.37396915E+00 -0.28153616E+02 -0.56307233E-01  0.10000000E+01 -0.68799004E+01 -0.18000000E+00 -0.53812931E+02  0.20357521E+00 -0.47542146E+02  0.25211451E+02  0.61766632E+01
  0.37522830E+00 -0.28671659E+02 -0.57343317E-01  0.10000000E+01 -0.68417218E+01 -0.18000000E+00 -0.53175805E+02  0.20357521E+00 -0.46753252E+02  0.25334583E+02  0.57719217E+01
  0.37648746E+00 -0.29185155E+02 -0.58370310E-01  0.10000000E+01 -0.68028943E+01 -0.18000000E+00 -0.52529996E+02  0.20357521E+00 -0.45960501E+02  0.25437654E+02  0.53855096E+01
  0.37774661E+00 -0.29694024E+02 -0.59388049E-01  0.10000000E+01 -0.67635816E+01 -0.18000000E+00 -0.51877129E+02  0.20357521E+00 -0.45165634E+02  0.25521432E+02  0.50209345E+01
  0.37900577E+00 -0.30198186E+02 -0.60396372E-01  0.10000000E+01 -0.67239638E+01 -0.18000000E+00 -0.51217748E+02  0.20357521E+00 -0.44369421E+02  0.25586200E+02  0.46810290E+01
  0.38026492E+00 -0.30697560E+02 -0.61395119E-01  0.10000000E+01 -0.66842255E+01 -0.18000000E+00 -0.50550970E+02  0.20357521E+00 -0.43571392E+02  0.25631540E+02  0.43667814E+01
  0.38152408E+00 -0.31192066E+02 -0.62384133E-01  0.10000000E+01 -0.66445327E+01 -0.18000000E+00 -0.49875313E+02  0.20357521E+00 -0.42770570E+02  0.25656707E+02  0.40756387E+01
  0.38278323E+00 -0.31681628E+02 -0.63363256E-01  0.10000000E+01 -0.66050007E+01 -0.18000000E+00 -0.49189545E+02  0.20357521E+00 -0.41966214E+02  0.25661053E+02  0.37999785E+01
  0.38404239E+00 -0.32166166E+02 -0.64332332E-01  0.10000000E+01 -0.65656556E+01 -0.18000000E+00 -0.48493359E+02  0.20357521E+00 -0.41158380E+02  0.25644397E+02  0.35263654E+01
  0.38530154E+00 -0.32645605E+02 -0.65291210E-01  0.10000000E+01 -0.65264076E+01 -0.18000000E+00 -0.47786921E+02  0.20357521E+00 -0.40347517E+02  0.25606818E+02  0.32370907E+01
  0.38656070E+00 -0.33119868E+02 -0.66239735E-01  0.10000000E+01 -0.64870471E+01 -0.18000000E+00 -0.47070230E+02  0.20357521E+00 -0.39533928E+02  0.25548317E+02  0.29139419E+01
  0.38781985E+00 -0.33588880E+02 -0.67177759E-01  0.10000000E+01 -0.64472746E+01 -0.18000000E+00 -0.46342851E+02  0.20357521E+00 -0.38717545E+02  0.25468666E+02  0.25430774E+01
  0.38907901E+00 -0.34052566E+02 -0.68105132E-01  0.10000000E+01 -0.64067563E+01 -0.18000000E+00 -0.45603311E+02  0.20357521E+00 -0.37897439E+02  0.25367057E+02  0.21192649E+01
  0.39033817E+00 -0.34510854E+02 -0.69021707E-01  0.10000000E+01 -0.63651920E+01 -0.18000000E+00 -0.44848909E+02  0.20357521E+00 -0.37071686E+02  0.25241954E+02  0.16475039E+01
  0.39159732E+00 -0.34963670E+02 -0.69927340E-01  0.10000000E+01 -0.63223711E+01 -0.18000000E+00 -0.44076678E+02  0.20357521E+00 -0.36238184E+02  0.25091612E+02  0.11414564E+01
  0.39285648E+00 -0.35410943E+02 -0.70821885E-01  0.10000000E+01 -0.62782046E+01 -0.18000000E+00 -0.43283822E+02  0.20357521E+00 -0.35395016E+02  0.24914324E+02  0.61984032E+00
  0.39411563E+00 -0.35852601E+02 -0.71705202E-01  0.10000000E+01 -0.62327274E+01 -0.18000000E+00 -0.42469906E+02  0.20357521E+00 -0.34542216E+02  0.24709708E+02  0.10188312E+00
  0.39537479E+00 -0.36288575E+02 -0.72577151E-01  0.10000000E+01 -0.61860847E+01 -0.18000000E+00 -0.41635968E+02  0.20357521E+00 -0.33681004E+02  0.24478260E+02 -0.39514809E+00
  0.39663394E+00 -0.36718796E+02 -0.73437593E-01  0.10000000E+01 -0.61385013E+01 -0.18000000E+00 -0.40787515E+02  0.20357521E+00 -0.32816152E+02  0.24223190E+02 -0.85850957E+00
  0.39789310E+00 -0.37143196E+02 -0.74286391E-01  0.10000000E+01 -0.60902554E+01 -0.18000000E+00 -0.39928329E+02  0.20357521E+00 -0.31950947E+02  0.23946814E+02 -0.12796110E+01
  0.39915225E+00 -0.37561706E+02 -0.75123412E-01  0.10000000E+01 -0.60416253E+01 -0.18000000E+00 -0.39067825E+02  0.20357521E+00 -0.31093060E+02  0.23654978E+02 -0.16579073E+01
  0.40041141E+00 -0.37974261E+02 -0.75948523E-01  0.10000000E+01 -0.59928573E+01 -0.18000000E+00 -0.38207514E+02  0.20357521E+00 -0.30243757E+02  0.23348892E+02 -0.19979837E+01
  0.40167056E+00 -0.38380796E+02 -0.76761592E-01  0.10000000E+01 -0.59440945E+01 -0.18000000E+00 -0.37357633E+02  0.20357521E+00 -0.29411105E+02  0.23035214E+02 -0.23153495E+01
  0.40292972E+00 -0.38781245E+02 -0.77562491E-01  0.10000000E+01 -0.58953596E+01 -0.18000000E+00 -0.36515760E+02  0.20357521E+00 -0.28593115E+02  0.22712903E+02 -0.26285060E+01
  0.40418887E+00 -0.39175546E+02 -0.78351093E-01  0.10000000E+01 -0.58465266E+01 -0.18000000E+00 -0.35686298E+02  0.20357521E+00 -0.27793121E+02  0.22385167E+02 -0.29602765E+01
  0.40544803E+00 -0.39563636E+02 -0.79127273E-01  0.10000000E+01 -0.57973496E+01 -0.18000000E+00 -0.34863849E+02  0.20357521E+00 -0.27006820E+02  0.22049061E+02 -0.33295029E+01
  0.40670719E+00 -0.39945453E+02 -0.79890907E-01  0.10000000E+01 -0.57475246E+01 -0.18000000E+00 -0.34046746E+02  0.20357521E+00 -0.26232850E+02  0.21703915E+02 -0.37451491E+01
  0.40796634E+00 -0.40320938E+02 -0.80641875E-01  0.10000000E+01 -0.56967809E+01 -0.18000000E+00 -0.33220811E+02  0.20357521E+00 -0.25460333E+02  0.21340926E+02 -0.42024388E+01
  0.40922550E+00 -0.40690029E+02 -0.81380058E-01  0.10000000E+01 -0.56449480E+01 -0.18000000E+00 -0.32383719E+02  0.20357521E+00 -0.24687607E+02  0.20958738E+02 -0.46855229E+01
  0.41048465E+00 -0.41052669E+02 -0.82105338E-01  0.10000000E+01 -0.55920267E+01 -0.18000000E+00 -0.31523741E+02  0.20357521E+00 -0.23905946E+02  0.20549779E+02 -0.51674942E+01
  0.41174381E+00 -0.41408801E+02 -0.82817601E-01  0.10000000E+01 -0.55381755E+01 -0.18000000E+00 -0.30643550E+02  0.20357521E+00 -0.23117603E+02  0.20115791E+02 -0.56229981E+01
  0.41300296E+00 -0.41758367E+02 -0.83516734E-01  0.10000000E+01 -0.54836706E+01 -0.18000000E+00 -0.29748575E+02  0.20357521E+00 -0.22326829E+02  0.19660413E+02 -0.60329990E+01
  0.41426212E+00 -0.42101313E+02 -0.84202625E-01  0.10000000E+01 -0.54288527E+01 -0.18000000E+00 -0.28844355E+02  0.20357521E+00 -0.21537857E+02  0.19187469E+02 -0.63868654E+01
  0.41552127E+00 -0.42437583E+02 -0.84875167E-01  0.10000000E+01 -0.53740343E+01 -0.18000000E+00 -0.27947444E+02  0.20357521E+00 -0.20762943E+02  0.18708321E+02 -0.66885175E+01
  0.41678043E+00 -0.42767126E+02 -0.85534252E-01  0.10000000E+01 -0.53194389E+01 -0.18000000E+00 -0.27066873E+02  0.20357521E+00 -0.20008553E+02  0.18229506E+02 -0.69520091E+01
  0.41803958E+00 -0.43089888E+02 -0.86179776E-01  0.10000000E+01 -0.52651838E+01 -0.18000000E+00 -0.26204119E+02  0.20357521E+00 -0.19275490E+02  0.17752543E+02 -0.71943642E+01
  0.41929874E+00 -0.43405818E+02 -0.86811636E-01  0.10000000E+01 -0.52112672E+01 -0.18000000E+00 -0.25364343E+02  0.20357521E+00 -0.18567208E+02  0.17281496E+02 -0.74343857E+01
  0.42055789E+00 -0.43714867E+02 -0.87429733E-01  0.10000000E+01 -0.51576129E+01 -0.18000000E+00 -0.24532906E+02  0.20357521E+00 -0.17872771E+02  0.16806814E+02 -0.76842259E+01
  0.42181705E+00 -0.44016984E+02 -0.88033969E-01  0.10000000E+01 -0.51040974E+01 -0.18000000E+00 -0.23702744E+02  0.20357521E+00 -0.17186904E+02  0.16323965E+02 -0.79513293E+01
  0.42307621E+00 -0.44312123E+02 -0.88624247E-01  0.10000000E+01 -0.50505971E+01 -0.18000000E+00 -0.22875596E+02  0.20357521E+00 -0.16510727E+02  0.15834463E+02 -0.82353476E+01
  0.42433536E+00 -0.44600237E+02 -0.89200474E-01  0.10000000E+01 -0.49970370E+01 -0.18000000E+00 -0.22033018E+02  0.20357521E+00 -0.15830960E+02  0.15325666E+02 -0.85291646E+01
  0.42559452E+00 -0.44881279E+02 -0.89762559E-01  0.10000000E+01 -0.49433319E+01 -0.18000000E+00 -0.21191818E+02  0.20357521E+00 -0.15159546E+02  0.14809549E+02 -0.88338663E+01
  0.42685367E+00 -0.45155206E+02 -0.90310412E-01  0.10000000E+01 -0.48894225E+01 -0.18000000E+00 -0.20338533E+02  0.20357521E+00 -0.14486843E+02  0.14276860E+02 -0.91459043E+01
  0.42811283E+00 -0.45421974E+02 -0.90843947E-01  0.10000000E+01 -0.48352470E+01 -0.18000000E+00 -0.19489658E+02  0.20357521E+00 -0.13824405E+02  0.13739506E+02 -0.94643611E+01
  0.42937198E+00 -0.45681540E+02 -0.91363079E-01  0.10000000E+01 -0.47807278E+01 -0.18000000E+00 -0.18657405E+02  0.20357521E+00 -0.13180570E+02  0.13206544E+02 -0.97906863E+01
  0.43063114E+00 -0.45933863E+02 -0.91867727E-01  0.10000000E+01 -0.47257901E+01 -0.18000000E+00 -0.17829882E+02  0.20357521E+00 -0.12546750E+02  0.12669855E+02 -0.10124450E+02
  0.43189029E+00 -0.46178904E+02 -0.92357809E-01  0.10000000E+01 -0.46703349E+01 -0.18000000E+00 -0.17015868E+02  0.20357521E+00 -0.11928819E+02  0.12136083E+02 -0.10468965E+02
  0.43314945E+00 -0.46416624E+02 -0.92833248E-01  0.10000000E+01 -0.46142749E+01 -0.18000000E+00 -0.16222778E+02  0.20357521E+00 -0.11331600E+02  0.11610979E+02 -0.10821718E+02
  0.43440860E+00 -0.46646984E+02 -0.93293968E-01  0.10000000E+01 -0.45575918E+01 -0.18000000E+00 -0.15426327E+02  0.20357521E+00 -0.10738069E+02  0.11077314E+02 -0.11174009E+02
  0.43566776E+00 -0.46869949E+02 -0.93739898E-01  0.10000000E+01 -0.45003692E+01 -0.18000000E+00 -0.14687331E+02  0.20357521E+00 -0.10189661E+02  0.10579695E+02 -0.11505643E+02
  0.43692691E+00 -0.47085483E+02 -0.94170965E-01  0.10000000E+01 -0.44429600E+01 -0.18000000E+00 -0.13894305E+02  0.20357521E+00 -0.96098145E+01  0.10037163E+02 -0.11782286E+02
  0.43818607E+00 -0.47293551E+02 -0.94587102E-01  0.10000000E+01 -0.43859410E+01 -0.18000000E+00 -0.13222212E+02  0.20357521E+00 -0.91174590E+01  0.95781140E+01 -0.11957320E+02
  0.43944522E+00 -0.47494122E+02 -0.94988243E-01  0.10000000E+01 -0.43303771E+01 -0.18000000E+00 -0.12452399E+02  0.20357521E+00 -0.85637379E+01  0.90424599E+01 -0.11966819E+02
  0.44070438E+00 -0.47687162E+02 -0.95374324E-01  0.10000000E+01 -0.42772920E+01 -0.18000000E+00 -0.11825210E+02  0.20357521E+00 -0.81110134E+01  0.86074673E+01 -0.11802560E+02
  0.44196354E+00 -0.47872642E+02 -0.95745284E-01  0.10000000E+01 -0.42273569E+01 -0.18000000E+00 -0.11135608E+02  0.20357521E+00 -0.76205348E+01  0.81222322E+01 -0.11530651E+02
  0.44322269E+00 -0.48050532E+02 -0.96101064E-01  0.10000000E+01 -0.41798678E+01 -0.18000000E+00 -0.10553306E+02  0.20357521E+00 -0.72060264E+01  0.77127750E+01 -0.11358312E+02
  0.44448185E+00 -0.48220804E+02 -0.96441607E-01  0.10000000E+01 -0.41329206E+01 -0.18000000E+00 -0.99174586E+01  0.20357521E+00 -0.67594328E+01  0.72599928E+01 -0.11483854E+02
  0.44574100E+00 -0.48383430E+02 -0.96766860E-01  0.10000000E+01 -0.40840836E+01 -0.18000000E+00 -0.93147774E+01  0.20357521E+00 -0.63385330E+01  0.68285812E+01 -0.11988011E+02
  0.44700016E+00 -0.48538386E+02 -0.97076771E-01  0.10000000E+01 -0.40316297E+01 -0.18000000E+00 -0.86304422E+01  0.20357521E+00 -0.58669313E+01  0.63328582E+01 -0.12767413E+02
  0.44825931E+00 -0.48685646E+02 -0.97371292E-01  0.10000000E+01 -0.39751354E+01 -0.18000000E+00 -0.79120986E+01  0.20357521E+00 -0.53763922E+01  0.58083693E+01 -0.13614559E+02
  0.44951847E+00 -0.48825187E+02 -0.97650374E-01  0.10000000E+01 -0.39155851E+01 -0.18000000E+00 -0.71568291E+01  0.20357521E+00 -0.48649921E+01  0.52529513E+01 -0.14307320E+02
  0.45077762E+00 -0.48956987E+02 -0.97913974E-01  0.10000000E+01 -0.38548684E+01 -0.18000000E+00 -0.63946908E+01  0.20357521E+00 -0.43524563E+01  0.46893110E+01 -0.14699162E+02
  0.45203678E+00 -0.49081025E+02 -0.98162051E-01  0.10000000E+01 -0.37948735E+01 -0.18000000E+00 -0.56683328E+01  0.20357521E+00 -0.38665363E+01  0.41498598E+01 -0.14788279E+02
  0.45329593E+00 -0.49197282E+02 -0.98394564E-01  0.10000000E+01 -0.37367996E+01 -0.18000000E+00 -0.49941636E+01  0.20357521E+00 -0.34175677E+01  0.36473749E+01 -0.14682973E+02
  0.45455509E+00 -0.49305739E+02 -0.98611478E-01  0.10000000E+01 -0.36802163E+01 -0.18000000E+00 -0.43575106E+01  0.20357521E+00 -0.29955454E+01  0.31711275E+01 -0.14641328E+02
  0.45581424E+00 -0.49406379E+02 -0.98812757E-01  0.10000000E+01 -0.36243785E+01 -0.18000000E+00 -0.37545650E+01  0.20357521E+00 -0.25976402E+01  0.27185412E+01 -0.14713190E+02
  0.45707340E+00 -0.49499185E+02 -0.98998370E-01  0.10000000E+01 -0.35689133E+01 -0.18000000E+00 -0.31437410E+01  0.20357521E+00 -0.21965283E+01  0.22582767E+01 -0.14840093E+02
  0.45833256E+00 -0.49584144E+02 -0.99168287E-01  0.10000000E+01 -0.35140450E+01 -0.18000000E+00 -0.25536859E+01  0.20357521E+00 -0.18106265E+01  0.18122875E+01 -0.14926782E+02
  0.45959171E+00 -0.49661241E+02 -0.99322482E-01  0.10000000E+01 -0.34597984E+01 -0.18000000E+00 -0.19808958E+01  0.20357521E+00 -0.14374161E+01  0.13781241E+01 -0.15004934E+02
  0.46085087E+00 -0.49730465E+02 -0.99460929E-01  0.10000000E+01 -0.34057440E+01 -0.18000000E+00 -0.14017149E+01  0.20357521E+00 -0.10613766E+01  0.93793767E+00 -0.15147139E+02
  0.46211002E+00 -0.49791804E+02 -0.99583607E-01  0.10000000E+01 -0.33518416E+01 -0.18000000E+00 -0.81331262E+00  0.20357521E+00 -0.68051887E+00  0.48970844E+00 -0.15291650E+02
  0.46336918E+00 -0.49845249E+02 -0.99690497E-01  0.10000000E+01 -0.32984404E+01 -0.18000000E+00 -0.23302851E+00  0.20357521E+00 -0.30586309E+00  0.46828639E-01 -0.15377579E+02
  0.46462833E+00 -0.49890791E+02 -0.99781582E-01  0.10000000E+01 -0.32456569E+01 -0.18000000E+00  0.30969572E+00  0.20357521E+00  0.43822437E-01 -0.36801345E+00 -0.15441726E+02
  0.46588749E+00 -0.49928423E+02 -0.99856846E-01  0.10000000E+01 -0.31929833E+01 -0.18000000E+00  0.84867592E+00  0.20357521E+00  0.39054603E+00 -0.78049183E+00 -0.15585757E+02
  0.46714664E+00 -0.49958139E+02 -0.99916279E-01  0.10000000E+01 -0.31393900E+01 -0.18000000E+00  0.13957646E+01  0.20357521E+00  0.74210907E+00 -0.11995315E+01 -0.15892339E+02
  0.46840580E+00 -0.49979935E+02 -0.99959870E-01  0.10000000E+01 -0.30838962E+01 -0.18000000E+00  0.20021323E+01  0.20357521E+00  0.11315810E+01 -0.16641818E+01 -0.16355883E+02
  0.46966495E+00 -0.49993807E+02 -0.99987614E-01  0.10000000E+01 -0.30259586E+01 -0.18000000E+00  0.26442250E+01  0.20357521E+00  0.15439604E+01 -0.21562826E+01 -0.16905168E+02
  0.47092411E+00 -0.49999752E+02 -0.99999505E-01  0.10000000E+01 -0.29655115E+01 -0.18000000E+00  0.33370085E+01  0.20357521E+00  0.19890516E+01 -0.26871439E+01 -0.17465065E+02
  0.47218326E+00 -0.49997770E+02 -0.99995541E-01  0.10000000E+01 -0.29027565E+01 -0.18000000E+00  0.40560258E+01  0.20357521E+00  0.24513414E+01 -0.32378563E+01 -0.17991454E+02
  0.47344242E+00 -0.49987862E+02 -0.99975723E-01  0.10000000E+01 -0.28380792E+01 -0.18000000E+00  0.47906311E+01  0.20357521E+00  0.29242157E+01 -0.38000726E+01 -0.18454769E+02
  0.47470158E+00 -0.49970028E+02 -0.99940055E-01  0.10000000E+01 -0.27721001E+01 -0.18000000E+00  0.55095323E+01  0.20357521E+00  0.33877872E+01 -0.43496307E+01 -0.18816003E+02
  0.47596073E+00 -0.49944271E+02 -0.99888542E-01  0.10000000E+01 -0.27056674E+01 -0.18000000E+00  0.61793436E+01  0.20357521E+00  0.38207874E+01 -0.48607935E+01 -0.19038235E+02
  0.47721989E+00 -0.49910596E+02 -0.99821192E-01  0.10000000E+01 -0.26396656E+01 -0.18000000E+00  0.68296350E+01  0.20357521E+00  0.42424197E+01 -0.53560464E+01 -0.19120244E+02
  0.47847904E+00 -0.49869008E+02 -0.99738016E-01  0.10000000E+01 -0.25746663E+01 -0.18000000E+00  0.73647906E+01  0.20357521E+00  0.45912339E+01 -0.57621310E+01 -0.19105256E+02
  0.47973820E+00 -0.49819513E+02 -0.99639027E-01  0.10000000E+01 -0.25109516E+01 -0.18000000E+00  0.78337947E+01  0.20357521E+00  0.48988101E+01 -0.61164893E+01 -0.19041873E+02
  0.48099735E+00 -0.49762120E+02 -0.99524241E-01  0.10000000E+01 -0.24484974E+01 -0.18000000E+00  0.82893148E+01  0.20357521E+00  0.51991834E+01 -0.64593091E+01 -0.18982934E+02
  0.48225651E+00 -0.49696838E+02 -0.99393675E-01  0.10000000E+01 -0.23870976E+01 -0.18000000E+00  0.86589876E+01  0.20357521E+00  0.54456559E+01 -0.67353056E+01 -0.18949305E+02
  0.48351566E+00 -0.49623676E+02 -0.99247351E-01  0.10000000E+01 -0.23263962E+01 -0.18000000E+00  0.90809807E+01  0.20357521E+00  0.57276212E+01 -0.70498233E+01 -0.18974196E+02
  0.48477482E+00 -0.49542646E+02 -0.99085292E-01  0.10000000E+01 -0.22657903E+01 -0.18000000E+00  0.94905654E+01  0.20357521E+00  0.60033576E+01 -0.73533646E+01 -0.19090774E+02
  0.48603397E+00 -0.49453762E+02 -0.98907524E-01  0.10000000E+01 -0.22049115E+01 -0.18000000E+00  0.99706007E+01  0.20357521E+00  0.63268103E+01 -0.77088127E+01 -0.19268550E+02
  0.48729313E+00 -0.49357037E+02 -0.98714074E-01  0.10000000E+01 -0.21436209E+01 -0.18000000E+00  0.10457132E+02  0.20357521E+00  0.66567140E+01 -0.80672926E+01 -0.19468376E+02
  0.48855228E+00 -0.49252487E+02 -0.98504973E-01  0.10000000E+01 -0.20817322E+01 -0.18000000E+00  0.10986405E+02  0.20357521E+00  0.70168943E+01 -0.84561060E+01 -0.19701574E+02
  0.48981144E+00 -0.49140128E+02 -0.98280255E-01  0.10000000E+01 -0.20187923E+01 -0.18000000E+00  0.11558259E+02  0.20357521E+00  0.74075766E+01 -0.88748292E+01 -0.20010397E+02
  0.49107060E+00 -0.49019978E+02 -0.98039956E-01  0.10000000E+01 -0.19542089E+01 -0.18000000E+00  0.12172199E+02  0.20357521E+00  0.78287907E+01 -0.93227633E+01 -0.20416677E+02
  0.49232975E+00 -0.48892056E+02 -0.97784112E-01  0.10000000E+01 -0.18875626E+01 -0.18000000E+00  0.12840986E+02  0.20357521E+00  0.82892993E+01 -0.98091732E+01 -0.20893023E+02
  0.49358891E+00 -0.48756383E+02 -0.97512765E-01  0.10000000E+01 -0.18187293E+01 -0.18000000E+00  0.13547277E+02  0.20357521E+00  0.87781347E+01 -0.10320587E+02 -0.21391344E+02
  0.49484806E+00 -0.48612979E+02 -0.97225958E-01  0.10000000E+01 -0.17478010E+01 -0.18000000E+00  0.14269232E+02  0.20357521E+00  0.92812530E+01 -0.10840239E+02 -0.21876328E+02
  0.49610722E+00 -0.48461868E+02 -0.96923737E-01  0.10000000E+01 -0.16748955E+01 -0.18000000E+00  0.14989200E+02  0.20357521E+00  0.97872343E+01 -0.11354629E+02 -0.22343459E+02
  0.49736637E+00 -0.48303074E+02 -0.96606148E-01  0.10000000E+01 -0.15999939E+01 -0.18000000E+00  0.15700006E+02  0.20357521E+00  0.10291487E+02 -0.11858201E+02 -0.22814128E+02
  0.49862553E+00 -0.48136622E+02 -0.96273243E-01  0.10000000E+01 -0.15234392E+01 -0.18000000E+00  0.16400926E+02  0.20357521E+00  0.10793657E+02 -0.12350254E+02 -0.23230847E+02
  0.49988468E+00 -0.47962537E+02 -0.95925075E-01  0.10000000E+01 -0.14467582E+01 -0.18000000E+00  0.17056704E+02  0.20357521E+00  0.11270251E+02 -0.12804454E+02 -0.23405009E+02
  0.50114384E+00 -0.47780849E+02 -0.95561698E-01  0.10000000E+01 -0.13709013E+01 -0.18000000E+00  0.17660365E+02  0.20357521E+00  0.11716439E+02 -0.13215710E+02 -0.23428453E+02
  0.50240299E+00 -0.47591585E+02 -0.95183170E-01  0.10000000E+01 -0.12956988E+01 -0.18000000E+00  0.18220015E+02  0.20357521E+00  0.12137464E+02 -0.13590157E+02 -0.23480087E+02
  0.50366215E+00 -0.47394776E+02 -0.94789551E-01  0.10000000E+01 -0.12202116E+01 -0.18000000E+00  0.18761601E+02  0.20357521E+00  0.12550697E+02 -0.13947011E+02 -0.23683440E+02
  0.50492130E+00 -0.47190452E+02 -0.94380904E-01  0.10000000E+01 -0.11435881E+01 -0.18000000E+00  0.19336105E+02  0.20357521E+00  0.12990766E+02 -0.14323631E+02 -0.24025683E+02
  0.50618046E+00 -0.46978647E+02 -0.93957294E-01  0.10000000E+01 -0.10655987E+01 -0.18000000E+00  0.19953214E+02  0.20357521E+00  0.13464663E+02 -0.14726678E+02 -0.24408073E+02
  0.50743961E+00 -0.46759393E+02 -0.93518786E-01  0.10000000E+01 -0.98638122E+00 -0.18000000E+00  0.20591832E+02  0.20357521E+00  0.13958412E+02 -0.15140267E+02 -0.24772184E+02
  0.50869877E+00 -0.46532726E+02 -0.93065452E-01  0.10000000E+01 -0.90615456E+00 -0.18000000E+00  0.21233454E+02  0.20357521E+00  0.14459597E+02 -0.15550597E+02 -0.25105297E+02
  0.50995793E+00 -0.46298682E+02 -0.92597363E-01  0.10000000E+01 -0.82514534E+00 -0.18000000E+00  0.21867652E+02  0.20357521E+00  0.14961164E+02 -0.15949896E+02 -0.25406290E+02
  0.51121708E+00 -0.46057297E+02 -0.92114593E-01  0.10000000E+01 -0.74359839E+00 -0.18000000E+00  0.22486870E+02  0.20357521E+00  0.15457927E+02 -0.16332582E+02 -0.25672217E+02
  0.51247624E+00 -0.45808609E+02 -0.91617219E-01  0.10000000E+01 -0.66181386E+00 -0.18000000E+00  0.23081151E+02  0.20357521E+00  0.15942920E+02 -0.16691444E+02 -0.25894058E+02
  0.51373539E+00 -0.45552659E+02 -0.91105319E-01  0.10000000E+01 -0.58014715E+00 -0.18000000E+00  0.23640192E+02  0.20357521E+00  0.16408794E+02 -0.17019154E+02 -0.26062849E+02
  0.51499455E+00 -0.45289487E+02 -0.90578975E-01  0.10000000E+01 -0.49893550E+00 -0.18000000E+00  0.24151894E+02  0.20357521E+00  0.16846789E+02 -0.17307257E+02 -0.26181548E+02
  0.51625370E+00 -0.45019135E+02 -0.90038270E-01  0.10000000E+01 -0.41830954E+00 -0.18000000E+00  0.24615711E+02  0.20357521E+00  0.17256124E+02 -0.17555650E+02 -0.26283213E+02
  0.51751286E+00 -0.44741645E+02 -0.89483290E-01  0.10000000E+01 -0.33787168E+00 -0.18000000E+00  0.25068328E+02  0.20357521E+00  0.17662434E+02 -0.17790473E+02 -0.26452162E+02
  0.51877201E+00 -0.44457061E+02 -0.88914122E-01  0.10000000E+01 -0.25653762E+00 -0.18000000E+00  0.25581636E+02  0.20357521E+00  0.18116967E+02 -0.18062034E+02 -0.26797701E+02
  0.52003117E+00 -0.44165429E+02 -0.88330858E-01  0.10000000E+01 -0.17325162E+00 -0.18000000E+00  0.26208742E+02  0.20357521E+00  0.18658508E+02 -0.18406511E+02 -0.27314634E+02
  0.52129032E+00 -0.43866795E+02 -0.87733590E-01  0.10000000E+01 -0.87931546E-01 -0.18000000E+00  0.26922741E+02  0.20357521E+00  0.19268952E+02 -0.18803800E+02 -0.27846912E+02
  0.52254948E+00 -0.43561206E+02 -0.87122411E-01  0.10000000E+01 -0.11936592E-02 -0.18000000E+00  0.27654549E+02  0.20357521E+00  0.19899264E+02 -0.19205072E+02 -0.28282777E+02
  0.52380863E+00 -0.43248710E+02 -0.86497420E-01  0.10000000E+01  0.86419521E-01 -0.18000000E+00  0.28362065E+02  0.20357521E+00  0.20519059E+02 -0.19581021E+02 -0.28634111E+02
  0.52506779E+00 -0.42929358E+02 -0.85858715E-01  0.10000000E+01  0.17464594E+00 -0.18000000E+00  0.29039184E+02  0.20357521E+00  0.21123662E+02 -0.19927533E+02 -0.28946150E+02
  0.52632695E+00 -0.42603199E+02 -0.85206398E-01  0.10000000E+01  0.26338218E+00 -0.18000000E+00  0.29690459E+02  0.20357521E+00  0.21716134E+02 -0.20247822E+02 -0.29244379E+02
  0.52758610E+00 -0.42270286E+02 -0.84540571E-01  0.10000000E+01  0.35257182E+00 -0.18000000E+00  0.30320380E+02  0.20357521E+00  0.22299545E+02 -0.20545004E+02 -0.29536397E+02
  0.52884526E+00 -0.41930671E+02 -0.83861341E-01  0.10000000E+01  0.44221792E+00 -0.18000000E+00  0.30936921E+02  0.20357521E+00  0.22879609E+02 -0.20824457E+02 -0.29831951E+02
  0.53010441E+00 -0.41584408E+02 -0.83168816E-01  0.10000000E+01  0.53237565E+00 -0.18000000E+00  0.31547028E+02  0.20357521E+00  0.23461388E+02 -0.21090749E+02 -0.30139387E+02
  0.53136357E+00 -0.41231552E+02 -0.82463104E-01  0.10000000E+01  0.62308774E+00 -0.18000000E+00  0.32155732E+02  0.20357521E+00  0.24048607E+02 -0.21347061E+02 -0.30456740E+02
  0.53262272E+00 -0.40872159E+02 -0.81744318E-01  0.10000000E+01  0.71444344E+00 -0.18000000E+00  0.32770242E+02  0.20357521E+00  0.24646709E+02 -0.21597915E+02 -0.30791426E+02
  0.53388188E+00 -0.40506286E+02 -0.81012572E-01  0.10000000E+01  0.80662613E+00 -0.18000000E+00  0.33401021E+02  0.20357521E+00  0.25263727E+02 -0.21849800E+02 -0.31158288E+02
  0.53514103E+00 -0.40133991E+02 -0.80267982E-01  0.10000000E+01  0.89986200E+00 -0.18000000E+00  0.34060573E+02  0.20357521E+00  0.25909421E+02 -0.22110314E+02 -0.31563828E+02
  0.53640019E+00 -0.39755333E+02 -0.79510666E-01  0.10000000E+01  0.99436778E+00 -0.18000000E+00  0.34757003E+02  0.20357521E+00  0.26590380E+02 -0.22383976E+02 -0.32006183E+02
  0.53765934E+00 -0.39370372E+02 -0.78740743E-01  0.10000000E+01  0.10901819E+01 -0.18000000E+00  0.35484853E+02  0.20357521E+00  0.27302846E+02 -0.22666513E+02 -0.32456515E+02
  0.53891850E+00 -0.38979168E+02 -0.77958337E-01  0.10000000E+01  0.11868538E+01 -0.18000000E+00  0.36216018E+02  0.20357521E+00  0.28025360E+02 -0.22939499E+02 -0.32836740E+02
  0.54017765E+00 -0.38581785E+02 -0.77163571E-01  0.10000000E+01  0.12836862E+01 -0.18000000E+00  0.36913075E+02  0.20357521E+00  0.28728687E+02 -0.23179281E+02 -0.33107725E+02
  0.54143681E+00 -0.38178285E+02 -0.76356571E-01  0.10000000E+01  0.13804554E+01 -0.18000000E+00  0.37571810E+02  0.20357521E+00  0.29409037E+02 -0.23383560E+02 -0.33345172E+02
  0.54269597E+00 -0.37768732E+02 -0.75537465E-01  0.10000000E+01  0.14773707E+01 -0.18000000E+00  0.38217493E+02  0.20357521E+00  0.30085837E+02 -0.23568212E+02 -0.33618096E+02
  0.54395512E+00 -0.37353191E+02 -0.74706382E-01  0.10000000E+01  0.15746416E+01 -0.18000000E+00  0.38867889E+02  0.20357521E+00  0.30772980E+02 -0.23744008E+02 -0.33926287E+02
  0.54521428E+00 -0.36931728E+02 -0.73863456E-01  0.10000000E+01  0.16723605E+01 -0.18000000E+00  0.39527773E+02  0.20357521E+00  0.31474285E+02 -0.23913503E+02 -0.34250918E+02
  0.54647343E+00 -0.36504409E+02 -0.73008819E-01  0.10000000E+01  0.17705700E+01 -0.18000000E+00  0.40198068E+02  0.20357521E+00  0.32190549E+02 -0.24076850E+02 -0.34583832E+02
  0.54773259E+00 -0.36071303E+02 -0.72142606E-01  0.10000000E+01  0.18692960E+01 -0.18000000E+00  0.40879337E+02  0.20357521E+00  0.32922287E+02 -0.24233958E+02 -0.34922215E+02
  0.54899174E+00 -0.35632478E+02 -0.71264956E-01  0.10000000E+01  0.19685442E+01 -0.18000000E+00  0.41571468E+02  0.20357521E+00  0.33669469E+02 -0.24384324E+02 -0.35262684E+02
  0.55025090E+00 -0.35188004E+02 -0.70376007E-01  0.10000000E+01  0.20682926E+01 -0.18000000E+00  0.42273000E+02  0.20357521E+00  0.34430954E+02 -0.24526666E+02 -0.35600604E+02
  0.55151005E+00 -0.34737950E+02 -0.69475900E-01  0.10000000E+01  0.21684915E+01 -0.18000000E+00  0.42981226E+02  0.20357521E+00  0.35204542E+02 -0.24659024E+02 -0.35931469E+02
  0.55276921E+00 -0.34282389E+02 -0.68564779E-01  0.10000000E+01  0.22690743E+01 -0.18000000E+00  0.43693025E+02  0.20357521E+00  0.35987631E+02 -0.24779272E+02 -0.36252440E+02
  0.55402836E+00 -0.33821393E+02 -0.67642786E-01  0.10000000E+01  0.23699730E+01 -0.18000000E+00  0.44405883E+02  0.20357521E+00  0.36778061E+02 -0.24885700E+02 -0.36563170E+02
  0.55528752E+00 -0.33355035E+02 -0.66710069E-01  0.10000000E+01  0.24711330E+01 -0.18000000E+00  0.45118707E+02  0.20357521E+00  0.37574806E+02 -0.24977454E+02 -0.36865754E+02
  0.55654667E+00 -0.32883388E+02 -0.65766776E-01  0.10000000E+01  0.25725238E+01 -0.18000000E+00  0.45832203E+02  0.20357521E+00  0.38378317E+02 -0.25054682E+02 -0.37163985E+02
  0.55780583E+00 -0.32406528E+02 -0.64813056E-01  0.10000000E+01  0.26741402E+01 -0.18000000E+00  0.46548455E+02  0.20357521E+00  0.39190218E+02 -0.25118260E+02 -0.37461766E+02
  0.55906499E+00 -0.31924530E+02 -0.63849059E-01  0.10000000E+01  0.27759906E+01 -0.18000000E+00  0.47269804E+02  0.20357521E+00  0.40012376E+02 -0.25169139E+02 -0.37761233E+02
  0.56032414E+00 -0.31437470E+02 -0.62874940E-01  0.10000000E+01  0.28780854E+01 -0.18000000E+00  0.47998052E+02  0.20357521E+00  0.40846234E+02 -0.25207928E+02 -0.38062564E+02
  0.56158330E+00 -0.30945426E+02 -0.61890853E-01  0.10000000E+01  0.29804315E+01 -0.18000000E+00  0.48734594E+02  0.20357521E+00  0.41692906E+02 -0.25234969E+02 -0.38365174E+02
  0.56284245E+00 -0.30448476E+02 -0.60896952E-01  0.10000000E+01  0.30830271E+01 -0.18000000E+00  0.49480362E+02  0.20357521E+00  0.42553124E+02 -0.25250333E+02 -0.38667534E+02
  0.56410161E+00 -0.29946699E+02 -0.59893397E-01  0.10000000E+01  0.31858503E+01 -0.18000000E+00  0.50235073E+02  0.20357521E+00  0.43426573E+02 -0.25253450E+02 -0.38966468E+02
  0.56536076E+00 -0.29440173E+02 -0.58880346E-01  0.10000000E+01  0.32888571E+01 -0.18000000E+00  0.50997020E+02  0.20357521E+00  0.44311683E+02 -0.25243062E+02 -0.39258311E+02
  0.56661992E+00 -0.28928980E+02 -0.57857960E-01  0.10000000E+01  0.33919870E+01 -0.18000000E+00  0.51764166E+02  0.20357521E+00  0.45206557E+02 -0.25217802E+02 -0.39540486E+02
  0.56787907E+00 -0.28413201E+02 -0.56826401E-01  0.10000000E+01  0.34951743E+01 -0.18000000E+00  0.52535510E+02  0.20357521E+00  0.46110162E+02 -0.25176860E+02 -0.39812160E+02
  0.56913823E+00 -0.27892916E+02 -0.55785832E-01  0.10000000E+01  0.35983555E+01 -0.18000000E+00  0.53311397E+02  0.20357521E+00  0.47022627E+02 -0.25120092E+02 -0.40073629E+02
  0.57039738E+00 -0.27368210E+02 -0.54736419E-01  0.10000000E+01  0.37014715E+01 -0.18000000E+00  0.54093122E+02  0.20357521E+00  0.47944926E+02 -0.25047783E+02 -0.40325527E+02
  0.57165654E+00 -0.26839164E+02 -0.53678328E-01  0.10000000E+01  0.38044900E+01 -0.18000000E+00  0.54881799E+02  0.20357521E+00  0.48877878E+02 -0.24960095E+02 -0.40572032E+02
  0.57291569E+00 -0.26305863E+02 -0.52611726E-01  0.10000000E+01  0.39074256E+01 -0.18000000E+00  0.55678364E+02  0.20357521E+00  0.49822155E+02 -0.24857080E+02 -0.40820464E+02
  0.57417485E+00 -0.25768391E+02 -0.51536782E-01  0.10000000E+01  0.40103091E+01 -0.18000000E+00  0.56483914E+02  0.20357521E+00  0.50778581E+02 -0.24738830E+02 -0.41073268E+02
  0.57543401E+00 -0.25226834E+02 -0.50453668E-01  0.10000000E+01  0.41131207E+01 -0.18000000E+00  0.57300333E+02  0.20357521E+00  0.51748694E+02 -0.24605735E+02 -0.41322244E+02
  0.57669316E+00 -0.24681277E+02 -0.49362555E-01  0.10000000E+01  0.42157138E+01 -0.18000000E+00  0.58131181E+02  0.20357521E+00  0.52735581E+02 -0.24458826E+02 -0.41547009E+02
  0.57795232E+00 -0.24131808E+02 -0.48263615E-01  0.10000000E+01  0.43178000E+01 -0.18000000E+00  0.58980837E+02  0.20357521E+00  0.53743116E+02 -0.24299343E+02 -0.41724707E+02
  0.57921147E+00 -0.23578512E+02 -0.47157024E-01  0.10000000E+01  0.44190440E+01 -0.18000000E+00  0.59850442E+02  0.20357521E+00  0.54772265E+02 -0.24127076E+02 -0.41847536E+02
  0.58047063E+00 -0.23021478E+02 -0.46042956E-01  0.10000000E+01  0.45192609E+01 -0.18000000E+00  0.60737271E+02  0.20357521E+00  0.55820439E+02 -0.23940262E+02 -0.41939009E+02
  0.58172978E+00 -0.22460794E+02 -0.44921588E-01  0.10000000E+01  0.46185171E+01 -0.18000000E+00  0.61637595E+02  0.20357521E+00  0.56884063E+02 -0.23736847E+02 -0.42038999E+02
  0.58298894E+00 -0.21896549E+02 -0.43793098E-01  0.10000000E+01  0.47171093E+01 -0.18000000E+00  0.62547218E+02  0.20357521E+00  0.57959062E+02 -0.23514742E+02 -0.42183977E+02
  0.58424809E+00 -0.21328832E+02 -0.42657665E-01  0.10000000E+01  0.48152968E+01 -0.18000000E+00  0.63463992E+02  0.20357521E+00  0.59043192E+02 -0.23272758E+02 -0.42368153E+02
  0.58550725E+00 -0.20757734E+02 -0.41515469E-01  0.10000000E+01  0.49131011E+01 -0.18000000E+00  0.64387990E+02  0.20357521E+00  0.60136245E+02 -0.23010577E+02 -0.42553784E+02
  0.58676640E+00 -0.20183345E+02 -0.40366690E-01  0.10000000E+01  0.50104074E+01 -0.18000000E+00  0.65321484E+02  0.20357521E+00  0.61240072E+02 -0.22728645E+02 -0.42719298E+02
  0.58802556E+00 -0.19605756E+02 -0.39211512E-01  0.10000000E+01  0.51070466E+01 -0.18000000E+00  0.66267962E+02  0.20357521E+00  0.62357685E+02 -0.22427737E+02 -0.42855915E+02
  0.58928471E+00 -0.19025058E+02 -0.38050117E-01  0.10000000E+01  0.52028317E+01 -0.18000000E+00  0.67230461E+02  0.20357521E+00  0.63491709E+02 -0.22108352E+02 -0.42960655E+02
  0.59054387E+00 -0.18441344E+02 -0.36882689E-01  0.10000000E+01  0.52976285E+01 -0.18000000E+00  0.68209827E+02  0.20357521E+00  0.64642718E+02 -0.21770186E+02 -0.43041664E+02
  0.59180302E+00 -0.17854707E+02 -0.35709413E-01  0.10000000E+01  0.53914288E+01 -0.18000000E+00  0.69203767E+02  0.20357521E+00  0.65808294E+02 -0.21411941E+02 -0.43118740E+02
  0.59306218E+00 -0.17265238E+02 -0.34530476E-01  0.10000000E+01  0.54843624E+01 -0.18000000E+00  0.70207716E+02  0.20357521E+00  0.66983809E+02 -0.21031741E+02 -0.43213492E+02
  0.59432134E+00 -0.16673032E+02 -0.33346065E-01  0.10000000E+01  0.55766459E+01 -0.18000000E+00  0.71217112E+02  0.20357521E+00  0.68164568E+02 -0.20627895E+02 -0.43339588E+02
  0.59558049E+00 -0.16078183E+02 -0.32156366E-01  0.10000000E+01  0.56685294E+01 -0.18000000E+00  0.72228871E+02  0.20357521E+00  0.69347236E+02 -0.20199312E+02 -0.43502177E+02
  0.59683965E+00 -0.15480785E+02 -0.30961570E-01  0.10000000E+01  0.57602470E+01 -0.18000000E+00  0.73241321E+02  0.20357521E+00  0.70529790E+02 -0.19745411E+02 -0.43698679E+02
  0.59809880E+00 -0.14880932E+02 -0.29761864E-01  0.10000000E+01  0.58518692E+01 -0.18000000E+00  0.74256540E+02  0.20357521E+00  0.71713814E+02 -0.19266657E+02 -0.43903240E+02
  0.59935796E+00 -0.14278720E+02 -0.28557440E-01  0.10000000E+01  0.59430512E+01 -0.18000000E+00  0.75282767E+02  0.20357521E+00  0.72906877E+02 -0.18764961E+02 -0.44050356E+02
  0.60061711E+00 -0.13674244E+02 -0.27348488E-01  0.10000000E+01  0.60330656E+01 -0.18000000E+00  0.76327692E+02  0.20357521E+00  0.74116095E+02 -0.18241778E+02 -0.44079700E+02
  0.60187627E+00 -0.13067600E+02 -0.26135201E-01  0.10000000E+01  0.61212136E+01 -0.18000000E+00  0.77393302E+02  0.20357521E+00  0.75343095E+02 -0.17696969E+02 -0.43995527E+02
  0.60313542E+00 -0.12458885E+02 -0.24917769E-01  0.10000000E+01  0.62082360E+01 -0.17878147E+00  0.78468392E+02  0.20082829E+00  0.76577219E+02 -0.17124790E+02 -0.43833517E+02
  0.60439458E+00 -0.11848194E+02 -0.23696388E-01  0.10000000E+01  0.62951490E+01 -0.17513005E+00  0.79512885E+02  0.19270866E+00  0.77779299E+02 -0.16514137E+02 -0.43637189E+02
  0.60565373E+00 -0.11235624E+02 -0.22471249E-01  0.10000000E+01  0.63819426E+01 -0.16944572E+00  0.80497561E+02  0.18040190E+00  0.78919610E+02 -0.15861430E+02 -0.43497321E+02
  0.60691289E+00 -0.10621274E+02 -0.21242547E-01  0.10000000E+01  0.64686055E+01 -0.16246456E+00  0.81431266E+02  0.16584301E+00  0.80005535E+02 -0.15172111E+02 -0.43466122E+02
  0.60817204E+00 -0.10005239E+02 -0.20010478E-01  0.10000000E+01  0.65551269E+01 -0.15466437E+00  0.82331477E+02  0.15030050E+00  0.81053256E+02 -0.14452140E+02 -0.43503329E+02
  0.60943120E+00 -0.93876178E+01 -0.18775236E-01  0.10000000E+01  0.66414968E+01 -0.14621460E+00  0.83210684E+02  0.13432640E+00  0.82074369E+02 -0.13705251E+02 -0.43560844E+02
  0.61069036E+00 -0.87685085E+01 -0.17537017E-01  0.10000000E+01  0.67277054E+01 -0.13713551E+00  0.84075146E+02  0.11816251E+00  0.83074489E+02 -0.12933420E+02 -0.43615285E+02
  0.61194951E+00 -0.81480089E+01 -0.16296018E-01  0.10000000E+01  0.68137433E+01 -0.12736447E+00  0.84927964E+02  0.10192400E+00  0.84056191E+02 -0.12137798E+02 -0.43653586E+02
  0.61320867E+00 -0.75262175E+01 -0.15052435E-01  0.10000000E+01  0.68996015E+01 -0.11675955E+00  0.85770236E+02  0.85657366E-01  0.85020108E+02 -0.11319092E+02 -0.43663231E+02
  0.61446782E+00 -0.69032329E+01 -0.13806466E-01  0.10000000E+01  0.69852708E+01 -0.10512558E+00  0.86600732E+02  0.69437912E-01  0.85964580E+02 -0.10477724E+02 -0.43635759E+02
  0.61572698E+00 -0.62791537E+01 -0.12558307E-01  0.10000000E+01  0.70707421E+01 -0.92265345E-01  0.87416153E+02  0.53488092E-01  0.86885877E+02 -0.96141051E+01 -0.43570698E+02
  0.61698613E+00 -0.56540791E+01 -0.11308158E-01  0.10000000E+01  0.71560061E+01 -0.78018590E-01  0.88212123E+02  0.38245124E-01  0.87779190E+02 -0.87289126E+01 -0.43473661E+02
  0.61824529E+00 -0.50281080E+01 -0.10056216E-01  0.10000000E+01  0.72410536E+01 -0.62298426E-01  0.88984157E+02  0.24385633E-01  0.88639593E+02 -0.78232589E+01 -0.43355978E+02
  0.61950444E+00 -0.44013398E+01 -0.88026795E-02  0.10000000E+01  0.73258749E+01 -0.45133540E-01  0.89728764E+02  0.12799078E-01  0.89463167E+02 -0.68987570E+01 -0.43235587E+02
  0.62076360E+00 -0.37738737E+01 -0.75477474E-02  0.10000000E+01  0.74104608E+01 -0.26666810E-01  0.90444640E+02  0.44680909E-02  0.90248224E+02 -0.59574258E+01 -0.43130244E+02
  0.62202275E+00 -0.31458093E+01 -0.62916186E-02  0.10000000E+01  0.74948022E+01 -0.70890753E-02  0.91132839E+02  0.31576142E-03  0.90995495E+02 -0.50014258E+01 -0.43047395E+02
  0.62328191E+00 -0.25172462E+01 -0.50344923E-02  0.10000000E+01  0.75788905E+01  0.13429199E-01  0.91795655E+02  0.11331310E-02  0.91707026E+02 -0.40328066E+01 -0.42983818E+02
  0.62454106E+00 -0.18882839E+01 -0.37765678E-02  0.10000000E+01  0.76627173E+01  0.34758845E-01  0.92435402E+02  0.75912021E-02  0.92384957E+02 -0.30534081E+01 -0.42933012E+02
  0.62580022E+00 -0.12590223E+01 -0.25180446E-02  0.10000000E+01  0.77462746E+01  0.56802097E-01  0.93053923E+02  0.20272561E-01  0.93031012E+02 -0.20648779E+01 -0.42889999E+02
  0.62705938E+00 -0.62956105E+00 -0.12591221E-02  0.10000000E+01  0.78295549E+01  0.79481510E-01  0.93652543E+02  0.39692833E-01  0.93646453E+02 -0.10687158E+01 -0.42851524E+02
  0.62831853E+00 -0.12246468E-13 -0.24492936E-16  0.10000000E+01  0.79125507E+01  0.10273597E+00  0.94232111E+02  0.66317007E-01  0.94232111E+02 -0.66317007E-01 -0.42814947E+02
