  0.14123742E-01  0.39648293E-09  0.00000000E+00  0.10000000E+01  0.20721597E-01 -0.70819625E-02  0.53783263E+00  0.31512809E-03  0.53783263E+00 -0.31512809E-03 -0.92599954E+00
  0.28247483E-01  0.54096410E-09  0.00000000E+00  0.10000000E+01  0.20720224E-01 -0.70819713E-02  0.41413935E-01  0.31512888E-03  0.41413935E-01 -0.31512888E-03 -0.24053923E-01
  0.42371225E-01  0.73810926E-09  0.00000000E+00  0.10000000E+01  0.21050636E-01 -0.69279166E-02  0.14513213E+00  0.30156795E-03  0.14513213E+00 -0.30156794E-03 -0.66863734E-01
  0.56494966E-01  0.10070741E-08  0.00000000E+00  0.10000000E+01  0.24440090E-01 -0.67421192E-02  0.17907864E+00  0.28560956E-03  0.17907864E+00 -0.28560956E-03 -0.96820195E-01
  0.70618708E-01  0.13740545E-08  0.00000000E+00  0.10000000E+01  0.26946413E-01 -0.65693782E-02  0.16998238E+00  0.27116174E-03  0.16998238E+00 -0.27116174E-03 -0.87895634E-01
  0.84742449E-01  0.18747863E-08  0.00000000E+00  0.10000000E+01  0.29195653E-01 -0.64020630E-02  0.16802043E+00  0.25752522E-03  0.16802043E+00 -0.25752522E-03 -0.85307182E-01
  0.98866191E-01  0.25579825E-08  0.00000000E+00  0.10000000E+01  0.31218251E-01 -0.62397523E-02  0.16634767E+00  0.24463274E-03  0.16634767E+00 -0.24463273E-03 -0.83011057E-01
  0.11298993E+00  0.34901218E-08  0.00000000E+00  0.10000000E+01  0.33066804E-01 -0.60817251E-02  0.16525892E+00  0.23239857E-03  0.16525892E+00 -0.23239856E-03 -0.81249129E-01
  0.12711367E+00  0.47619770E-08  0.00000000E+00  0.10000000E+01  0.34775564E-01 -0.59274884E-02  0.16454792E+00  0.22076046E-03  0.16454792E+00 -0.22076045E-03 -0.79836300E-01
  0.14123742E+00  0.64972773E-08  0.00000000E+00  0.10000000E+01  0.36368884E-01 -0.57766740E-02  0.16410422E+00  0.20966966E-03  0.16410422E+00 -0.20966964E-03 -0.78672928E-01
  0.15536116E+00  0.88649421E-08  0.00000000E+00  0.10000000E+01  0.37864782E-01 -0.56289967E-02  0.16385587E+00  0.19908653E-03  0.16385587E+00 -0.19908650E-03 -0.77694527E-01
  0.16948490E+00  0.12095432E-07  0.00000000E+00  0.10000000E+01  0.39276992E-01 -0.54842285E-02  0.16375387E+00  0.18897788E-03  0.16375387E+00 -0.18897784E-03 -0.76857258E-01
  0.18360864E+00  0.16503125E-07  0.00000000E+00  0.10000000E+01  0.40616270E-01 -0.53421820E-02  0.16376409E+00  0.17931525E-03  0.16376409E+00 -0.17931521E-03 -0.76130507E-01
  0.19773238E+00  0.22517032E-07  0.00000000E+00  0.10000000E+01  0.41891225E-01 -0.52026996E-02  0.16386195E+00  0.17007379E-03  0.16386195E+00 -0.17007372E-03 -0.75492189E-01
  0.21185612E+00  0.30722473E-07  0.00000000E+00  0.10000000E+01  0.43108875E-01 -0.50656466E-02  0.16402930E+00  0.16123141E-03  0.16402930E+00 -0.16123133E-03 -0.74925930E-01
  0.22597986E+00  0.41918053E-07  0.00000000E+00  0.10000000E+01  0.44275037E-01 -0.49309058E-02  0.16425246E+00  0.15276831E-03  0.16425246E+00 -0.15276819E-03 -0.74419308E-01
  0.24010361E+00  0.57193432E-07  0.00000000E+00  0.10000000E+01  0.45394595E-01 -0.47983735E-02  0.16452088E+00  0.14466650E-03  0.16452088E+00 -0.14466634E-03 -0.73962701E-01
  0.25422735E+00  0.78035301E-07  0.00000000E+00  0.10000000E+01  0.46471695E-01 -0.46679578E-02  0.16482630E+00  0.13690954E-03  0.16482630E+00 -0.13690932E-03 -0.73548532E-01
  0.26835109E+00  0.10647217E-06  0.00000000E+00  0.10000000E+01  0.47509900E-01 -0.45395755E-02  0.16516219E+00  0.12948229E-03  0.16516219E+00 -0.12948198E-03 -0.73170742E-01
  0.28247483E+00  0.14527172E-06  0.00000000E+00  0.10000000E+01  0.48512295E-01 -0.44131512E-02  0.16552329E+00  0.12237071E-03  0.16552329E+00 -0.12237029E-03 -0.72824416E-01
  0.29659857E+00  0.19821024E-06  0.00000000E+00  0.10000000E+01  0.49481573E-01 -0.42886157E-02  0.16590532E+00  0.11556176E-03  0.16590532E+00 -0.11556119E-03 -0.72505530E-01
  0.31072231E+00  0.27044008E-06  0.00000000E+00  0.10000000E+01  0.50420103E-01 -0.41659056E-02  0.16630480E+00  0.10904323E-03  0.16630480E+00 -0.10904245E-03 -0.72210748E-01
  0.32484605E+00  0.36899121E-06  0.00000000E+00  0.10000000E+01  0.51329984E-01 -0.40449618E-02  0.16671884E+00  0.10280369E-03  0.16671884E+00 -0.10280262E-03 -0.71937282E-01
  0.33896980E+00  0.50345536E-06  0.00000000E+00  0.10000000E+01  0.52213085E-01 -0.39257294E-02  0.16714506E+00  0.96832379E-04  0.16714506E+00 -0.96830910E-04 -0.71682785E-01
  0.35309354E+00  0.68691963E-06  0.00000000E+00  0.10000000E+01  0.53071079E-01 -0.38081572E-02  0.16758148E+00  0.91119143E-04  0.16758148E+00 -0.91117134E-04 -0.71445268E-01
  0.36721728E+00  0.93724010E-06  0.00000000E+00  0.10000000E+01  0.53905472E-01 -0.36921970E-02  0.16802645E+00  0.85654386E-04  0.16802645E+00 -0.85651638E-04 -0.71223036E-01
  0.38134102E+00  0.12787798E-05  0.00000000E+00  0.10000000E+01  0.54717626E-01 -0.35778031E-02  0.16847860E+00  0.80429015E-04  0.16847860E+00 -0.80425255E-04 -0.71014636E-01
  0.39546476E+00  0.17447800E-05  0.00000000E+00  0.10000000E+01  0.55508780E-01 -0.34649324E-02  0.16893682E+00  0.75434396E-04  0.16893682E+00 -0.75429251E-04 -0.70818829E-01
  0.40958850E+00  0.23805950E-05  0.00000000E+00  0.10000000E+01  0.56280062E-01 -0.33535440E-02  0.16940020E+00  0.70662319E-04  0.16940020E+00 -0.70655280E-04 -0.70634553E-01
  0.42371225E+00  0.32481070E-05  0.00000000E+00  0.10000000E+01  0.57032507E-01 -0.32435984E-02  0.16986806E+00  0.66104960E-04  0.16986806E+00 -0.66095330E-04 -0.70460907E-01
  0.43783599E+00  0.44317480E-05  0.00000000E+00  0.10000000E+01  0.57767065E-01 -0.31350585E-02  0.17033992E+00  0.61754865E-04  0.17033992E+00 -0.61741690E-04 -0.70297136E-01
  0.45195973E+00  0.60467179E-05  0.00000000E+00  0.10000000E+01  0.58484617E-01 -0.30278878E-02  0.17081551E+00  0.57604902E-04  0.17081551E+00 -0.57586875E-04 -0.70142629E-01
  0.46608347E+00  0.82501954E-05  0.00000000E+00  0.10000000E+01  0.59185979E-01 -0.29220513E-02  0.17129483E+00  0.53648248E-04  0.17129483E+00 -0.53623583E-04 -0.69996916E-01
  0.48020721E+00  0.11256635E-04  0.00000000E+00  0.10000000E+01  0.59871913E-01 -0.28175145E-02  0.17177815E+00  0.49878365E-04  0.17177815E+00 -0.49844616E-04 -0.69859680E-01
  0.49433095E+00  0.15358639E-04  0.00000000E+00  0.10000000E+01  0.60543137E-01 -0.27142436E-02  0.17226612E+00  0.46288972E-04  0.17226612E+00 -0.46242795E-04 -0.69730776E-01
  0.50845469E+00  0.20955429E-04  0.00000000E+00  0.10000000E+01  0.61200331E-01 -0.26122048E-02  0.17275984E+00  0.42874030E-04  0.17275984E+00 -0.42810845E-04 -0.69610264E-01
  0.52257844E+00  0.28591697E-04  0.00000000E+00  0.10000000E+01  0.61844149E-01 -0.25113633E-02  0.17326102E+00  0.39627710E-04  0.17326102E+00 -0.39541249E-04 -0.69498455E-01
  0.53670218E+00  0.39010611E-04  0.00000000E+00  0.10000000E+01  0.62475222E-01 -0.24116837E-02  0.17377218E+00  0.36544379E-04  0.17377218E+00 -0.36426064E-04 -0.69395981E-01
  0.55082592E+00  0.53226116E-04  0.00000000E+00  0.10000000E+01  0.63094180E-01 -0.23131280E-02  0.17429690E+00  0.33618569E-04  0.17429690E+00 -0.33456653E-04 -0.69303891E-01
  0.56494966E+00  0.72621584E-04  0.00000000E+00  0.10000000E+01  0.63701658E-01 -0.22156549E-02  0.17484023E+00  0.30844952E-04  0.17484023E+00 -0.30623345E-04 -0.69223785E-01
  0.57907340E+00  0.99084379E-04  0.00000000E+00  0.10000000E+01  0.64298315E-01 -0.21192177E-02  0.17540917E+00  0.28218311E-04  0.17540917E+00 -0.27914967E-04 -0.69157998E-01
  0.59319714E+00  0.13518940E-03  0.00000000E+00  0.10000000E+01  0.64884860E-01 -0.20237626E-02  0.17601339E+00  0.25733508E-04  0.17601339E+00 -0.25318204E-04 -0.69109857E-01
  0.60732088E+00  0.18444945E-03  0.00000000E+00  0.10000000E+01  0.65462077E-01 -0.19292251E-02  0.17666617E+00  0.23385449E-04  0.17666617E+00 -0.22816716E-04 -0.69084026E-01
  0.62144463E+00  0.25165661E-03  0.00000000E+00  0.10000000E+01  0.66030868E-01 -0.18355263E-02  0.17738571E+00  0.21169038E-04  0.17738571E+00 -0.20389918E-04 -0.69086978E-01
  0.63556837E+00  0.34334776E-03  0.00000000E+00  0.10000000E+01  0.66592303E-01 -0.17425670E-02  0.17819693E+00  0.19079142E-04  0.17819693E+00 -0.18011288E-04 -0.69127653E-01
  0.64969211E+00  0.46843909E-03  0.00000000E+00  0.10000000E+01  0.67147693E-01 -0.16502197E-02  0.17913385E+00  0.17110528E-04  0.17913385E+00 -0.15645964E-04 -0.69218323E-01
  0.66381585E+00  0.63909076E-03  0.00000000E+00  0.10000000E+01  0.67698684E-01 -0.15583187E-02  0.18024290E+00  0.15257819E-04  0.18024290E+00 -0.13247347E-04 -0.69375811E-01
  0.67793959E+00  0.87188457E-03  0.00000000E+00  0.10000000E+01  0.68247388E-01 -0.14666458E-02  0.18158739E+00  0.13515446E-04  0.18158739E+00 -0.10752184E-04 -0.69623111E-01
  0.69206333E+00  0.11894270E-02  0.00000000E+00  0.10000000E+01  0.68796557E-01 -0.13749105E-02  0.18325358E+00  0.11877601E-04  0.18325358E+00 -0.80733638E-05 -0.69991604E-01
  0.70618708E+00  0.16225290E-02  0.00000000E+00  0.10000000E+01  0.69349823E-01 -0.12827241E-02  0.18535883E+00  0.10338235E-04  0.18535883E+00 -0.50891561E-05 -0.70524035E-01
  0.72031082E+00  0.22131676E-02  0.00000000E+00  0.10000000E+01  0.69912017E-01 -0.11895642E-02  0.18806281E+00  0.88911029E-05  0.18806281E+00 -0.16267888E-05 -0.71278600E-01
  0.73443456E+00  0.30185011E-02  0.00000000E+00  0.10000000E+01  0.70489606E-01 -0.10947256E-02  0.19158207E+00  0.75299215E-05  0.19158207E+00  0.25631551E-05 -0.72334242E-01
  0.74855830E+00  0.41163033E-02  0.00000000E+00  0.10000000E+01  0.71091280E-01 -0.99725575E-03  0.19621017E+00  0.62487475E-05  0.19621017E+00  0.78475891E-05 -0.73798003E-01
  0.76268204E+00  0.56122922E-02  0.00000000E+00  0.10000000E+01  0.71728734E-01 -0.89586586E-03  0.20234367E+00  0.50427317E-05  0.20234367E+00  0.14777434E-04 -0.75814428E-01
  0.77680578E+00  0.76499758E-02  0.00000000E+00  0.10000000E+01  0.72417714E-01 -0.78881293E-03  0.21051653E+00  0.39095603E-05  0.21051653E+00  0.24198032E-04 -0.78578058E-01
  0.79092952E+00  0.10423799E-01  0.00000000E+00  0.10000000E+01  0.73179405E-01 -0.67374154E-03  0.22144400E+00  0.28521117E-05  0.22144399E+00  0.37435110E-04 -0.82349275E-01
  0.80505327E+00  0.14196557E-01  0.00000000E+00  0.10000000E+01  0.74042228E-01 -0.54747489E-03  0.23607753E+00  0.18832514E-05  0.23607752E+00  0.56611252E-04 -0.87474009E-01
  0.81917701E+00  0.19322207E-01  0.00000000E+00  0.10000000E+01  0.75044157E-01 -0.40574160E-03  0.25567195E+00  0.10343772E-05  0.25567194E+00  0.85187443E-04 -0.94407703E-01
  0.83330075E+00  0.26275264E-01  0.00000000E+00  0.10000000E+01  0.76235598E-01 -0.24282386E-03  0.28185758E+00  0.37047814E-06  0.28185755E+00  0.12888655E-03 -0.10374045E+00
  0.84742449E+00  0.35687846E-01  0.00000000E+00  0.10000000E+01  0.77682864E-01 -0.51116021E-04  0.31671734E+00  0.16417006E-07  0.31671728E+00  0.19725744E-03 -0.11622336E+00
  0.86154823E+00  0.48394810E-01  0.00000000E+00  0.10000000E+01  0.79472074E-01  0.17941098E-03  0.36283955E+00  0.20224506E-06  0.36283942E+00  0.30626971E-03 -0.13278431E+00
  0.87567197E+00  0.65486038E-01  0.00000000E+00  0.10000000E+01  0.81713121E-01  0.46182554E-03  0.42331902E+00  0.13400956E-05  0.42331874E+00  0.48249101E-03 -0.15452276E+00
  0.88979571E+00  0.88362210E-01  0.00000000E+00  0.10000000E+01  0.84542832E-01  0.81288412E-03  0.50164247E+00  0.41518071E-05  0.50164188E+00  0.76948670E-03 -0.18265870E+00
  0.90391946E+00  0.11878587E+00  0.00000000E+00  0.10000000E+01  0.88125853E-01  0.12536101E-02  0.60137208E+00  0.98742667E-05  0.60137081E+00  0.12368922E-02 -0.21840310E+00
  0.91804320E+00  0.15891308E+00  0.00000000E+00  0.10000000E+01  0.92651045E-01  0.18096219E-02  0.72553422E+00  0.20575745E-04  0.72553148E+00  0.19917319E-02 -0.26271568E+00
  0.93216694E+00  0.21128329E+00  0.00000000E+00  0.10000000E+01  0.98320447E-01  0.25109399E-02  0.87560905E+00  0.39614349E-04  0.87560325E+00  0.31892651E-02 -0.31591205E+00
  0.94629068E+00  0.27873948E+00  0.00000000E+00  0.10000000E+01  0.10532851E+00  0.33909466E-02  0.10502271E+01  0.72247327E-04  0.10502151E+01  0.50370063E-02 -0.37716829E+00
  0.96041442E+00  0.36425299E+00  0.00000000E+00  0.10000000E+01  0.11383103E+00  0.44842144E-02  0.12438057E+01  0.12634342E-03  0.12437814E+01  0.77809941E-02 -0.44401830E+00
  0.97453816E+00  0.47064545E+00  0.00000000E+00  0.10000000E+01  0.12390810E+00  0.58231579E-02  0.14458222E+01  0.21305759E-03  0.14457752E+01  0.11663252E-01 -0.51212172E+00
  0.98866191E+00  0.60023640E+00  0.00000000E+00  0.10000000E+01  0.13553123E+00  0.74339057E-02  0.16415108E+01  0.34722739E-03  0.16414243E+01  0.16849111E-01 -0.57560415E+00
  0.10027856E+01  0.75449043E+00  0.00000000E+00  0.10000000E+01  0.14854877E+00  0.93323116E-02  0.18145697E+01  0.54721544E-03  0.18144196E+01  0.23347017E-01 -0.62818173E+00
  0.10169094E+01  0.93376534E+00  0.00000000E+00  0.10000000E+01  0.16269836E+00  0.11521272E-01  0.19510025E+01  0.83402821E-03  0.19507570E+01  0.30960708E-01 -0.66469153E+00
  0.10310331E+01  0.11372473E+01  0.00000000E+00  0.10000000E+01  0.17765138E+00  0.13990316E-01  0.20436688E+01  0.12298012E-02  0.20432906E+01  0.39331967E-01 -0.68285316E+00
  0.10451569E+01  0.13630963E+01  0.00000000E+00  0.10000000E+01  0.19306317E+00  0.16717505E-01  0.20928021E+01  0.17559930E-02  0.20922516E+01  0.48028655E-01 -0.68335916E+00
  0.10592806E+01  0.16087508E+01  0.00000000E+00  0.10000000E+01  0.20862959E+00  0.19673120E-01  0.21064914E+01  0.24317917E-02  0.21057293E+01  0.56707458E-01 -0.66997764E+00
  0.10734044E+01  0.18712907E+01  0.00000000E+00  0.10000000E+01  0.22410985E+00  0.22823744E-01  0.20954260E+01  0.32730576E-02  0.20944154E+01  0.65153522E-01 -0.64735825E+00
  0.10875281E+01  0.21477677E+01  0.00000000E+00  0.10000000E+01  0.23934396E+00  0.26135999E-01  0.20716309E+01  0.42919839E-02  0.20703364E+01  0.73349211E-01 -0.62053742E+00
  0.11016518E+01  0.24354435E+01  0.00000000E+00  0.10000000E+01  0.25423701E+00  0.29579072E-01  0.20438196E+01  0.54972942E-02  0.20422071E+01  0.81357149E-01 -0.59307539E+00
  0.11157756E+01  0.27319247E+01  0.00000000E+00  0.10000000E+01  0.26874998E+00  0.33126197E-01  0.20183648E+01  0.68948219E-02  0.20163995E+01  0.89314372E-01 -0.56751413E+00
  0.11298993E+01  0.30352123E+01  0.00000000E+00  0.10000000E+01  0.28288296E+00  0.36755136E-01  0.19989265E+01  0.84882068E-02  0.19965718E+01  0.97366209E-01 -0.54524669E+00
  0.11440231E+01  0.33436916E+01  0.00000000E+00  0.10000000E+01  0.29665506E+00  0.40447973E-01  0.19861708E+01  0.10279533E-01  0.19833892E+01  0.10558199E+00 -0.52643726E+00
  0.11581468E+01  0.36560913E+01  0.00000000E+00  0.10000000E+01  0.31010297E+00  0.44190698E-01  0.19807777E+01  0.12269917E-01  0.19775288E+01  0.11406437E+00 -0.51125925E+00
  0.11722705E+01  0.39714287E+01  0.00000000E+00  0.10000000E+01  0.32326350E+00  0.47972486E-01  0.19814256E+01  0.14459868E-01  0.19776691E+01  0.12280644E+00 -0.49907136E+00
  0.11863943E+01  0.42889546E+01  0.00000000E+00  0.10000000E+01  0.33617605E+00  0.51785124E-01  0.19873873E+01  0.16849612E-01  0.19830819E+01  0.13182730E+00 -0.48949477E+00
  0.12005180E+01  0.46081043E+01  0.00000000E+00  0.10000000E+01  0.34887938E+00  0.55622444E-01  0.19979721E+01  0.19439273E-01  0.19930755E+01  0.14114048E+00 -0.48216791E+00
  0.12146418E+01  0.49284546E+01  0.00000000E+00  0.10000000E+01  0.36140399E+00  0.59479788E-01  0.20116144E+01  0.22228938E-01  0.20060867E+01  0.15067452E+00 -0.47638832E+00
  0.12287655E+01  0.52496906E+01  0.00000000E+00  0.10000000E+01  0.37378191E+00  0.63353722E-01  0.20282848E+01  0.25218784E-01  0.20220844E+01  0.16046744E+00 -0.47209316E+00
  0.12428893E+01  0.55715790E+01  0.00000000E+00  0.10000000E+01  0.38603558E+00  0.67241637E-01  0.20466446E+01  0.28409032E-01  0.20397338E+01  0.17043230E+00 -0.46868879E+00
  0.12570130E+01  0.58939473E+01  0.00000000E+00  0.10000000E+01  0.39818926E+00  0.71141619E-01  0.20669048E+01  0.31800018E-01  0.20592439E+01  0.18061329E+00 -0.46622874E+00
  0.12711367E+01  0.62166681E+01  0.00000000E+00  0.10000000E+01  0.41025886E+00  0.75052179E-01  0.20880521E+01  0.35392113E-01  0.20796059E+01  0.19092818E+00 -0.46426668E+00
  0.12852605E+01  0.65396478E+01  0.00000000E+00  0.10000000E+01  0.42225997E+00  0.78972203E-01  0.21100629E+01  0.39185770E-01  0.21007962E+01  0.20138580E+00 -0.46277468E+00
  0.12993842E+01  0.68628176E+01  0.00000000E+00  0.10000000E+01  0.43420709E+00  0.82900835E-01  0.21329792E+01  0.43181497E-01  0.21228565E+01  0.21200305E+00 -0.46174681E+00
  0.13135080E+01  0.71861268E+01  0.00000000E+00  0.10000000E+01  0.44610818E+00  0.86837372E-01  0.21559936E+01  0.47379800E-01  0.21449852E+01  0.22269210E+00 -0.46083891E+00
  0.13276317E+01  0.75095382E+01  0.00000000E+00  0.10000000E+01  0.45797495E+00  0.90781305E-01  0.21797083E+01  0.51781273E-01  0.21677805E+01  0.23353163E+00 -0.46028656E+00
  0.13417554E+01  0.78330246E+01  0.00000000E+00  0.10000000E+01  0.46981285E+00  0.94732221E-01  0.22034190E+01  0.56386524E-01  0.21905447E+01  0.24443610E+00 -0.45978811E+00
  0.13558792E+01  0.81565660E+01  0.00000000E+00  0.10000000E+01  0.48162874E+00  0.98689858E-01  0.22273324E+01  0.61196267E-01  0.22134833E+01  0.25543356E+00 -0.45942450E+00
  0.13700029E+01  0.84801477E+01  0.00000000E+00  0.10000000E+01  0.49343035E+00  0.10265408E+00  0.22517062E+01  0.66211324E-01  0.22368523E+01  0.26656430E+00 -0.45929026E+00
  0.13841267E+01  0.88037589E+01  0.00000000E+00  0.10000000E+01  0.50522044E+00  0.10662477E+00  0.22758914E+01  0.71432545E-01  0.22600105E+01  0.27773576E+00 -0.45911661E+00
  0.13982504E+01  0.91273919E+01  0.00000000E+00  0.10000000E+01  0.51700661E+00  0.11060191E+00  0.23005806E+01  0.76860845E-01  0.22836433E+01  0.28905373E+00 -0.45918560E+00
  0.14123742E+01  0.94510406E+01  0.00000000E+00  0.10000000E+01  0.52878990E+00  0.11458536E+00  0.23249741E+01  0.82497002E-01  0.23069619E+01  0.30039462E+00 -0.45916608E+00
  0.14264979E+01  0.97747011E+01  0.00000000E+00  0.10000000E+01  0.54057654E+00  0.11857500E+00  0.23497895E+01  0.88341786E-01  0.23306757E+01  0.31187473E+00 -0.45935283E+00
  0.14406216E+01  0.10098370E+02  0.00000000E+00  0.10000000E+01  0.55236679E+00  0.12257064E+00  0.23743164E+01  0.94395831E-01  0.23540851E+01  0.32337613E+00 -0.45945036E+00
  0.14547454E+01  0.10422045E+02  0.00000000E+00  0.10000000E+01  0.56416320E+00  0.12657212E+00  0.23988291E+01  0.10065978E+00  0.23774621E+01  0.33494327E+00 -0.45957474E+00
  0.14688691E+01  0.10745725E+02  0.00000000E+00  0.10000000E+01  0.57596951E+00  0.13057927E+00  0.24236101E+01  0.10713426E+00  0.24010856E+01  0.34662829E+00 -0.45983550E+00
  0.14829929E+01  0.11069408E+02  0.00000000E+00  0.10000000E+01  0.58778425E+00  0.13459193E+00  0.24479474E+01  0.11381983E+00  0.24242573E+01  0.35829876E+00 -0.45994211E+00
  0.14971166E+01  0.11393094E+02  0.00000000E+00  0.10000000E+01  0.59961208E+00  0.13860999E+00  0.24726755E+01  0.12071715E+00  0.24477978E+01  0.37011190E+00 -0.46023681E+00
  0.15112403E+01  0.11716781E+02  0.00000000E+00  0.10000000E+01  0.61145129E+00  0.14263328E+00  0.24970123E+01  0.12782672E+00  0.24709413E+01  0.38191526E+00 -0.46039613E+00
  0.15253641E+01  0.12040470E+02  0.00000000E+00  0.10000000E+01  0.62330409E+00  0.14666171E+00  0.25214133E+01  0.13514917E+00  0.24941360E+01  0.39379728E+00 -0.46061158E+00
  0.15394878E+01  0.12364160E+02  0.00000000E+00  0.10000000E+01  0.63517245E+00  0.15069516E+00  0.25459607E+01  0.14268505E+00  0.25174631E+01  0.40577653E+00 -0.46091189E+00
  0.15536116E+01  0.12687850E+02  0.00000000E+00  0.10000000E+01  0.64705455E+00  0.15473346E+00  0.25700940E+01  0.15043482E+00  0.25403766E+01  0.41773236E+00 -0.46107117E+00
  0.15677353E+01  0.13011541E+02  0.00000000E+00  0.10000000E+01  0.65895434E+00  0.15877654E+00  0.25946058E+01  0.15839904E+00  0.25636517E+01  0.42983645E+00 -0.46141468E+00
  0.15818590E+01  0.13335232E+02  0.00000000E+00  0.10000000E+01  0.67086951E+00  0.16282420E+00  0.26187073E+01  0.16657806E+00  0.25865206E+01  0.44191326E+00 -0.46161748E+00
  0.15959828E+01  0.13658924E+02  0.00000000E+00  0.10000000E+01  0.68280139E+00  0.16687632E+00  0.26428069E+01  0.17497231E+00  0.26093830E+01  0.45405272E+00 -0.46185286E+00
  0.16101065E+01  0.13982616E+02  0.00000000E+00  0.10000000E+01  0.69475136E+00  0.17093275E+00  0.26670204E+01  0.18358215E+00  0.26323526E+01  0.46628301E+00 -0.46216409E+00
  0.16242303E+01  0.14306308E+02  0.00000000E+00  0.10000000E+01  0.70671733E+00  0.17499330E+00  0.26908280E+01  0.19240783E+00  0.26549266E+01  0.47847797E+00 -0.46234140E+00
  0.16383540E+01  0.14630000E+02  0.00000000E+00  0.10000000E+01  0.71870213E+00  0.17905784E+00  0.27149070E+01  0.20144968E+00  0.26777630E+01  0.49080231E+00 -0.46266320E+00
  0.16524778E+01  0.14953692E+02  0.00000000E+00  0.10000000E+01  0.72654898E+00  0.18000000E+00  0.27312499E+01  0.20357521E+00  0.26912855E+01  0.50808597E+00 -0.46423003E+00
  0.16666015E+01  0.15277384E+02  0.00000000E+00  0.10000000E+01  0.73156270E+00  0.18000000E+00  0.27352007E+01  0.20357521E+00  0.26921833E+01  0.52432317E+00 -0.44777593E+00
  0.16807252E+01  0.15601076E+02  0.00000000E+00  0.10000000E+01  0.73340594E+00  0.18000000E+00  0.27411976E+01  0.20357521E+00  0.26949542E+01  0.54113699E+00 -0.41861051E+00
  0.16948490E+01  0.15924769E+02  0.00000000E+00  0.10000000E+01  0.73229747E+00  0.18000000E+00  0.27483678E+01  0.20357521E+00  0.26987490E+01  0.55832074E+00 -0.39208303E+00
  0.17089727E+01  0.16248461E+02  0.00000000E+00  0.10000000E+01  0.72859332E+00  0.18000000E+00  0.27563229E+01  0.20357521E+00  0.27031891E+01  0.57578419E+00 -0.36824490E+00
  0.17230965E+01  0.16572153E+02  0.00000000E+00  0.10000000E+01  0.72257745E+00  0.18000000E+00  0.27651219E+01  0.20357521E+00  0.27083266E+01  0.59355624E+00 -0.34614944E+00
  0.17372202E+01  0.16895846E+02  0.00000000E+00  0.10000000E+01  0.71445992E+00  0.18000000E+00  0.27755341E+01  0.20357521E+00  0.27148929E+01  0.61187352E+00 -0.32557886E+00
  0.17513439E+01  0.17219538E+02  0.00000000E+00  0.10000000E+01  0.70440007E+00  0.18000000E+00  0.27867888E+01  0.20357521E+00  0.27221430E+01  0.63053320E+00 -0.30604859E+00
  0.17654677E+01  0.17543230E+02  0.00000000E+00  0.10000000E+01  0.69253796E+00  0.18000000E+00  0.27997001E+01  0.20357521E+00  0.27308482E+01  0.64979357E+00 -0.28768129E+00
  0.17795914E+01  0.17866923E+02  0.00000000E+00  0.10000000E+01  0.67900771E+00  0.18000000E+00  0.28141307E+01  0.20357521E+00  0.27408682E+01  0.66963847E+00 -0.27051858E+00
  0.17937152E+01  0.18190615E+02  0.00000000E+00  0.10000000E+01  0.66393443E+00  0.18000000E+00  0.28291986E+01  0.20357521E+00  0.27513563E+01  0.68981612E+00 -0.25425065E+00
  0.18078389E+01  0.18514307E+02  0.00000000E+00  0.10000000E+01  0.64744588E+00  0.18000000E+00  0.28458801E+01  0.20357521E+00  0.27632334E+01  0.71064585E+00 -0.23923614E+00
  0.18219627E+01  0.18838000E+02  0.00000000E+00  0.10000000E+01  0.62965708E+00  0.18000000E+00  0.28634958E+01  0.20357521E+00  0.27758467E+01  0.73193335E+00 -0.22512748E+00
  0.18360864E+01  0.19161692E+02  0.00000000E+00  0.10000000E+01  0.61068123E+00  0.18000000E+00  0.28829783E+01  0.20357521E+00  0.27900704E+01  0.75399854E+00 -0.21217637E+00
  0.18502101E+01  0.19485385E+02  0.00000000E+00  0.10000000E+01  0.59062448E+00  0.18000000E+00  0.29033294E+01  0.20357521E+00  0.28049517E+01  0.77653739E+00 -0.20017073E+00
  0.18643339E+01  0.19809077E+02  0.00000000E+00  0.10000000E+01  0.56959620E+00  0.18000000E+00  0.29219707E+01  0.20357521E+00  0.28180582E+01  0.79868878E+00 -0.18882482E+00
  0.18784576E+01  0.20132769E+02  0.00000000E+00  0.10000000E+01  0.54769746E+00  0.18000000E+00  0.29416453E+01  0.20357521E+00  0.28319734E+01  0.82136845E+00 -0.17847383E+00
  0.18925814E+01  0.20456462E+02  0.00000000E+00  0.10000000E+01  0.52498290E+00  0.18000000E+00  0.29720707E+01  0.20357521E+00  0.28557947E+01  0.84798808E+00 -0.16994937E+00
  0.19067051E+01  0.20780154E+02  0.00000000E+00  0.10000000E+01  0.50153853E+00  0.18000000E+00  0.29990340E+01  0.20357521E+00  0.28761677E+01  0.87367435E+00 -0.16186779E+00
  0.19208288E+01  0.21103846E+02  0.00000000E+00  0.10000000E+01  0.47750667E+00  0.18000000E+00  0.30015223E+01  0.20357521E+00  0.28735075E+01  0.89080516E+00 -0.15140065E+00
  0.19349526E+01  0.21427539E+02  0.00000000E+00  0.10000000E+01  0.45290132E+00  0.18000000E+00  0.30388092E+01  0.20357521E+00  0.29031386E+01  0.92064655E+00 -0.14628456E+00
  0.19490763E+01  0.21751231E+02  0.00000000E+00  0.10000000E+01  0.42772229E+00  0.18000000E+00  0.30888208E+01  0.20357521E+00  0.29443420E+01  0.95556620E+00 -0.14315668E+00
  0.19632001E+01  0.22074923E+02  0.00000000E+00  0.10000000E+01  0.40218298E+00  0.18000000E+00  0.30621900E+01  0.20357521E+00  0.29142181E+01  0.96217657E+00 -0.13000521E+00
  0.19773238E+01  0.22398616E+02  0.00000000E+00  0.10000000E+01  0.37621285E+00  0.18000000E+00  0.31289369E+01  0.20357521E+00  0.29704470E+01  0.10040588E+01 -0.13149277E+00
  0.19914476E+01  0.22722308E+02  0.00000000E+00  0.10000000E+01  0.34984750E+00  0.18000000E+00  0.31571227E+01  0.20357521E+00  0.29907254E+01  0.10317114E+01 -0.12663330E+00
  0.20055713E+01  0.23046001E+02  0.00000000E+00  0.10000000E+01  0.32328874E+00  0.18000000E+00  0.31299086E+01  0.20357521E+00  0.29598068E+01  0.10379375E+01 -0.11559036E+00
  0.20196950E+01  0.23369693E+02  0.00000000E+00  0.10000000E+01  0.29631125E+00  0.18000000E+00  0.32504768E+01  0.20357521E+00  0.30645732E+01  0.11024671E+01 -0.12643230E+00
  0.20338188E+01  0.23693385E+02  0.00000000E+00  0.10000000E+01  0.26923461E+00  0.18000000E+00  0.31622580E+01  0.20357521E+00  0.29775132E+01  0.10843127E+01 -0.10589710E+00
  0.20479425E+01  0.24017078E+02  0.00000000E+00  0.10000000E+01  0.24195682E+00  0.18000000E+00  0.32664473E+01  0.20357521E+00  0.30665089E+01  0.11435227E+01 -0.11988425E+00
  0.20620663E+01  0.24340770E+02  0.00000000E+00  0.10000000E+01  0.21434185E+00  0.18000000E+00  0.32906029E+01  0.20357521E+00  0.30820081E+01  0.11707846E+01 -0.11274404E+00
  0.20761900E+01  0.24664462E+02  0.00000000E+00  0.10000000E+01  0.18662544E+00  0.18000000E+00  0.33042287E+01  0.20357521E+00  0.30877272E+01  0.11938637E+01 -0.11444067E+00
  0.20903137E+01  0.24988155E+02  0.00000000E+00  0.10000000E+01  0.15877668E+00  0.18000000E+00  0.32857192E+01  0.20357521E+00  0.30641563E+01  0.12034697E+01 -0.10434896E+00
  0.21044375E+01  0.25311847E+02  0.00000000E+00  0.10000000E+01  0.13075486E+00  0.18000000E+00  0.33254457E+01  0.20357521E+00  0.30932210E+01  0.12377462E+01 -0.10513445E+00
  0.21185612E+01  0.25635540E+02  0.00000000E+00  0.10000000E+01  0.10262559E+00  0.18000000E+00  0.33183925E+01  0.20357521E+00  0.30798201E+01  0.12521500E+01 -0.99229731E-01
  0.21326850E+01  0.25959232E+02  0.00000000E+00  0.10000000E+01  0.74163015E-01  0.18000000E+00  0.34277092E+01  0.20357521E+00  0.31709843E+01  0.13173807E+01 -0.10924050E+00
  0.21468087E+01  0.26282924E+02  0.00000000E+00  0.10000000E+01  0.45518850E-01  0.18000000E+00  0.34467125E+01  0.20357521E+00  0.31805298E+01  0.13436888E+01 -0.10959673E+00
  0.21609324E+01  0.26606617E+02  0.00000000E+00  0.10000000E+01  0.17068615E-01  0.18000000E+00  0.33105784E+01  0.20357521E+00  0.30511701E+01  0.13006663E+01 -0.86382129E-01
  0.21750562E+01  0.26930309E+02  0.00000000E+00  0.10000000E+01 -0.11521978E-01  0.18000000E+00  0.34712817E+01  0.20357521E+00  0.31870497E+01  0.13906666E+01 -0.11058277E+00
  0.21891799E+01  0.27254001E+02  0.00000000E+00  0.10000000E+01 -0.40401027E-01  0.18000000E+00  0.34708626E+01  0.20357521E+00  0.31787697E+01  0.14084576E+01 -0.96625561E-01
  0.22033037E+01  0.27577694E+02  0.00000000E+00  0.10000000E+01 -0.69509092E-01  0.18000000E+00  0.36204766E+01  0.20357521E+00  0.33033774E+01  0.14956575E+01 -0.11965206E+00
  0.22174274E+01  0.27901386E+02  0.00000000E+00  0.10000000E+01 -0.98267306E-01  0.18000000E+00  0.33647138E+01  0.20357521E+00  0.30688436E+01  0.13946114E+01 -0.76250568E-01
  0.22315512E+01  0.28225078E+02  0.00000000E+00  0.10000000E+01 -0.12725789E+00  0.18000000E+00  0.36031996E+01  0.20357521E+00  0.32710448E+01  0.15247151E+01 -0.10983404E+00
  0.22456749E+01  0.28548771E+02  0.00000000E+00  0.10000000E+01 -0.15625883E+00  0.18000000E+00  0.35652397E+01  0.20357521E+00  0.32290344E+01  0.15250292E+01 -0.10348484E+00
  0.22597986E+01  0.28872463E+02  0.00000000E+00  0.10000000E+01 -0.18526930E+00  0.18000000E+00  0.36066523E+01  0.20357521E+00  0.32566321E+01  0.15632437E+01 -0.10922873E+00
  0.22739224E+01  0.29196155E+02  0.00000000E+00  0.10000000E+01 -0.21433208E+00  0.18000000E+00  0.36247744E+01  0.20357521E+00  0.32635684E+01  0.15904569E+01 -0.10767798E+00
  0.22880461E+01  0.29519848E+02  0.00000000E+00  0.10000000E+01 -0.24296220E+00  0.18000000E+00  0.35103554E+01  0.20357521E+00  0.31549654E+01  0.15524919E+01 -0.97700086E-01
  0.23021699E+01  0.29843540E+02  0.00000000E+00  0.10000000E+01 -0.27201959E+00  0.18000000E+00  0.37576958E+01  0.20357521E+00  0.33606843E+01  0.16933758E+01 -0.12342521E+00
  0.23162936E+01  0.30167232E+02  0.00000000E+00  0.10000000E+01 -0.30093272E+00  0.18000000E+00  0.37607297E+01  0.20357521E+00  0.33536870E+01  0.17138595E+01 -0.13450438E+00
  0.23304173E+01  0.30490924E+02  0.00000000E+00  0.10000000E+01 -0.32943712E+00  0.18000000E+00  0.34910061E+01  0.20357521E+00  0.31115277E+01  0.15959204E+01 -0.82485495E-01
  0.23445411E+01  0.30814616E+02  0.00000000E+00  0.10000000E+01 -0.35809434E+00  0.18000000E+00  0.38965433E+01  0.20357521E+00  0.34507492E+01  0.18212147E+01 -0.15327701E+00
  0.23586648E+01  0.31138308E+02  0.00000000E+00  0.10000000E+01 -0.38683610E+00  0.18000000E+00  0.37213426E+01  0.20357521E+00  0.32904472E+01  0.17500832E+01 -0.10754793E+00
  0.23727886E+01  0.31462000E+02  0.00000000E+00  0.10000000E+01 -0.41504417E+00  0.18000000E+00  0.37733965E+01  0.20357521E+00  0.33249089E+01  0.17958132E+01 -0.13531687E+00
  0.23869123E+01  0.31785691E+02  0.00000000E+00  0.10000000E+01 -0.44342773E+00  0.18000000E+00  0.38411710E+01  0.20357521E+00  0.33723205E+01  0.18502681E+01 -0.13042778E+00
  0.24010361E+01  0.32109383E+02  0.00000000E+00  0.10000000E+01 -0.47142712E+00  0.18000000E+00  0.38090843E+01  0.20357521E+00  0.33346351E+01  0.18522352E+01 -0.13361376E+00
  0.24151598E+01  0.32433073E+02  0.00000000E+00  0.10000000E+01 -0.49906674E+00  0.18000000E+00  0.38275202E+01  0.20357521E+00  0.33396780E+01  0.18809318E+01 -0.14749128E+00
  0.24292835E+01  0.32756763E+02  0.00000000E+00  0.10000000E+01 -0.52674568E+00  0.18000000E+00  0.38890625E+01  0.20357521E+00  0.33807541E+01  0.19330680E+01 -0.14726470E+00
  0.24434073E+01  0.33080453E+02  0.00000000E+00  0.10000000E+01 -0.55360197E+00  0.18000000E+00  0.37761306E+01  0.20357521E+00  0.32751532E+01  0.18904964E+01 -0.15485298E+00
  0.24575310E+01  0.33404141E+02  0.00000000E+00  0.10000000E+01 -0.58054732E+00  0.18000000E+00  0.40198037E+01  0.20357521E+00  0.34678411E+01  0.20431209E+01 -0.18740274E+00
  0.24716548E+01  0.33727828E+02  0.00000000E+00  0.10000000E+01 -0.60663869E+00  0.18000000E+00  0.37505746E+01  0.20357521E+00  0.32323297E+01  0.19131904E+01 -0.15703025E+00
  0.24857785E+01  0.34051513E+02  0.00000000E+00  0.10000000E+01 -0.63235544E+00  0.18000000E+00  0.40615182E+01  0.20357521E+00  0.34790973E+01  0.21055295E+01 -0.21886846E+00
  0.24999022E+01  0.34375195E+02  0.00000000E+00  0.10000000E+01 -0.65785729E+00  0.18000000E+00  0.39567997E+01  0.20357521E+00  0.33807168E+01  0.20660252E+01 -0.19002033E+00
  0.25140260E+01  0.34698873E+02  0.00000000E+00  0.10000000E+01 -0.68269006E+00  0.18000000E+00  0.40216547E+01  0.20357521E+00  0.34223123E+01  0.21220103E+01 -0.21456037E+00
  0.25281497E+01  0.35022546E+02  0.00000000E+00  0.10000000E+01 -0.70696935E+00  0.18000000E+00  0.40279297E+01  0.20357521E+00  0.34154090E+01  0.21449107E+01 -0.21596965E+00
  0.25422735E+01  0.35346212E+02  0.00000000E+00  0.10000000E+01 -0.73069183E+00  0.18000000E+00  0.40582357E+01  0.20357521E+00  0.34279576E+01  0.21817026E+01 -0.21970176E+00
  0.25563972E+01  0.35669869E+02  0.00000000E+00  0.10000000E+01 -0.75411829E+00  0.18000000E+00  0.42118778E+01  0.20357521E+00  0.35403961E+01  0.22906227E+01 -0.24758341E+00
  0.25705210E+01  0.35993512E+02  0.00000000E+00  0.10000000E+01 -0.77715749E+00  0.18000000E+00  0.40556850E+01  0.20357521E+00  0.34010278E+01  0.22187910E+01 -0.21352265E+00
  0.25846447E+01  0.36317138E+02  0.00000000E+00  0.10000000E+01 -0.79938754E+00  0.18000000E+00  0.42112111E+01  0.20357521E+00  0.35137565E+01  0.23300766E+01 -0.26688346E+00
  0.25987684E+01  0.36640739E+02  0.00000000E+00  0.10000000E+01 -0.82135362E+00  0.18000000E+00  0.41586293E+01  0.20357521E+00  0.34583492E+01  0.23185041E+01 -0.24242623E+00
  0.26128922E+01  0.36964307E+02  0.00000000E+00  0.10000000E+01 -0.84234417E+00  0.18000000E+00  0.42578159E+01  0.20357521E+00  0.35244519E+01  0.23976401E+01 -0.28848914E+00
  0.26270159E+01  0.37287830E+02  0.00000000E+00  0.10000000E+01 -0.86239906E+00  0.18000000E+00  0.41781870E+01  0.20357521E+00  0.34475045E+01  0.23692620E+01 -0.28682067E+00
  0.26411397E+01  0.37611291E+02  0.00000000E+00  0.10000000E+01 -0.88122604E+00  0.18000000E+00  0.42004473E+01  0.20357521E+00  0.34517079E+01  0.24022724E+01 -0.31217984E+00
  0.26552634E+01  0.37934668E+02  0.00000000E+00  0.10000000E+01 -0.89849991E+00  0.18000000E+00  0.42569519E+01  0.20357521E+00  0.34826605E+01  0.24564524E+01 -0.34520896E+00
  0.26693871E+01  0.38257930E+02  0.00000000E+00  0.10000000E+01 -0.91362344E+00  0.18000000E+00  0.42635544E+01  0.20357521E+00  0.34739304E+01  0.24801506E+01 -0.36066070E+00
  0.26835109E+01  0.38581035E+02  0.00000000E+00  0.10000000E+01 -0.92452578E+00  0.18000000E+00  0.43443230E+01  0.20357521E+00  0.35230280E+01  0.25500704E+01 -0.43100240E+00
  0.26976346E+01  0.38903928E+02  0.00000000E+00  0.10000000E+01 -0.93195524E+00  0.18000000E+00  0.44140591E+01  0.20357521E+00  0.35628698E+01  0.26136794E+01 -0.46550989E+00
  0.27117584E+01  0.39226529E+02  0.00000000E+00  0.10000000E+01 -0.93697531E+00  0.18000000E+00  0.44781812E+01  0.20357521E+00  0.35977694E+01  0.26742484E+01 -0.51321521E+00
  0.27258821E+01  0.39548735E+02  0.00000000E+00  0.10000000E+01 -0.94187491E+00  0.18000000E+00  0.43761311E+01  0.20357521E+00  0.35039847E+01  0.26294595E+01 -0.49510511E+00
  0.27400059E+01  0.39870403E+02  0.00000000E+00  0.10000000E+01 -0.94665359E+00  0.18000000E+00  0.44851071E+01  0.20357521E+00  0.35728060E+01  0.27189493E+01 -0.53271040E+00
  0.27541296E+01  0.40191340E+02  0.00000000E+00  0.10000000E+01 -0.95266254E+00  0.18000000E+00  0.44987959E+01  0.20357521E+00  0.35679770E+01  0.27477533E+01 -0.50757371E+00
  0.27682533E+01  0.40511283E+02  0.00000000E+00  0.10000000E+01 -0.95977328E+00  0.18000000E+00  0.44957205E+01  0.20357521E+00  0.35502396E+01  0.27656364E+01 -0.50276215E+00
  0.27823771E+01  0.40829883E+02  0.00000000E+00  0.10000000E+01 -0.96442708E+00  0.18000000E+00  0.44547384E+01  0.20357521E+00  0.35037969E+01  0.27585403E+01 -0.51635198E+00
  0.27965008E+01  0.41146666E+02  0.00000000E+00  0.10000000E+01 -0.96700741E+00  0.18000000E+00  0.45020862E+01  0.20357521E+00  0.35241459E+01  0.28090245E+01 -0.54745364E+00
  0.28106246E+01  0.41461005E+02  0.00000000E+00  0.10000000E+01 -0.97178690E+00  0.18000000E+00  0.44359423E+01  0.20357521E+00  0.34591132E+01  0.27845219E+01 -0.50228112E+00
  0.28247483E+01  0.41772070E+02  0.00000000E+00  0.10000000E+01 -0.98054300E+00  0.18000000E+00  0.43925817E+01  0.20357521E+00  0.34116065E+01  0.27743752E+01 -0.46063699E+00
  0.28388720E+01  0.42078776E+02  0.00000000E+00  0.10000000E+01 -0.99132708E+00  0.18000000E+00  0.43018858E+01  0.20357521E+00  0.33293897E+01  0.27318178E+01 -0.42018926E+00
  0.28529958E+01  0.42379729E+02  0.00000000E+00  0.10000000E+01 -0.10007302E+01  0.18000000E+00  0.42658479E+01  0.20357521E+00  0.32883737E+01  0.27249771E+01 -0.42757203E+00
  0.28671195E+01  0.42673177E+02  0.00000000E+00  0.10000000E+01 -0.10072742E+01  0.18000000E+00  0.42050783E+01  0.20357521E+00  0.32296945E+01  0.27005925E+01 -0.44717072E+00
  0.28812433E+01  0.42956970E+02  0.00000000E+00  0.10000000E+01 -0.10094727E+01  0.18000000E+00  0.41277173E+01  0.20357521E+00  0.31596607E+01  0.26638388E+01 -0.47696588E+00
  0.28953670E+01  0.43228576E+02  0.00000000E+00  0.10000000E+01 -0.10065850E+01  0.18000000E+00  0.40633470E+01  0.20357521E+00  0.31000956E+01  0.26346990E+01 -0.51928578E+00
  0.29094907E+01  0.43485158E+02  0.00000000E+00  0.10000000E+01 -0.10028471E+01  0.18000000E+00  0.39942324E+01  0.20357521E+00  0.30381195E+01  0.26009930E+01 -0.49680209E+00
  0.29236145E+01  0.43723745E+02  0.00000000E+00  0.10000000E+01 -0.10051968E+01  0.18000000E+00  0.38605164E+01  0.20357521E+00  0.29306284E+01  0.25211995E+01 -0.36599495E+00
  0.29377382E+01  0.43941507E+02  0.00000000E+00  0.10000000E+01 -0.10124763E+01  0.18000000E+00  0.37002274E+01  0.20357521E+00  0.28056092E+01  0.24210913E+01 -0.26266271E+00
  0.29518620E+01  0.44136113E+02  0.00000000E+00  0.10000000E+01 -0.10215495E+01  0.18000000E+00  0.35219616E+01  0.20357521E+00  0.26694306E+01  0.23064685E+01 -0.19635983E+00
  0.29659857E+01  0.44306074E+02  0.00000000E+00  0.10000000E+01 -0.10294217E+01  0.18000000E+00  0.34113162E+01  0.20357521E+00  0.25833970E+01  0.22370920E+01 -0.18213103E+00
  0.29801095E+01  0.44451011E+02  0.00000000E+00  0.10000000E+01 -0.10354579E+01  0.18000000E+00  0.33614081E+01  0.20357521E+00  0.25421029E+01  0.22086693E+01 -0.19162803E+00
  0.29942332E+01  0.44571712E+02  0.00000000E+00  0.10000000E+01 -0.10416358E+01  0.18000000E+00  0.33293913E+01  0.20357521E+00  0.25146365E+01  0.21915502E+01 -0.18439671E+00
  0.30083569E+01  0.44669999E+02  0.00000000E+00  0.10000000E+01 -0.10504696E+01  0.18000000E+00  0.33382726E+01  0.20357521E+00  0.25171895E+01  0.22021044E+01 -0.16762916E+00
  0.30224807E+01  0.44748422E+02  0.00000000E+00  0.10000000E+01 -0.10623141E+01  0.18000000E+00  0.33266656E+01  0.20357521E+00  0.25059296E+01  0.21973764E+01 -0.14634872E+00
  0.30366044E+01  0.44809897E+02  0.00000000E+00  0.10000000E+01 -0.10744038E+01  0.18000000E+00  0.33812828E+01  0.20357521E+00  0.25423187E+01  0.22385557E+01 -0.17583217E+00
  0.30507282E+01  0.44857374E+02  0.00000000E+00  0.10000000E+01 -0.10844659E+01  0.18000000E+00  0.34375744E+01  0.20357521E+00  0.25803660E+01  0.22803666E+01 -0.22451323E+00
  0.30648519E+01  0.44893599E+02  0.00000000E+00  0.10000000E+01 -0.10906535E+01  0.18000000E+00  0.35439762E+01  0.20357521E+00  0.26543008E+01  0.23570951E+01 -0.30181904E+00
  0.30789756E+01  0.44920973E+02  0.00000000E+00  0.10000000E+01 -0.10942447E+01  0.18000000E+00  0.36115329E+01  0.20357521E+00  0.27010099E+01  0.24060669E+01 -0.35265092E+00
  0.30930994E+01  0.44941502E+02  0.00000000E+00  0.10000000E+01 -0.10986606E+01  0.18000000E+00  0.36474396E+01  0.20357521E+00  0.27255635E+01  0.24323985E+01 -0.37157693E+00
  0.31072231E+01  0.44956810E+02  0.00000000E+00  0.10000000E+01 -0.11057150E+01  0.18000000E+00  0.36299854E+01  0.20357521E+00  0.27125623E+01  0.24207939E+01 -0.36199596E+00
  0.31213469E+01  0.44968173E+02  0.00000000E+00  0.10000000E+01 -0.11149361E+01  0.18000000E+00  0.36274893E+01  0.20357521E+00  0.27103161E+01  0.24195678E+01 -0.36351658E+00
  0.31354706E+01  0.44976581E+02  0.00000000E+00  0.10000000E+01 -0.11234987E+01  0.18000000E+00  0.36397081E+01  0.20357521E+00  0.27186045E+01  0.24286019E+01 -0.38553737E+00
  0.31495944E+01  0.44982787E+02  0.00000000E+00  0.10000000E+01 -0.11311865E+01  0.18000000E+00  0.36624975E+01  0.20357521E+00  0.27344608E+01  0.24450061E+01 -0.41135852E+00
  0.31637181E+01  0.44987359E+02  0.00000000E+00  0.10000000E+01 -0.11380462E+01  0.18000000E+00  0.36755993E+01  0.20357521E+00  0.27435321E+01  0.24544866E+01 -0.43161468E+00
  0.31778418E+01  0.44990723E+02  0.00000000E+00  0.10000000E+01 -0.11441066E+01  0.18000000E+00  0.36891183E+01  0.20357521E+00  0.27529490E+01  0.24642055E+01 -0.44963778E+00
  0.31919656E+01  0.44993195E+02  0.00000000E+00  0.10000000E+01 -0.11497438E+01  0.18000000E+00  0.36985084E+01  0.20357521E+00  0.27594832E+01  0.24709633E+01 -0.46216232E+00
  0.32060893E+01  0.44995011E+02  0.00000000E+00  0.10000000E+01 -0.11553932E+01  0.18000000E+00  0.36956040E+01  0.20357521E+00  0.27573510E+01  0.24689972E+01 -0.46715706E+00
  0.32202131E+01  0.44996343E+02  0.00000000E+00  0.10000000E+01 -0.11611891E+01  0.18000000E+00  0.36878690E+01  0.20357521E+00  0.27518238E+01  0.24635922E+01 -0.47098668E+00
  0.32343368E+01  0.44997321E+02  0.00000000E+00  0.10000000E+01 -0.11670645E+01  0.18000000E+00  0.36774874E+01  0.20357521E+00  0.27444405E+01  0.24562986E+01 -0.47572443E+00
  0.32484605E+01  0.44998038E+02  0.00000000E+00  0.10000000E+01 -0.11728988E+01  0.18000000E+00  0.36646765E+01  0.20357521E+00  0.27353508E+01  0.24472746E+01 -0.48173545E+00
  0.32625843E+01  0.44998564E+02  0.00000000E+00  0.10000000E+01 -0.11785464E+01  0.18000000E+00  0.36524860E+01  0.20357521E+00  0.27267081E+01  0.24386800E+01 -0.48981798E+00
  0.32767080E+01  0.44998950E+02  0.00000000E+00  0.10000000E+01 -0.11837858E+01  0.18000000E+00  0.36435694E+01  0.20357521E+00  0.27203865E+01  0.24323934E+01 -0.50084529E+00
  0.32908318E+01  0.44999233E+02  0.00000000E+00  0.10000000E+01 -0.11882611E+01  0.18000000E+00  0.36409908E+01  0.20357521E+00  0.27185512E+01  0.24305836E+01 -0.51611659E+00
  0.33049555E+01  0.44999440E+02  0.00000000E+00  0.10000000E+01 -0.11913857E+01  0.18000000E+00  0.36480210E+01  0.20357521E+00  0.27235136E+01  0.24355644E+01 -0.53763252E+00
  0.33190793E+01  0.44999592E+02  0.00000000E+00  0.10000000E+01 -0.11920482E+01  0.18000000E+00  0.36701564E+01  0.20357521E+00  0.27391593E+01  0.24512236E+01 -0.57007393E+00
  0.33332030E+01  0.44999704E+02  0.00000000E+00  0.10000000E+01 -0.11893583E+01  0.18000000E+00  0.37011867E+01  0.20357521E+00  0.27610963E+01  0.24731706E+01 -0.60951479E+00
  0.33473267E+01  0.44999785E+02  0.00000000E+00  0.10000000E+01 -0.11864754E+01  0.18000000E+00  0.36916471E+01  0.20357521E+00  0.27543473E+01  0.24664290E+01 -0.61390251E+00
  0.33614505E+01  0.44999845E+02  0.00000000E+00  0.10000000E+01 -0.11873332E+01  0.18000000E+00  0.36381448E+01  0.20357521E+00  0.27165128E+01  0.24286001E+01 -0.57917369E+00
  0.33755742E+01  0.44999889E+02  0.00000000E+00  0.10000000E+01 -0.11910882E+01  0.18000000E+00  0.35993335E+01  0.20357521E+00  0.26890671E+01  0.24011586E+01 -0.55688654E+00
  0.33896980E+01  0.44999921E+02  0.00000000E+00  0.10000000E+01 -0.11948478E+01  0.18000000E+00  0.35896991E+01  0.20357521E+00  0.26822533E+01  0.23943476E+01 -0.56358269E+00
  0.34038217E+01  0.44999944E+02  0.00000000E+00  0.10000000E+01 -0.11985966E+01  0.18000000E+00  0.35757892E+01  0.20357521E+00  0.26724165E+01  0.23845128E+01 -0.56912563E+00
  0.34179454E+01  0.44999961E+02  0.00000000E+00  0.10000000E+01 -0.12023635E+01  0.18000000E+00  0.35615580E+01  0.20357521E+00  0.26623528E+01  0.23744506E+01 -0.57441553E+00
  0.34320692E+01  0.44999974E+02  0.00000000E+00  0.10000000E+01 -0.12059876E+01  0.18000000E+00  0.35504885E+01  0.20357521E+00  0.26545249E+01  0.23666239E+01 -0.58154267E+00
  0.34461929E+01  0.44999983E+02  0.00000000E+00  0.10000000E+01 -0.12094009E+01  0.18000000E+00  0.35411054E+01  0.20357521E+00  0.26478897E+01  0.23599895E+01 -0.58942489E+00
  0.34603167E+01  0.44999990E+02  0.00000000E+00  0.10000000E+01 -0.12125951E+01  0.18000000E+00  0.35321610E+01  0.20357521E+00  0.26415648E+01  0.23536652E+01 -0.59755898E+00
  0.34744404E+01  0.44999994E+02  0.00000000E+00  0.10000000E+01 -0.12155648E+01  0.18000000E+00  0.35229611E+01  0.20357521E+00  0.26350593E+01  0.23471601E+01 -0.60595509E+00
  0.34885642E+01  0.44999997E+02  0.00000000E+00  0.10000000E+01 -0.12182877E+01  0.18000000E+00  0.35142963E+01  0.20357521E+00  0.26289322E+01  0.23410333E+01 -0.61497787E+00
  0.35026879E+01  0.44999999E+02  0.00000000E+00  0.10000000E+01 -0.12207360E+01  0.18000000E+00  0.35065915E+01  0.20357521E+00  0.26234840E+01  0.23355852E+01 -0.62451139E+00
  0.35168116E+01  0.45000000E+02  0.00000000E+00  0.10000000E+01 -0.12228815E+01  0.18000000E+00  0.35004360E+01  0.20357521E+00  0.26191314E+01  0.23312327E+01 -0.63441838E+00
  0.35309354E+01  0.45000000E+02  0.00000000E+00  0.10000000E+01 -0.12247021E+01  0.18000000E+00  0.34956695E+01  0.20357521E+00  0.26157610E+01  0.23278623E+01 -0.64442285E+00
  0.35450591E+01  0.44999999E+02  0.00000000E+00  0.10000000E+01 -0.12261972E+01  0.18000000E+00  0.34915242E+01  0.20357521E+00  0.26128298E+01  0.23249310E+01 -0.65416281E+00
  0.35591829E+01  0.44999997E+02  0.00000000E+00  0.10000000E+01 -0.12273996E+01  0.18000000E+00  0.34870674E+01  0.20357521E+00  0.26096785E+01  0.23217795E+01 -0.66328986E+00
  0.35733066E+01  0.44999994E+02  0.00000000E+00  0.10000000E+01 -0.12283640E+01  0.18000000E+00  0.34815047E+01  0.20357521E+00  0.26057452E+01  0.23178460E+01 -0.67160021E+00
  0.35874303E+01  0.44999990E+02  0.00000000E+00  0.10000000E+01 -0.12291409E+01  0.18000000E+00  0.34748235E+01  0.20357521E+00  0.26010210E+01  0.23131214E+01 -0.67924102E+00
  0.36015541E+01  0.44999983E+02  0.00000000E+00  0.10000000E+01 -0.12297621E+01  0.18000000E+00  0.34671879E+01  0.20357521E+00  0.25956221E+01  0.23077219E+01 -0.68640915E+00
  0.36156778E+01  0.44999974E+02  0.00000000E+00  0.10000000E+01 -0.12302417E+01  0.18000000E+00  0.34589317E+01  0.20357521E+00  0.25897845E+01  0.23018835E+01 -0.69331728E+00
  0.36298016E+01  0.44999961E+02  0.00000000E+00  0.10000000E+01 -0.12305912E+01  0.18000000E+00  0.34498410E+01  0.20357521E+00  0.25833569E+01  0.22954548E+01 -0.69991414E+00
  0.36439253E+01  0.44999944E+02  0.00000000E+00  0.10000000E+01 -0.12308220E+01  0.18000000E+00  0.34399223E+01  0.20357521E+00  0.25763440E+01  0.22884405E+01 -0.70625547E+00
  0.36580490E+01  0.44999921E+02  0.00000000E+00  0.10000000E+01 -0.12309472E+01  0.18000000E+00  0.34291262E+01  0.20357521E+00  0.25687109E+01  0.22808055E+01 -0.71235104E+00
  0.36721728E+01  0.44999889E+02  0.00000000E+00  0.10000000E+01 -0.12309748E+01  0.18000000E+00  0.34176758E+01  0.20357521E+00  0.25606155E+01  0.22727075E+01 -0.71831531E+00
  0.36862965E+01  0.44999845E+02  0.00000000E+00  0.10000000E+01 -0.12309033E+01  0.18000000E+00  0.34059504E+01  0.20357521E+00  0.25523261E+01  0.22644144E+01 -0.72427727E+00
  0.37004203E+01  0.44999785E+02  0.00000000E+00  0.10000000E+01 -0.12307230E+01  0.18000000E+00  0.33943475E+01  0.20357521E+00  0.25441240E+01  0.22562073E+01 -0.73030608E+00
  0.37145440E+01  0.44999704E+02  0.00000000E+00  0.10000000E+01 -0.12304213E+01  0.18000000E+00  0.33830144E+01  0.20357521E+00  0.25361134E+01  0.22481899E+01 -0.73635376E+00
  0.37286678E+01  0.44999592E+02  0.00000000E+00  0.10000000E+01 -0.12299897E+01  0.18000000E+00  0.33719750E+01  0.20357521E+00  0.25283117E+01  0.22403790E+01 -0.74234451E+00
  0.37427915E+01  0.44999440E+02  0.00000000E+00  0.10000000E+01 -0.12294217E+01  0.18000000E+00  0.33614257E+01  0.20357521E+00  0.25208581E+01  0.22329129E+01 -0.74833872E+00
  0.37569152E+01  0.44999233E+02  0.00000000E+00  0.10000000E+01 -0.12287176E+01  0.18000000E+00  0.33510697E+01  0.20357521E+00  0.25135433E+01  0.22255811E+01 -0.75420910E+00
  0.37710390E+01  0.44998950E+02  0.00000000E+00  0.10000000E+01 -0.12278822E+01  0.18000000E+00  0.33406162E+01  0.20357521E+00  0.25061624E+01  0.22181771E+01 -0.75985587E+00
  0.37851627E+01  0.44998564E+02  0.00000000E+00  0.10000000E+01 -0.12269252E+01  0.18000000E+00  0.33297704E+01  0.20357521E+00  0.24985080E+01  0.22104912E+01 -0.76518133E+00
  0.37992865E+01  0.44998038E+02  0.00000000E+00  0.10000000E+01 -0.12258597E+01  0.18000000E+00  0.33182733E+01  0.20357521E+00  0.24903983E+01  0.22023389E+01 -0.77010692E+00
  0.38134102E+01  0.44997321E+02  0.00000000E+00  0.10000000E+01 -0.12246995E+01  0.18000000E+00  0.33058676E+01  0.20357521E+00  0.24816533E+01  0.21935360E+01 -0.77455888E+00
  0.38275339E+01  0.44996343E+02  0.00000000E+00  0.10000000E+01 -0.12234567E+01  0.18000000E+00  0.32925127E+01  0.20357521E+00  0.24722468E+01  0.21840509E+01 -0.77851404E+00
  0.38416577E+01  0.44995011E+02  0.00000000E+00  0.10000000E+01 -0.12221408E+01  0.18000000E+00  0.32781976E+01  0.20357521E+00  0.24621744E+01  0.21738720E+01 -0.78191237E+00
  0.38557814E+01  0.44993195E+02  0.00000000E+00  0.10000000E+01 -0.12207645E+01  0.18000000E+00  0.32624931E+01  0.20357521E+00  0.24511372E+01  0.21626905E+01 -0.78447118E+00
  0.38699052E+01  0.44990723E+02  0.00000000E+00  0.10000000E+01 -0.12193444E+01  0.18000000E+00  0.32451928E+01  0.20357521E+00  0.24389954E+01  0.21503536E+01 -0.78600987E+00
  0.38840289E+01  0.44987359E+02  0.00000000E+00  0.10000000E+01 -0.12179108E+01  0.18000000E+00  0.32251224E+01  0.20357521E+00  0.24249266E+01  0.21360216E+01 -0.78600858E+00
  0.38981527E+01  0.44982787E+02  0.00000000E+00  0.10000000E+01 -0.12165041E+01  0.18000000E+00  0.32013406E+01  0.20357521E+00  0.24082758E+01  0.21190169E+01 -0.78414135E+00
  0.39122764E+01  0.44976581E+02  0.00000000E+00  0.10000000E+01 -0.12151764E+01  0.18000000E+00  0.31723382E+01  0.20357521E+00  0.23879891E+01  0.20982566E+01 -0.77989021E+00
  0.39264001E+01  0.44968173E+02  0.00000000E+00  0.10000000E+01 -0.12139877E+01  0.18000000E+00  0.31368962E+01  0.20357521E+00  0.23632217E+01  0.20728588E+01 -0.77283031E+00
  0.39405239E+01  0.44956810E+02  0.00000000E+00  0.10000000E+01 -0.12130079E+01  0.18000000E+00  0.30934561E+01  0.20357521E+00  0.23328929E+01  0.20416965E+01 -0.76233015E+00
  0.39546476E+01  0.44941502E+02  0.00000000E+00  0.10000000E+01 -0.12123204E+01  0.18000000E+00  0.30401503E+01  0.20357521E+00  0.22957069E+01  0.20034187E+01 -0.74757332E+00
  0.39687714E+01  0.44920973E+02  0.00000000E+00  0.10000000E+01 -0.12120218E+01  0.18000000E+00  0.29752759E+01  0.20357521E+00  0.22504882E+01  0.19567862E+01 -0.72779960E+00
  0.39828951E+01  0.44893599E+02  0.00000000E+00  0.10000000E+01 -0.12122282E+01  0.18000000E+00  0.28964015E+01  0.20357521E+00  0.21955468E+01  0.19000418E+01 -0.70194613E+00
  0.39970188E+01  0.44857374E+02  0.00000000E+00  0.10000000E+01 -0.12130668E+01  0.18000000E+00  0.28022654E+01  0.20357521E+00  0.21300178E+01  0.18322549E+01 -0.66946394E+00
  0.40111426E+01  0.44809897E+02  0.00000000E+00  0.10000000E+01 -0.12146709E+01  0.18000000E+00  0.26922698E+01  0.20357521E+00  0.20534991E+01  0.17529692E+01 -0.63009394E+00
  0.40252663E+01  0.44748422E+02  0.00000000E+00  0.10000000E+01 -0.12171608E+01  0.18000000E+00  0.25682188E+01  0.20357521E+00  0.19672771E+01  0.16634336E+01 -0.58460141E+00
  0.40393901E+01  0.44669999E+02  0.00000000E+00  0.10000000E+01 -0.12206145E+01  0.18000000E+00  0.24356335E+01  0.20357521E+00  0.18752618E+01  0.15675289E+01 -0.53533978E+00
  0.40535138E+01  0.44571712E+02  0.00000000E+00  0.10000000E+01 -0.12250420E+01  0.18000000E+00  0.23033111E+01  0.20357521E+00  0.17836851E+01  0.14714457E+01 -0.48606043E+00
  0.40676376E+01  0.44451011E+02  0.00000000E+00  0.10000000E+01 -0.12303564E+01  0.18000000E+00  0.21839220E+01  0.20357521E+00  0.17015551E+01  0.13840767E+01 -0.44217567E+00
  0.40817613E+01  0.44306074E+02  0.00000000E+00  0.10000000E+01 -0.12363706E+01  0.18000000E+00  0.20906549E+01  0.20357521E+00  0.16383071E+01  0.13146217E+01 -0.40934155E+00
  0.40958850E+01  0.44136113E+02  0.00000000E+00  0.10000000E+01 -0.12428088E+01  0.18000000E+00  0.20351744E+01  0.20357521E+00  0.16023819E+01  0.12711214E+01 -0.39260441E+00
  0.41100088E+01  0.43941507E+02  0.00000000E+00  0.10000000E+01 -0.12493564E+01  0.18000000E+00  0.20223861E+01  0.20357521E+00  0.15974819E+01  0.12567975E+01 -0.39417380E+00
  0.41241325E+01  0.43723745E+02  0.00000000E+00  0.10000000E+01 -0.12557099E+01  0.18000000E+00  0.20500637E+01  0.20357521E+00  0.16222491E+01  0.12698472E+01 -0.41325306E+00
  0.41382563E+01  0.43485158E+02  0.00000000E+00  0.10000000E+01 -0.12616302E+01  0.18000000E+00  0.21087959E+01  0.20357521E+00  0.16701361E+01  0.13034985E+01 -0.44598287E+00
  0.41523800E+01  0.43228576E+02  0.00000000E+00  0.10000000E+01 -0.12669687E+01  0.18000000E+00  0.21854264E+01  0.20357521E+00  0.17317917E+01  0.13484913E+01 -0.48687622E+00
  0.41665037E+01  0.42956970E+02  0.00000000E+00  0.10000000E+01 -0.12716659E+01  0.18000000E+00  0.22672005E+01  0.20357521E+00  0.17980124E+01  0.13959917E+01 -0.53055853E+00
  0.41806275E+01  0.42673177E+02  0.00000000E+00  0.10000000E+01 -0.12757338E+01  0.18000000E+00  0.23438066E+01  0.20357521E+00  0.18612280E+01  0.14389936E+01 -0.57264623E+00
  0.41947512E+01  0.42379729E+02  0.00000000E+00  0.10000000E+01 -0.12792230E+01  0.18000000E+00  0.24091129E+01  0.20357521E+00  0.19168149E+01  0.14734613E+01 -0.61051572E+00
  0.42088750E+01  0.42078776E+02  0.00000000E+00  0.10000000E+01 -0.12821852E+01  0.18000000E+00  0.24616902E+01  0.20357521E+00  0.19635521E+01  0.14986075E+01 -0.64353719E+00
  0.42229987E+01  0.41772070E+02  0.00000000E+00  0.10000000E+01 -0.12846852E+01  0.18000000E+00  0.25002322E+01  0.20357521E+00  0.20002907E+01  0.15137506E+01 -0.67105125E+00
  0.42371225E+01  0.41461005E+02  0.00000000E+00  0.10000000E+01 -0.12867905E+01  0.18000000E+00  0.25259968E+01  0.20357521E+00  0.20277876E+01  0.15199276E+01 -0.69343664E+00
  0.42512462E+01  0.41146666E+02  0.00000000E+00  0.10000000E+01 -0.12885741E+01  0.18000000E+00  0.25395876E+01  0.20357521E+00  0.20463300E+01  0.15177224E+01 -0.71083834E+00
  0.42653699E+01  0.40829883E+02  0.00000000E+00  0.10000000E+01 -0.12901009E+01  0.18000000E+00  0.25433282E+01  0.20357521E+00  0.20575204E+01  0.15088310E+01 -0.72415987E+00
  0.42794937E+01  0.40511283E+02  0.00000000E+00  0.10000000E+01 -0.12914383E+01  0.18000000E+00  0.25385811E+01  0.20357521E+00  0.20622695E+01  0.14942829E+01 -0.73389371E+00
  0.42936174E+01  0.40191340E+02  0.00000000E+00  0.10000000E+01 -0.12926610E+01  0.18000000E+00  0.25266677E+01  0.20357521E+00  0.20614809E+01  0.14750557E+01 -0.74050425E+00
  0.43077412E+01  0.39870403E+02  0.00000000E+00  0.10000000E+01 -0.12938553E+01  0.18000000E+00  0.25091087E+01  0.20357521E+00  0.20562344E+01  0.14522291E+01 -0.74451728E+00
  0.43218649E+01  0.39548735E+02  0.00000000E+00  0.10000000E+01 -0.12951306E+01  0.18000000E+00  0.24864839E+01  0.20357521E+00  0.20469094E+01  0.14262562E+01 -0.74602539E+00
  0.43359886E+01  0.39226529E+02  0.00000000E+00  0.10000000E+01 -0.12966179E+01  0.18000000E+00  0.24597854E+01  0.20357521E+00  0.20342156E+01  0.13978390E+01 -0.74527031E+00
  0.43501124E+01  0.38903928E+02  0.00000000E+00  0.10000000E+01 -0.12984578E+01  0.18000000E+00  0.24292532E+01  0.20357521E+00  0.20182936E+01  0.13671887E+01 -0.74224586E+00
  0.43642361E+01  0.38581035E+02  0.00000000E+00  0.10000000E+01 -0.13007276E+01  0.18000000E+00  0.23951691E+01  0.20357521E+00  0.19993220E+01  0.13345373E+01 -0.73731024E+00
  0.43783599E+01  0.38257930E+02  0.00000000E+00  0.10000000E+01 -0.13032202E+01  0.18000000E+00  0.23606536E+01  0.20357521E+00  0.19797133E+01  0.13018694E+01 -0.73305646E+00
  0.43924836E+01  0.37934668E+02  0.00000000E+00  0.10000000E+01 -0.13050936E+01  0.18000000E+00  0.23302101E+01  0.20357521E+00  0.19630156E+01  0.12719636E+01 -0.73450395E+00
  0.44066073E+01  0.37611291E+02  0.00000000E+00  0.10000000E+01 -0.13047659E+01  0.18000000E+00  0.23123194E+01  0.20357521E+00  0.19559909E+01  0.12499455E+01 -0.74896501E+00
  0.44207311E+01  0.37287830E+02  0.00000000E+00  0.10000000E+01 -0.13008322E+01  0.18000000E+00  0.23082207E+01  0.20357521E+00  0.19597552E+01  0.12364001E+01 -0.77643581E+00
  0.44348548E+01  0.36964307E+02  0.00000000E+00  0.10000000E+01 -0.12934385E+01  0.18000000E+00  0.23063606E+01  0.20357521E+00  0.19652191E+01  0.12241961E+01 -0.80450721E+00
  0.44489786E+01  0.36640739E+02  0.00000000E+00  0.10000000E+01 -0.12840432E+01  0.18000000E+00  0.22934878E+01  0.20357521E+00  0.19617721E+01  0.12053959E+01 -0.82057449E+00
  0.44631023E+01  0.36317138E+02  0.00000000E+00  0.10000000E+01 -0.12738374E+01  0.18000000E+00  0.22692035E+01  0.20357521E+00  0.19489817E+01  0.11799144E+01 -0.82539828E+00
  0.44772261E+01  0.35993512E+02  0.00000000E+00  0.10000000E+01 -0.12636441E+01  0.18000000E+00  0.22370007E+01  0.20357521E+00  0.19295603E+01  0.11499618E+01 -0.82221557E+00
  0.44913498E+01  0.35669869E+02  0.00000000E+00  0.10000000E+01 -0.12538179E+01  0.18000000E+00  0.22016250E+01  0.20357521E+00  0.19072863E+01  0.11184160E+01 -0.81555774E+00
  0.45054735E+01  0.35346212E+02  0.00000000E+00  0.10000000E+01 -0.12436133E+01  0.18000000E+00  0.21797553E+01  0.20357521E+00  0.18957352E+01  0.10949722E+01 -0.81853392E+00
  0.45195973E+01  0.35022546E+02  0.00000000E+00  0.10000000E+01 -0.12308199E+01  0.18000000E+00  0.21927835E+01  0.20357521E+00  0.19125596E+01  0.10917226E+01 -0.84831102E+00
  0.45337210E+01  0.34698873E+02  0.00000000E+00  0.10000000E+01 -0.12130635E+01  0.18000000E+00  0.22369949E+01  0.20357521E+00  0.19550450E+01  0.11060688E+01 -0.90448625E+00
  0.45478448E+01  0.34375195E+02  0.00000000E+00  0.10000000E+01 -0.11895728E+01  0.18000000E+00  0.22817945E+01  0.20357521E+00  0.19982379E+01  0.11203010E+01 -0.96540662E+00
  0.45619685E+01  0.34051513E+02  0.00000000E+00  0.10000000E+01 -0.11637509E+01  0.18000000E+00  0.22760251E+01  0.20357521E+00  0.19997548E+01  0.11057640E+01 -0.98662665E+00
  0.45760922E+01  0.33727828E+02  0.00000000E+00  0.10000000E+01 -0.11383522E+01  0.18000000E+00  0.22376916E+01  0.20357521E+00  0.19740883E+01  0.10731645E+01 -0.97845554E+00
  0.45902160E+01  0.33404141E+02  0.00000000E+00  0.10000000E+01 -0.11140439E+01  0.18000000E+00  0.21978183E+01  0.20357521E+00  0.19468329E+01  0.10400430E+01 -0.96545618E+00
  0.46043397E+01  0.33080453E+02  0.00000000E+00  0.10000000E+01 -0.10895180E+01  0.18000000E+00  0.21781615E+01  0.20357521E+00  0.19362070E+01  0.10182991E+01 -0.96834785E+00
  0.46184635E+01  0.32756763E+02  0.00000000E+00  0.10000000E+01 -0.10641672E+01  0.18000000E+00  0.21657726E+01  0.20357521E+00  0.19315101E+01  0.10006410E+01 -0.97755788E+00
  0.46325872E+01  0.32433073E+02  0.00000000E+00  0.10000000E+01 -0.10386325E+01  0.18000000E+00  0.21419363E+01  0.20357521E+00  0.19170141E+01  0.97692940E+00 -0.97808446E+00
  0.46467110E+01  0.32109383E+02  0.00000000E+00  0.10000000E+01 -0.10125739E+01  0.18000000E+00  0.21191212E+01  0.20357521E+00  0.19031774E+01  0.95395668E+00 -0.98090308E+00
  0.46608347E+01  0.31785691E+02  0.00000000E+00  0.10000000E+01 -0.98509802E+00  0.18000000E+00  0.21044414E+01  0.20357521E+00  0.18960581E+01  0.93545702E+00 -0.99169830E+00
  0.46749584E+01  0.31462000E+02  0.00000000E+00  0.10000000E+01 -0.95742334E+00  0.18000000E+00  0.20726581E+01  0.20357521E+00  0.18742020E+01  0.90814168E+00 -0.98863494E+00
  0.46890822E+01  0.31138308E+02  0.00000000E+00  0.10000000E+01 -0.93013512E+00  0.18000000E+00  0.20380323E+01  0.20357521E+00  0.18496656E+01  0.87963375E+00 -0.98162531E+00
  0.47032059E+01  0.30814616E+02  0.00000000E+00  0.10000000E+01 -0.90280553E+00  0.18000000E+00  0.20126104E+01  0.20357521E+00  0.18327725E+01  0.85614745E+00 -0.98096406E+00
  0.47173297E+01  0.30490924E+02  0.00000000E+00  0.10000000E+01 -0.87584264E+00  0.18000000E+00  0.19890088E+01  0.20357521E+00  0.18172423E+01  0.83380412E+00 -0.97861139E+00
  0.47314534E+01  0.30167232E+02  0.00000000E+00  0.10000000E+01 -0.84803806E+00  0.18000000E+00  0.19755359E+01  0.20357521E+00  0.18102757E+01  0.81675389E+00 -0.98666606E+00
  0.47455771E+01  0.29843540E+02  0.00000000E+00  0.10000000E+01 -0.81858393E+00  0.18000000E+00  0.19742847E+01  0.20357521E+00  0.18137757E+01  0.80589114E+00 -0.10040386E+01
  0.47597009E+01  0.29519848E+02  0.00000000E+00  0.10000000E+01 -0.78755527E+00  0.18000000E+00  0.19639498E+01  0.20357521E+00  0.18093064E+01  0.79053916E+00 -0.10181745E+01
  0.47738246E+01  0.29196155E+02  0.00000000E+00  0.10000000E+01 -0.75643090E+00  0.18000000E+00  0.19519358E+01  0.20357521E+00  0.18032560E+01  0.77444447E+00 -0.10237302E+01
  0.47879484E+01  0.28872463E+02  0.00000000E+00  0.10000000E+01 -0.72669705E+00  0.18000000E+00  0.19165906E+01  0.20357521E+00  0.17766507E+01  0.74717783E+00 -0.10109695E+01
  0.48020721E+01  0.28548771E+02  0.00000000E+00  0.10000000E+01 -0.69724405E+00  0.18000000E+00  0.19017768E+01  0.20357521E+00  0.17678309E+01  0.73004917E+00 -0.10125581E+01
  0.48161959E+01  0.28225078E+02  0.00000000E+00  0.10000000E+01 -0.66430579E+00  0.18000000E+00  0.19235756E+01  0.20357521E+00  0.17911339E+01  0.73035965E+00 -0.10497061E+01
  0.48303196E+01  0.27901386E+02  0.00000000E+00  0.10000000E+01 -0.62974737E+00  0.18000000E+00  0.19185575E+01  0.20357521E+00  0.17907967E+01  0.71788084E+00 -0.10646827E+01
  0.48444433E+01  0.27577694E+02  0.00000000E+00  0.10000000E+01 -0.59491394E+00  0.17996702E+00  0.19276031E+01  0.20350063E+00  0.18028072E+01  0.71200613E+00 -0.10771776E+01
  0.48585671E+01  0.27254001E+02  0.00000000E+00  0.10000000E+01 -0.56103968E+00  0.17969217E+00  0.19107728E+01  0.20287952E+00  0.17915545E+01  0.69465478E+00 -0.10739934E+01
  0.48726908E+01  0.26930309E+02  0.00000000E+00  0.10000000E+01 -0.52738962E+00  0.17927011E+00  0.19009333E+01  0.20192758E+00  0.17862467E+01  0.68091471E+00 -0.10756676E+01
  0.48868146E+01  0.26606617E+02  0.00000000E+00  0.10000000E+01 -0.49448124E+00  0.17873031E+00  0.18725256E+01  0.20071336E+00  0.17641218E+01  0.65917541E+00 -0.10671695E+01
  0.49009383E+01  0.26282924E+02  0.00000000E+00  0.10000000E+01 -0.45953417E+00  0.17814573E+00  0.18894592E+01  0.19940255E+00  0.17824202E+01  0.65787210E+00 -0.10928947E+01
  0.49150620E+01  0.25959232E+02  0.00000000E+00  0.10000000E+01 -0.41893721E+00  0.17753926E+00  0.19221009E+01  0.19804719E+00  0.18148634E+01  0.66329880E+00 -0.11433281E+01
  0.49291858E+01  0.25635540E+02  0.00000000E+00  0.10000000E+01 -0.37791860E+00  0.17687490E+00  0.19057530E+01  0.19656777E+00  0.18032030E+01  0.64729615E+00 -0.11429882E+01
  0.49433095E+01  0.25311847E+02  0.00000000E+00  0.10000000E+01 -0.34073406E+00  0.17607653E+00  0.18193292E+01  0.19479726E+00  0.17279475E+01  0.60174915E+00 -0.10909403E+01
  0.49574333E+01  0.24988155E+02  0.00000000E+00  0.10000000E+01 -0.30723801E+00  0.17524081E+00  0.18013473E+01  0.19295248E+00  0.17142415E+01  0.58605358E+00 -0.10659233E+01
  0.49715570E+01  0.24664462E+02  0.00000000E+00  0.10000000E+01 -0.27879810E+00  0.17424786E+00  0.16898219E+01  0.19077207E+00  0.16152646E+01  0.53180121E+00 -0.99714539E+00
  0.49856808E+01  0.24340770E+02  0.00000000E+00  0.10000000E+01 -0.25374241E+00  0.17321300E+00  0.16666167E+01  0.18851281E+00  0.15961694E+01  0.51516143E+00 -0.97257249E+00
  0.49998045E+01  0.24017078E+02  0.00000000E+00  0.10000000E+01 -0.22725518E+00  0.17217020E+00  0.16821144E+01  0.18624981E+00  0.16122893E+01  0.51451051E+00 -0.99128148E+00
  0.50139282E+01  0.23693385E+02  0.00000000E+00  0.10000000E+01 -0.20109999E+00  0.17112057E+00  0.16863312E+01  0.18398581E+00  0.16181219E+01  0.50916138E+00 -0.99314340E+00
  0.50280520E+01  0.23369693E+02  0.00000000E+00  0.10000000E+01 -0.17643047E+00  0.16996803E+00  0.16248910E+01  0.18151578E+00  0.15635928E+01  0.47790810E+00 -0.96642109E+00
  0.50421757E+01  0.23046001E+02  0.00000000E+00  0.10000000E+01 -0.14855674E+00  0.16891407E+00  0.17121042E+01  0.17927162E+00  0.16456420E+01  0.50527341E+00 -0.10207826E+01
  0.50562995E+01  0.22722308E+02  0.00000000E+00  0.10000000E+01 -0.11227700E+00  0.16790628E+00  0.17798974E+01  0.17713883E+00  0.17101781E+01  0.52412174E+00 -0.10989998E+01
  0.50704232E+01  0.22398616E+02  0.00000000E+00  0.10000000E+01 -0.75220636E-01  0.16691637E+00  0.17982205E+01  0.17505629E+00  0.17292590E+01  0.52335921E+00 -0.11117754E+01
  0.50845469E+01  0.22074923E+02  0.00000000E+00  0.10000000E+01 -0.43177197E-01  0.16580518E+00  0.17041615E+01  0.17273330E+00  0.16441513E+01  0.48038501E+00 -0.10490106E+01
  0.50986707E+01  0.21751231E+02  0.00000000E+00  0.10000000E+01 -0.20184841E-01  0.16457937E+00  0.16017655E+01  0.17018869E+00  0.15507905E+01  0.43550659E+00 -0.95878359E+00
  0.51127944E+01  0.21427539E+02  0.00000000E+00  0.10000000E+01 -0.15729765E-02  0.16331114E+00  0.15614081E+01  0.16757588E+00  0.15147036E+01  0.41442716E+00 -0.91875397E+00
  0.51269182E+01  0.21103846E+02  0.00000000E+00  0.10000000E+01  0.15339721E-01  0.16199613E+00  0.15235974E+01  0.16488805E+00  0.14807782E+01  0.39475671E+00 -0.89550884E+00
  0.51410419E+01  0.20780154E+02  0.00000000E+00  0.10000000E+01  0.32677655E-01  0.16074489E+00  0.15649054E+01  0.16235073E+00  0.15207054E+01  0.40341247E+00 -0.91276098E+00
  0.51551656E+01  0.20456462E+02  0.00000000E+00  0.10000000E+01  0.46241794E-01  0.15941222E+00  0.14929056E+01  0.15966992E+00  0.14545639E+01  0.37216301E+00 -0.86385451E+00
  0.51692894E+01  0.20132769E+02  0.00000000E+00  0.10000000E+01  0.52899217E-01  0.15799934E+00  0.14060958E+01  0.15685213E+00  0.13741679E+01  0.33670552E+00 -0.78921903E+00
  0.51834131E+01  0.19809077E+02  0.00000000E+00  0.10000000E+01  0.64901442E-01  0.15668123E+00  0.14872394E+01  0.15424598E+00  0.14515070E+01  0.35888726E+00 -0.85186743E+00
  0.51975369E+01  0.19485385E+02  0.00000000E+00  0.10000000E+01  0.86058618E-01  0.15551178E+00  0.16163969E+01  0.15195202E+00  0.15745065E+01  0.39592650E+00 -0.95340078E+00
  0.52116606E+01  0.19161692E+02  0.00000000E+00  0.10000000E+01  0.10564799E+00  0.15427362E+00  0.15583414E+01  0.14954201E+00  0.15210880E+01  0.37024566E+00 -0.92108848E+00
  0.52257844E+01  0.18838000E+02  0.00000000E+00  0.10000000E+01  0.11981739E+00  0.15298518E+00  0.14972713E+01  0.14705460E+00  0.14645534E+01  0.34428146E+00 -0.86325892E+00
  0.52399081E+01  0.18514307E+02  0.00000000E+00  0.10000000E+01  0.12969950E+00  0.15161603E+00  0.14181150E+01  0.14443422E+00  0.13905834E+01  0.31335136E+00 -0.80508368E+00
  0.52540318E+01  0.18190615E+02  0.00000000E+00  0.10000000E+01  0.13393544E+00  0.15018444E+00  0.13488449E+01  0.14171954E+00  0.13256759E+01  0.28644463E+00 -0.74442580E+00
  0.52681556E+01  0.17866923E+02  0.00000000E+00  0.10000000E+01  0.15273823E+00  0.14895028E+00  0.15261812E+01  0.13939992E+00  0.14953450E+01  0.33556652E+00 -0.89603514E+00
  0.52822793E+01  0.17543230E+02  0.00000000E+00  0.10000000E+01  0.17506040E+00  0.14773716E+00  0.15341940E+01  0.13713849E+00  0.15041754E+01  0.33168476E+00 -0.91519058E+00
  0.52964031E+01  0.17219538E+02  0.00000000E+00  0.10000000E+01  0.18529965E+00  0.14634391E+00  0.13453693E+01  0.13456410E+00  0.13249019E+01  0.26974218E+00 -0.76680722E+00
  0.53105268E+01  0.16895846E+02  0.00000000E+00  0.10000000E+01  0.18057672E+00  0.14477572E+00  0.11497473E+01  0.13169563E+00  0.11383932E+01  0.20814338E+00 -0.59915731E+00
  0.53246505E+01  0.16572153E+02  0.00000000E+00  0.10000000E+01  0.17766977E+00  0.14327896E+00  0.11860736E+01  0.12898664E+00  0.11735955E+01  0.21466625E+00 -0.61843477E+00
  0.53387743E+01  0.16248461E+02  0.00000000E+00  0.10000000E+01  0.18001424E+00  0.14187668E+00  0.12556959E+01  0.12647420E+00  0.12409280E+01  0.22992530E+00 -0.67242335E+00
  0.53528980E+01  0.15924769E+02  0.00000000E+00  0.10000000E+01  0.19496756E+00  0.14060340E+00  0.13721577E+01  0.12421428E+00  0.13535794E+01  0.25703843E+00 -0.78604861E+00
  0.53670218E+01  0.15601076E+02  0.00000000E+00  0.10000000E+01  0.20539572E+00  0.13924347E+00  0.12747815E+01  0.12182307E+00  0.12605782E+01  0.22550227E+00 -0.71592100E+00
  0.53811455E+01  0.15277384E+02  0.00000000E+00  0.10000000E+01  0.21406090E+00  0.13786315E+00  0.12363716E+01  0.11941979E+00  0.12241463E+01  0.21057474E+00 -0.68639045E+00
  0.53952693E+01  0.14953692E+02  0.00000000E+00  0.10000000E+01  0.22043810E+00  0.13644193E+00  0.11782843E+01  0.11697030E+00  0.11685642E+01  0.19103339E+00 -0.64489407E+00
  0.54093930E+01  0.14630000E+02  0.00000000E+00  0.10000000E+01  0.21836857E+00  0.13491887E+00  0.10552716E+01  0.11437346E+00  0.10499446E+01  0.15587117E+00 -0.54259288E+00
  0.54235167E+01  0.14306308E+02  0.00000000E+00  0.10000000E+01  0.21437625E+00  0.13337773E+00  0.10136826E+01  0.11177548E+00  0.10098672E+01  0.14217759E+00 -0.50999191E+00
  0.54376405E+01  0.13982616E+02  0.00000000E+00  0.10000000E+01  0.21460590E+00  0.13189474E+00  0.10477944E+01  0.10930369E+00  0.10431580E+01  0.14711100E+00 -0.54299319E+00
  0.54517642E+01  0.13658924E+02  0.00000000E+00  0.10000000E+01  0.22103499E+00  0.13046615E+00  0.10821338E+01  0.10694872E+00  0.10767846E+01  0.15161270E+00 -0.58598381E+00
  0.54658880E+01  0.13335232E+02  0.00000000E+00  0.10000000E+01  0.22491269E+00  0.12899496E+00  0.10207032E+01  0.10455031E+00  0.10172966E+01  0.13369193E+00 -0.54217135E+00
  0.54800117E+01  0.13011541E+02  0.00000000E+00  0.10000000E+01  0.22821503E+00  0.12749905E+00  0.97632222E+00  0.10213951E+00  0.97425132E+00  0.12029928E+00 -0.51605601E+00
  0.54941354E+01  0.12687850E+02  0.00000000E+00  0.10000000E+01  0.22847197E+00  0.12594740E+00  0.89930124E+00  0.99668583E-01  0.89923248E+00  0.10028714E+00 -0.46231192E+00
  0.55082592E+01  0.12364160E+02  0.00000000E+00  0.10000000E+01  0.22727004E+00  0.12437163E+00  0.85087015E+00  0.97190213E-01  0.85194621E+00  0.87256002E-01 -0.42941581E+00
  0.55223829E+01  0.12040470E+02  0.00000000E+00  0.10000000E+01  0.22815894E+00  0.12280535E+00  0.83808413E+00  0.94757684E-01  0.83941339E+00  0.82153418E-01 -0.43094144E+00
  0.55365067E+01  0.11716781E+02  0.00000000E+00  0.10000000E+01  0.22612940E+00  0.12118866E+00  0.76695267E+00  0.92279207E-01  0.76971149E+00  0.65391797E-01 -0.38116718E+00
  0.55506304E+01  0.11393094E+02  0.00000000E+00  0.10000000E+01  0.22351970E+00  0.11955786E+00  0.73193450E+00  0.89812362E-01  0.73525318E+00  0.56543140E-01 -0.36044928E+00
  0.55647542E+01  0.11069408E+02  0.00000000E+00  0.10000000E+01  0.22310186E+00  0.11792337E+00  0.71109646E+00  0.87373480E-01  0.71464227E+00  0.50781174E-01 -0.36022655E+00
  0.55788779E+01  0.10745725E+02  0.00000000E+00  0.10000000E+01  0.22336466E+00  0.11626393E+00  0.66868810E+00  0.84931714E-01  0.67279778E+00  0.41235011E-01 -0.34259498E+00
  0.55930016E+01  0.10422045E+02  0.00000000E+00  0.10000000E+01  0.22377088E+00  0.11457715E+00  0.62277504E+00  0.82485175E-01  0.62742183E+00  0.31534164E-01 -0.32065926E+00
  0.56071254E+01  0.10098370E+02  0.00000000E+00  0.10000000E+01  0.22389264E+00  0.11285892E+00  0.57218988E+00  0.80029785E-01  0.57735793E+00  0.21537066E-01 -0.29444371E+00
  0.56212491E+01  0.97747011E+01  0.00000000E+00  0.10000000E+01  0.22321074E+00  0.11110565E+00  0.51709924E+00  0.77562564E-01  0.52276063E+00  0.11353619E-01 -0.26365552E+00
  0.56353729E+01  0.94510406E+01  0.00000000E+00  0.10000000E+01  0.22159069E+00  0.10931697E+00  0.46153705E+00  0.75085323E-01  0.46760165E+00  0.17204491E-02 -0.23196969E+00
  0.56494966E+01  0.91273919E+01  0.00000000E+00  0.10000000E+01  0.21863410E+00  0.10749067E+00  0.40311560E+00  0.72597457E-01  0.40952753E+00 -0.77319596E-02 -0.19708071E+00
  0.56636203E+01  0.88037589E+01  0.00000000E+00  0.10000000E+01  0.21396558E+00  0.10562673E+00  0.34470571E+00  0.70101542E-01  0.35137360E+00 -0.16518188E-01 -0.16050904E+00
  0.56777441E+01  0.84801477E+01  0.00000000E+00  0.10000000E+01  0.20813051E+00  0.10373431E+00  0.29628047E+00  0.67612149E-01  0.30301178E+00 -0.23181436E-01 -0.13165807E+00
  0.56918678E+01  0.81565660E+01  0.00000000E+00  0.10000000E+01  0.20225327E+00  0.10182055E+00  0.25714598E+00  0.65140456E-01  0.26378675E+00 -0.27997993E-01 -0.11314823E+00
  0.57059916E+01  0.78330246E+01  0.00000000E+00  0.10000000E+01  0.19608788E+00  0.99876725E-01  0.21158062E+00  0.62677038E-01  0.21814850E+00 -0.33256622E-01 -0.90747881E-01
  0.57201153E+01  0.75095382E+01  0.00000000E+00  0.10000000E+01  0.18914353E+00  0.97897982E-01  0.16172194E+00  0.60218143E-01  0.16820485E+00 -0.38566018E-01 -0.64279571E-01
  0.57342391E+01  0.71861268E+01  0.00000000E+00  0.10000000E+01  0.18174627E+00  0.95889123E-01  0.11798175E+00  0.57772155E-01  0.12428190E+00 -0.42559664E-01 -0.42591148E-01
  0.57483628E+01  0.68628176E+01  0.00000000E+00  0.10000000E+01  0.17443461E+00  0.93854141E-01  0.79522643E-01  0.55346066E-01  0.85566314E-01 -0.45447153E-01 -0.26412611E-01
  0.57624865E+01  0.65396478E+01  0.00000000E+00  0.10000000E+01  0.16740120E+00  0.91792270E-01  0.42052109E-01  0.52940995E-01  0.47807976E-01 -0.47807178E-01 -0.11908755E-01
  0.57766103E+01  0.62166681E+01  0.00000000E+00  0.10000000E+01  0.16048549E+00  0.89700861E-01  0.29904923E-02  0.50556046E-01  0.84475485E-02 -0.49934916E-01  0.39230590E-02
  0.57907340E+01  0.58939473E+01  0.00000000E+00  0.10000000E+01  0.15357651E+00  0.87579429E-01 -0.35967627E-01  0.48193015E-01 -0.30828672E-01 -0.51631676E-01  0.20096106E-01
  0.58048578E+01  0.55715790E+01  0.00000000E+00  0.10000000E+01  0.14651948E+00  0.85427854E-01 -0.73919565E-01  0.45854174E-01 -0.69118400E-01 -0.52814337E-01  0.36537211E-01
  0.58189815E+01  0.52496906E+01  0.00000000E+00  0.10000000E+01  0.13919507E+00  0.83247919E-01 -0.10954246E+00  0.43543833E-01 -0.10509888E+00 -0.53383908E-01  0.52450229E-01
  0.58331052E+01  0.49284546E+01  0.00000000E+00  0.10000000E+01  0.13170058E+00  0.81044488E-01 -0.13895364E+00  0.41269276E-01 -0.13489438E+00 -0.53054440E-01  0.65074336E-01
  0.58472290E+01  0.46081043E+01  0.00000000E+00  0.10000000E+01  0.12424830E+00  0.78822999E-01 -0.16135464E+00  0.39037840E-01 -0.15769677E+00 -0.51874870E-01  0.73553391E-01
  0.58613527E+01  0.42889546E+01  0.00000000E+00  0.10000000E+01  0.11695381E+00  0.76587630E-01 -0.17793273E+00  0.36855061E-01 -0.17467818E+00 -0.50058816E-01  0.79060640E-01
  0.58754765E+01  0.39714287E+01  0.00000000E+00  0.10000000E+01  0.10985055E+00  0.74343045E-01 -0.18755691E+00  0.34726465E-01 -0.18470142E+00 -0.47633084E-01  0.81758760E-01
  0.58896002E+01  0.36560913E+01  0.00000000E+00  0.10000000E+01  0.10296068E+00  0.72095943E-01 -0.18872202E+00  0.32658899E-01 -0.18625535E+00 -0.44626769E-01  0.81213245E-01
  0.59037239E+01  0.33436916E+01  0.00000000E+00  0.10000000E+01  0.96346604E-01  0.69855930E-01 -0.17775757E+00  0.30661009E-01 -0.17566665E+00 -0.40976578E-01  0.75905893E-01
  0.59178477E+01  0.30352123E+01  0.00000000E+00  0.10000000E+01  0.90125038E-01  0.67635926E-01 -0.15140118E+00  0.28743176E-01 -0.14966685E+00 -0.36719498E-01  0.64423361E-01
  0.59319714E+01  0.27319247E+01  0.00000000E+00  0.10000000E+01  0.84458761E-01  0.65452318E-01 -0.10633789E+00  0.26917204E-01 -0.10493408E+00 -0.31954996E-01  0.45441045E-01
  0.59460952E+01  0.24354435E+01  0.00000000E+00  0.10000000E+01  0.79526305E-01  0.63325019E-01 -0.38817424E-01  0.25195938E-01 -0.37711692E-01 -0.26822676E-01  0.17721347E-01
  0.59602189E+01  0.21477677E+01  0.00000000E+00  0.10000000E+01  0.75454553E-01  0.61277164E-01  0.52715446E-01  0.23592675E-01  0.53562592E-01 -0.21600493E-01 -0.18726769E-01
  0.59743427E+01  0.18712907E+01  0.00000000E+00  0.10000000E+01  0.72200769E-01  0.59333807E-01  0.16856344E+00  0.22119958E-01  0.16919586E+00 -0.16603828E-01 -0.62699086E-01
  0.59884664E+01  0.16087508E+01  0.00000000E+00  0.10000000E+01  0.69783608E-01  0.57525240E-01  0.30934618E+00  0.20792024E-01  0.30980796E+00 -0.12099148E-01 -0.11461438E+00
  0.60025901E+01  0.13630963E+01  0.00000000E+00  0.10000000E+01  0.69794370E-01  0.55902823E-01  0.49031892E+00  0.19635744E-01  0.49064727E+00 -0.79663461E-02 -0.18928101E+00
  0.60167139E+01  0.11372473E+01  0.00000000E+00  0.10000000E+01  0.72637683E-01  0.54498798E-01  0.68520723E+00  0.18661808E-01  0.68544265E+00 -0.50585454E-02 -0.26935886E+00
  0.60308376E+01  0.93376534E+00  0.00000000E+00  0.10000000E+01  0.77561320E-01  0.53330289E-01  0.86988011E+00  0.17870132E-01  0.87005582E+00 -0.36917066E-02 -0.33935800E+00
  0.60449614E+01  0.75449043E+00  0.00000000E+00  0.10000000E+01  0.84344499E-01  0.52413791E-01  0.10360458E+01  0.17261201E-01  0.10361833E+01 -0.36170929E-02 -0.39970470E+00
  0.60590851E+01  0.60023640E+00  0.00000000E+00  0.10000000E+01  0.92698988E-01  0.51754334E-01  0.11681412E+01  0.16829582E-01  0.11682534E+01 -0.45913161E-02 -0.44474945E+00
  0.60732088E+01  0.47064545E+00  0.00000000E+00  0.10000000E+01  0.10225525E+00  0.51343610E-01  0.12558067E+01  0.16563522E-01  0.12559003E+01 -0.62474903E-02 -0.47080320E+00
  0.60873326E+01  0.36425299E+00  0.00000000E+00  0.10000000E+01  0.11259817E+00  0.51161007E-01  0.12959972E+01  0.16445915E-01  0.12960755E+01 -0.82064473E-02 -0.47710892E+00
  0.61014563E+01  0.27873948E+00  0.00000000E+00  0.10000000E+01  0.12332381E+00  0.51176908E-01  0.12937734E+01  0.16456139E-01  0.12938382E+01 -0.10161863E-01 -0.46614988E+00
  0.61155801E+01  0.21128329E+00  0.00000000E+00  0.10000000E+01  0.13408667E+00  0.51357042E-01  0.12598109E+01  0.16572189E-01  0.12598635E+01 -0.11926422E-01 -0.44259366E+00
  0.61297038E+01  0.15891308E+00  0.00000000E+00  0.10000000E+01  0.14462050E+00  0.51666592E-01  0.12062155E+01  0.16772566E-01  0.12062574E+01 -0.13426999E-01 -0.41157842E+00
  0.61438276E+01  0.11878587E+00  0.00000000E+00  0.10000000E+01  0.15474364E+00  0.52073255E-01  0.11440339E+01  0.17037636E-01  0.11440668E+01 -0.14665785E-01 -0.37771743E+00
  0.61579513E+01  0.88362210E-01  0.00000000E+00  0.10000000E+01  0.16434602E+00  0.52549033E-01  0.10812261E+01  0.17350394E-01  0.10812516E+01 -0.15682894E-01 -0.34429541E+00
  0.61720750E+01  0.65486038E-01  0.00000000E+00  0.10000000E+01  0.17337482E+00  0.53070874E-01  0.10228004E+01  0.17696703E-01  0.10228199E+01 -0.16527685E-01 -0.31335500E+00
  0.61861988E+01  0.48394810E-01  0.00000000E+00  0.10000000E+01  0.18181737E+00  0.53620575E-01  0.97114804E+00  0.18065202E-01  0.97116296E+00 -0.17244917E-01 -0.28584664E+00
  0.62003225E+01  0.35687846E-01  0.00000000E+00  0.10000000E+01  0.18968756E+00  0.54184224E-01  0.92696556E+00  0.18446994E-01  0.92697687E+00 -0.17869611E-01 -0.26201682E+00
  0.62144463E+01  0.26275264E-01  0.00000000E+00  0.10000000E+01  0.19701557E+00  0.54751476E-01  0.88994992E+00  0.18835257E-01  0.88995847E+00 -0.18427133E-01 -0.24169538E+00
  0.62285700E+01  0.19322207E-01  0.00000000E+00  0.10000000E+01  0.20383962E+00  0.55314864E-01  0.85928975E+00  0.19224877E-01  0.85929619E+00 -0.18935093E-01 -0.22449731E+00
  0.62426937E+01  0.14196557E-01  0.00000000E+00  0.10000000E+01  0.21020113E+00  0.55869137E-01  0.83402873E+00  0.19612086E-01  0.83403356E+00 -0.19405433E-01 -0.20997685E+00
  0.62568175E+01  0.10423799E-01  0.00000000E+00  0.10000000E+01  0.21614120E+00  0.56410749E-01  0.81322170E+00  0.19994181E-01  0.81322532E+00 -0.19846231E-01 -0.19769154E+00
  0.62709412E+01  0.76499758E-02  0.00000000E+00  0.10000000E+01  0.22169854E+00  0.56937416E-01  0.79603227E+00  0.20369267E-01  0.79603498E+00 -0.20262982E-01 -0.18724609E+00
  0.62850650E+01  0.56122922E-02  0.00000000E+00  0.10000000E+01  0.22690874E+00  0.57447766E-01  0.78174370E+00  0.20736057E-01  0.78174572E+00 -0.20659483E-01 -0.17829953E+00
  0.62991887E+01  0.41163033E-02  0.00000000E+00  0.10000000E+01  0.23180368E+00  0.57941096E-01  0.76978015E+00  0.21093726E-01  0.76978166E+00 -0.21038422E-01 -0.17057279E+00
  0.63133125E+01  0.30185011E-02  0.00000000E+00  0.10000000E+01  0.23641177E+00  0.58417149E-01  0.75966656E+00  0.21441768E-01  0.75966769E+00 -0.21401747E-01 -0.16383610E+00
  0.63274362E+01  0.22131676E-02  0.00000000E+00  0.10000000E+01  0.24075807E+00  0.58875988E-01  0.75104309E+00  0.21779921E-01  0.75104393E+00 -0.21750910E-01 -0.15791145E+00
  0.63415599E+01  0.16225290E-02  0.00000000E+00  0.10000000E+01  0.24486481E+00  0.59317871E-01  0.74361517E+00  0.22108078E-01  0.74361579E+00 -0.22087020E-01 -0.15265444E+00
  0.63556837E+01  0.11894270E-02  0.00000000E+00  0.10000000E+01  0.24875173E+00  0.59743193E-01  0.73716308E+00  0.22426255E-01  0.73716354E+00 -0.22410951E-01 -0.14795464E+00
  0.63698074E+01  0.87188457E-03  0.00000000E+00  0.10000000E+01  0.25243635E+00  0.60152432E-01  0.73151603E+00  0.22734544E-01  0.73151638E+00 -0.22723413E-01 -0.14372523E+00
  0.63839312E+01  0.63909076E-03  0.00000000E+00  0.10000000E+01  0.25593440E+00  0.60546092E-01  0.72652919E+00  0.23033085E-01  0.72652945E+00 -0.23024981E-01 -0.13989400E+00
  0.63980549E+01  0.46843909E-03  0.00000000E+00  0.10000000E+01  0.25926002E+00  0.60924716E-01  0.72210475E+00  0.23322060E-01  0.72210494E+00 -0.23316157E-01 -0.13640851E+00
  0.64121786E+01  0.34334776E-03  0.00000000E+00  0.10000000E+01  0.26242598E+00  0.61288838E-01  0.71814997E+00  0.23601665E-01  0.71815011E+00 -0.23597362E-01 -0.13322171E+00
  0.64263024E+01  0.25165661E-03  0.00000000E+00  0.10000000E+01  0.26544390E+00  0.61638987E-01  0.71459797E+00  0.23872114E-01  0.71459807E+00 -0.23868975E-01 -0.13029754E+00
  0.64404261E+01  0.18444945E-03  0.00000000E+00  0.10000000E+01  0.26832425E+00  0.61975674E-01  0.71139121E+00  0.24133616E-01  0.71139129E+00 -0.24131326E-01 -0.12760506E+00
  0.64545499E+01  0.13518940E-03  0.00000000E+00  0.10000000E+01  0.27107656E+00  0.62299358E-01  0.70846787E+00  0.24386362E-01  0.70846792E+00 -0.24384690E-01 -0.12511375E+00
  0.64686736E+01  0.99084379E-04  0.00000000E+00  0.10000000E+01  0.27370942E+00  0.62610468E-01  0.70578731E+00  0.24630531E-01  0.70578735E+00 -0.24629311E-01 -0.12280091E+00
  0.64827973E+01  0.72621584E-04  0.00000000E+00  0.10000000E+01  0.27623053E+00  0.62909374E-01  0.70329850E+00  0.24866268E-01  0.70329853E+00 -0.24865376E-01 -0.12064164E+00
  0.64969211E+01  0.53226116E-04  0.00000000E+00  0.10000000E+01  0.27864684E+00  0.63196410E-01  0.70096593E+00  0.25093700E-01  0.70096595E+00 -0.25093049E-01 -0.11861674E+00
  0.65110448E+01  0.39010611E-04  0.00000000E+00  0.10000000E+01  0.28096450E+00  0.63471871E-01  0.69875927E+00  0.25312933E-01  0.69875929E+00 -0.25312458E-01 -0.11670935E+00
  0.65251686E+01  0.28591697E-04  0.00000000E+00  0.10000000E+01  0.28318904E+00  0.63736005E-01  0.69664406E+00  0.25524048E-01  0.69664408E+00 -0.25523701E-01 -0.11490234E+00
  0.65392923E+01  0.20955429E-04  0.00000000E+00  0.10000000E+01  0.28532535E+00  0.63989048E-01  0.69460548E+00  0.25727120E-01  0.69460549E+00 -0.25726866E-01 -0.11318525E+00
  0.65534161E+01  0.15358639E-04  0.00000000E+00  0.10000000E+01  0.28737782E+00  0.64231197E-01  0.69261758E+00  0.25922204E-01  0.69261759E+00 -0.25922018E-01 -0.11154498E+00
  0.65675398E+01  0.11256635E-04  0.00000000E+00  0.10000000E+01  0.28935034E+00  0.64462642E-01  0.69067087E+00  0.26109352E-01  0.69067088E+00 -0.26109216E-01 -0.10997384E+00
  0.65816635E+01  0.82501954E-05  0.00000000E+00  0.10000000E+01  0.29124637E+00  0.64683537E-01  0.68874288E+00  0.26288597E-01  0.68874289E+00 -0.26288497E-01 -0.10846077E+00
  0.65957873E+01  0.60467179E-05  0.00000000E+00  0.10000000E+01  0.29306895E+00  0.64894020E-01  0.68682115E+00  0.26459963E-01  0.68682115E+00 -0.26459891E-01 -0.10699817E+00
  0.66099110E+01  0.44317480E-05  0.00000000E+00  0.10000000E+01  0.29482078E+00  0.65094213E-01  0.68489541E+00  0.26623469E-01  0.68489541E+00 -0.26623416E-01 -0.10557948E+00
  0.66240348E+01  0.32481070E-05  0.00000000E+00  0.10000000E+01  0.29650423E+00  0.65284214E-01  0.68295030E+00  0.26779117E-01  0.68295030E+00 -0.26779078E-01 -0.10419711E+00
  0.66381585E+01  0.23805950E-05  0.00000000E+00  0.10000000E+01  0.29812141E+00  0.65464131E-01  0.68098607E+00  0.26926921E-01  0.68098607E+00 -0.26926893E-01 -0.10284836E+00
  0.66522822E+01  0.17447800E-05  0.00000000E+00  0.10000000E+01  0.29967422E+00  0.65634058E-01  0.67899359E+00  0.27066892E-01  0.67899359E+00 -0.27066871E-01 -0.10152816E+00
  0.66664060E+01  0.12787798E-05  0.00000000E+00  0.10000000E+01  0.30116439E+00  0.65794098E-01  0.67697387E+00  0.27199051E-01  0.67697387E+00 -0.27199036E-01 -0.10023471E+00
  0.66805297E+01  0.93724009E-06  0.00000000E+00  0.10000000E+01  0.30259345E+00  0.65944367E-01  0.67492914E+00  0.27323434E-01  0.67492914E+00 -0.27323423E-01 -0.98966844E-01
  0.66946535E+01  0.68691963E-06  0.00000000E+00  0.10000000E+01  0.30396286E+00  0.66084973E-01  0.67285523E+00  0.27440076E-01  0.67285523E+00 -0.27440068E-01 -0.97721809E-01
  0.67087772E+01  0.50345537E-06  0.00000000E+00  0.10000000E+01  0.30527395E+00  0.66216048E-01  0.67076015E+00  0.27549035E-01  0.67076015E+00 -0.27549029E-01 -0.96500553E-01
  0.67229010E+01  0.36899121E-06  0.00000000E+00  0.10000000E+01  0.30652799E+00  0.66337721E-01  0.66864173E+00  0.27650372E-01  0.66864173E+00 -0.27650368E-01 -0.95301227E-01
  0.67370247E+01  0.27044008E-06  0.00000000E+00  0.10000000E+01  0.30772621E+00  0.66450150E-01  0.66650986E+00  0.27744175E-01  0.66650986E+00 -0.27744172E-01 -0.94125539E-01
  0.67511484E+01  0.19821024E-06  0.00000000E+00  0.10000000E+01  0.30886976E+00  0.66553492E-01  0.66436387E+00  0.27830536E-01  0.66436387E+00 -0.27830534E-01 -0.92972275E-01
  0.67652722E+01  0.14527173E-06  0.00000000E+00  0.10000000E+01  0.30995981E+00  0.66647918E-01  0.66220912E+00  0.27909565E-01  0.66220912E+00 -0.27909563E-01 -0.91842097E-01
  0.67793959E+01  0.10647217E-06  0.00000000E+00  0.10000000E+01  0.31099747E+00  0.66733611E-01  0.66005032E+00  0.27981380E-01  0.66005032E+00 -0.27981379E-01 -0.90735616E-01
  0.67935197E+01  0.78035308E-07  0.00000000E+00  0.10000000E+01  0.31198383E+00  0.66810746E-01  0.65788604E+00  0.28046103E-01  0.65788604E+00 -0.28046102E-01 -0.89651840E-01
  0.68076434E+01  0.57193433E-07  0.00000000E+00  0.10000000E+01  0.31292001E+00  0.66879515E-01  0.65572437E+00  0.28103869E-01  0.65572437E+00 -0.28103869E-01 -0.88592554E-01
  0.68217671E+01  0.41918061E-07  0.00000000E+00  0.10000000E+01  0.31380708E+00  0.66940107E-01  0.65356478E+00  0.28154815E-01  0.65356478E+00 -0.28154815E-01 -0.87557142E-01
  0.68358909E+01  0.30722475E-07  0.00000000E+00  0.10000000E+01  0.31464618E+00  0.66992718E-01  0.65141283E+00  0.28199089E-01  0.65141283E+00 -0.28199089E-01 -0.86546732E-01
  0.68500146E+01  0.22517043E-07  0.00000000E+00  0.10000000E+01  0.31543839E+00  0.67037557E-01  0.64927338E+00  0.28236850E-01  0.64927338E+00 -0.28236849E-01 -0.85562186E-01
  0.68641384E+01  0.16503127E-07  0.00000000E+00  0.10000000E+01  0.31618483E+00  0.67074822E-01  0.64714453E+00  0.28268251E-01  0.64714453E+00 -0.28268250E-01 -0.84602405E-01
  0.68782621E+01  0.12095430E-07  0.00000000E+00  0.10000000E+01  0.31688659E+00  0.67104719E-01  0.64503052E+00  0.28293457E-01  0.64503052E+00 -0.28293456E-01 -0.83667974E-01
  0.68923859E+01  0.88649440E-08  0.00000000E+00  0.10000000E+01  0.31754473E+00  0.67127439E-01  0.64292620E+00  0.28312619E-01  0.64292620E+00 -0.28312618E-01 -0.82756876E-01
  0.69065096E+01  0.64972755E-08  0.00000000E+00  0.10000000E+01  0.31816031E+00  0.67143176E-01  0.64083477E+00  0.28325895E-01  0.64083477E+00 -0.28325895E-01 -0.81869509E-01
  0.69206333E+01  0.47619659E-08  0.00000000E+00  0.10000000E+01  0.31873438E+00  0.67152110E-01  0.63875309E+00  0.28333433E-01  0.63875309E+00 -0.28333433E-01 -0.81004540E-01
  0.69347571E+01  0.34901202E-08  0.00000000E+00  0.10000000E+01  0.31926798E+00  0.67154426E-01  0.63668392E+00  0.28335388E-01  0.63668392E+00 -0.28335388E-01 -0.80162311E-01
  0.69488808E+01  0.25579677E-08  0.00000000E+00  0.10000000E+01  0.31976215E+00  0.67150313E-01  0.63463038E+00  0.28331917E-01  0.63463038E+00 -0.28331917E-01 -0.79343209E-01
  0.69630046E+01  0.18747847E-08  0.00000000E+00  0.10000000E+01  0.32021790E+00  0.67139955E-01  0.63259108E+00  0.28323177E-01  0.63259108E+00 -0.28323177E-01 -0.78546369E-01
  0.69771283E+01  0.13740676E-08  0.00000000E+00  0.10000000E+01  0.32063628E+00  0.67123543E-01  0.63057081E+00  0.28309332E-01  0.63057081E+00 -0.28309332E-01 -0.77772572E-01
  0.69912520E+01  0.10070720E-08  0.00000000E+00  0.10000000E+01  0.32101827E+00  0.67101262E-01  0.62856733E+00  0.28290541E-01  0.62856733E+00 -0.28290541E-01 -0.77020670E-01
  0.70053758E+01  0.73810579E-09  0.00000000E+00  0.10000000E+01  0.32136490E+00  0.67073296E-01  0.62658224E+00  0.28266964E-01  0.62658224E+00 -0.28266964E-01 -0.76290591E-01
  0.70194995E+01  0.54096410E-09  0.00000000E+00  0.10000000E+01  0.32167713E+00  0.67039830E-01  0.62461681E+00  0.28238764E-01  0.62461681E+00 -0.28238764E-01 -0.75582206E-01
  0.70336233E+01  0.39648455E-09  0.00000000E+00  0.10000000E+01  0.32195593E+00  0.67001037E-01  0.62266876E+00  0.28206093E-01  0.62266876E+00 -0.28206093E-01 -0.74894471E-01
  0.70477470E+01  0.29059056E-09  0.00000000E+00  0.10000000E+01  0.32220229E+00  0.66957100E-01  0.62074183E+00  0.28169112E-01  0.62074183E+00 -0.28169112E-01 -0.74228007E-01
