0.000000000000000000e+00 0.000000000000000000e+00 -2.138538507793259047e+00 1.000000000000000000e+00
1.435618826141225012e-02 1.023279346151384939e+00 -2.197717543458882705e+00 1.000000000000000000e+00
2.871237652282450023e-02 2.046250426108339848e+00 -2.256234509645529407e+00 1.000000000000000000e+00
4.306856478423674861e-02 3.068605066542617887e+00 -2.314071777928916607e+00 1.000000000000000000e+00
5.742475304564900046e-02 4.090035279830360082e+00 -2.371211924645935554e+00 1.000000000000000000e+00
7.178094130706125231e-02 5.110233356834360308e+00 -2.427637736143596570e+00 1.000000000000000000e+00
8.613712956847349722e-02 6.128891959602429829e+00 -2.483332213964692503e+00 1.000000000000000000e+00
1.004933178298857560e-01 7.145704213953945505e+00 -2.538278579968634041e+00 1.000000000000000000e+00
1.148495060912980009e-01 8.160363801926683536e+00 -2.592460281385928766e+00 1.000000000000000000e+00
1.292056943527102597e-01 9.172565054056093459e+00 -2.645860995804746985e+00 1.000000000000000000e+00
1.435618826141225046e-01 1.018200304145919866e+01 -2.698464636088106605e+00 1.000000000000000000e+00
1.579180708755347495e-01 1.118837366769541575e+01 -2.750255355220169395e+00 1.000000000000000000e+00
1.722742591369469944e-01 1.219137376037657106e+01 -2.801217551080211532e+00 1.000000000000000000e+00
1.866304473983592394e-01 1.319070116249858238e+01 -2.851335871142810063e+00 1.000000000000000000e+00
2.009866356597715120e-01 1.418605482346719171e+01 -2.900595217102839296e+00 1.000000000000000000e+00
2.153428239211837569e-01 1.517713488979045700e+01 -2.948980749423883996e+00 1.000000000000000000e+00
2.296990121825960018e-01 1.616364279541056348e+01 -2.996477891808698502e+00 1.000000000000000000e+00
2.440552004440082468e-01 1.714528135164782086e+01 -3.043072335590366162e+00 1.000000000000000000e+00
2.584113887054205194e-01 1.812175483672970344e+01 -3.088750044042824161e+00 1.000000000000000000e+00
2.727675769668327366e-01 1.909276908487796476e+01 -3.133497256609477422e+00 1.000000000000000000e+00
2.871237652282450092e-01 2.005803157492708166e+01 -3.177300493048610619e+00 1.000000000000000000e+00
3.014799534896572264e-01 2.101725151844711803e+01 -3.220146557494351747e+00 1.000000000000000000e+00
3.158361417510694991e-01 2.197013994734475517e+01 -3.262022542431972649e+00 1.000000000000000000e+00
3.301923300124817717e-01 2.291640980091577973e+01 -3.302915832586314160e+00 1.000000000000000000e+00
3.445485182738939889e-01 2.385577601232311551e+01 -3.342814108722182542e+00 1.000000000000000000e+00
3.589047065353062616e-01 2.478795559447408436e+01 -3.381705351355559053e+00 1.000000000000000000e+00
3.732608947967184787e-01 2.571266772527117794e+01 -3.419577844374506626e+00 1.000000000000000000e+00
3.876170830581307514e-01 2.662963383221065072e+01 -3.456420178568685220e+00 1.000000000000000000e+00
4.019732713195430240e-01 2.753857767630332276e+01 -3.492221255066413566e+00 1.000000000000000000e+00
4.163294595809552412e-01 2.843922543529253488e+01 -3.526970288678242138e+00 1.000000000000000000e+00
4.306856478423675139e-01 2.933130578614394324e+01 -3.560656811146025280e+00 1.000000000000000000e+00
4.450418361037797310e-01 3.021454998678244053e+01 -3.593270674296514144e+00 1.000000000000000000e+00
4.593980243651920037e-01 3.108869195705161559e+01 -3.624802053098533428e+00 1.000000000000000000e+00
4.737542126266042763e-01 3.195346835887124115e+01 -3.655241448622796874e+00 1.000000000000000000e+00
4.881104008880164935e-01 3.280861867556866684e+01 -3.684579690903492466e+00 1.000000000000000000e+00
5.024665891494287662e-01 3.365388529036041376e+01 -3.712807941700768666e+00 1.000000000000000000e+00
5.168227774108410388e-01 3.448901356395992224e+01 -3.739917697163273491e+00 1.000000000000000000e+00
5.311789656722532005e-01 3.531375191128856983e+01 -3.765900790389975494e+00 1.000000000000000000e+00
5.455351539336654731e-01 3.612785187726644409e+01 -3.790749393890465946e+00 1.000000000000000000e+00
5.598913421950777458e-01 3.693106821166021803e+01 -3.814456021943013031e+00 1.000000000000000000e+00
5.742475304564900185e-01 3.772315894296558980e+01 -3.837013532849663289e+00 1.000000000000000000e+00
5.886037187179022911e-01 3.850388545130198281e+01 -3.858415131087699290e+00 1.000000000000000000e+00
6.029599069793144528e-01 3.927301254029751476e+01 -3.878654369356813181e+00 1.000000000000000000e+00
6.173160952407267255e-01 4.003030850794272055e+01 -3.897725150521377024e+00 1.000000000000000000e+00
6.316722835021389981e-01 4.077554521639150664e+01 -3.915621729447222421e+00 1.000000000000000000e+00
6.460284717635512708e-01 4.150849816068836873e+01 -3.932338714732383167e+00 1.000000000000000000e+00
6.603846600249635435e-01 4.222894653640125995e+01 -3.947871070331272048e+00 1.000000000000000000e+00
6.747408482863757051e-01 4.293667330613968147e+01 -3.962214117071804598e+00 1.000000000000000000e+00
6.890970365477879778e-01 4.363146526493780897e+01 -3.975363534065015525e+00 1.000000000000000000e+00
7.034532248092002504e-01 4.431311310448327134e+01 -3.987315360006740583e+00 1.000000000000000000e+00
7.178094130706125231e-01 4.498141147617183577e+01 -3.998065994370970877e+00 1.000000000000000000e+00
7.321656013320247958e-01 4.563615905296944675e+01 -4.007612198494524769e+00 1.000000000000000000e+00
7.465217895934369574e-01 4.627715859006259791e+01 -4.015951096552703881e+00 1.000000000000000000e+00
7.608779778548492301e-01 4.690421698427891783e+01 -4.023080176425647636e+00 1.000000000000000000e+00
7.752341661162615027e-01 4.751714533226024884e+01 -4.028997290455111013e+00 1.000000000000000000e+00
7.895903543776737754e-01 4.811575898737019941e+01 -4.033700656091461667e+00 1.000000000000000000e+00
8.039465426390860481e-01 4.869987761531977100e+01 -4.037188856430672601e+00 1.000000000000000000e+00
8.183027309004982097e-01 4.926932524849343054e+01 -4.039460840641172723e+00 1.000000000000000000e+00
8.326589191619104824e-01 4.982393033896005363e+01 -4.040515924280410509e+00 1.000000000000000000e+00
8.470151074233227551e-01 5.036352581015223961e+01 -4.040353789501044623e+00 1.000000000000000000e+00
8.613712956847350277e-01 5.088794910719866493e+01 -4.038974485146699323e+00 1.000000000000000000e+00
8.757274839461473004e-01 5.139704224589426218e+01 -4.036378426737249114e+00 1.000000000000000000e+00
8.900836722075594620e-01 5.189065186029351651e+01 -4.032566396343638893e+00 1.000000000000000000e+00
9.044398604689717347e-01 5.236862924891237014e+01 -4.027539542352286617e+00 1.000000000000000000e+00
9.187960487303840074e-01 5.283083041952507131e+01 -4.021299379119126272e+00 1.000000000000000000e+00
9.331522369917962800e-01 5.327711613254229661e+01 -4.013847786513403015e+00 1.000000000000000000e+00
9.475084252532085527e-01 5.370735194295752279e+01 -4.005187009351359073e+00 1.000000000000000000e+00
9.618646135146207143e-01 5.412140824084897162e+01 -3.995319656719969803e+00 1.000000000000000000e+00
9.762208017760329870e-01 5.451916029042509848e+01 -3.984248701190955533e+00 1.000000000000000000e+00
9.905769900374452597e-01 5.490048826760160239e+01 -3.971977477925278777e+00 1.000000000000000000e+00
1.004933178298857532e+00 5.526527729609878037e+01 -3.958509683668419044e+00 1.000000000000000000e+00
1.019289366560269805e+00 5.561341748204846880e+01 -3.943849375636716115e+00 1.000000000000000000e+00
1.033645554821682078e+00 5.594480394709983528e+01 -3.928000970295119743e+00 1.000000000000000000e+00
1.048001743083094350e+00 5.625933686001437195e+01 -3.910969242026714809e+00 1.000000000000000000e+00
1.062357931344506401e+00 5.655692146674036991e+01 -3.892759321694426511e+00 1.000000000000000000e+00
1.076714119605918674e+00 5.683746811895786522e+01 -3.873376695095326561e+00 1.000000000000000000e+00
1.091070307867330946e+00 5.710089230108548009e+01 -3.852827201308023142e+00 1.000000000000000000e+00
1.105426496128743219e+00 5.734711465574106626e+01 -3.831117030933617329e+00 1.000000000000000000e+00
1.119782684390155492e+00 5.757606100764826351e+01 -3.808252724230765995e+00 1.000000000000000000e+00
1.134138872651567764e+00 5.778766238598216631e+01 -3.784241169145406758e+00 1.000000000000000000e+00
1.148495060912980037e+00 5.798185504514692923e+01 -3.759089599235742707e+00 1.000000000000000000e+00
1.162851249174392310e+00 5.815858048397937807e+01 -3.732805591493109976e+00 1.000000000000000000e+00
1.177207437435804582e+00 5.831778546337259428e+01 -3.705397064059383183e+00 1.000000000000000000e+00
1.191563625697216855e+00 5.845942202231444895e+01 -3.676872273841613747e+00 1.000000000000000000e+00
1.205919813958628906e+00 5.858344749233599202e+01 -3.647239814024604510e+00 1.000000000000000000e+00
1.220276002220041178e+00 5.868982451036544745e+01 -3.616508611482188051e+00 1.000000000000000000e+00
1.234632190481453451e+00 5.877852102998398465e+01 -3.584687924087979205e+00 1.000000000000000000e+00
1.248988378742865724e+00 5.884951033107974894e+01 -3.551787337926405996e+00 1.000000000000000000e+00
1.263344567004277996e+00 5.890277102789746522e+01 -3.517816764404876562e+00 1.000000000000000000e+00
1.277700755265690269e+00 5.893828707548089341e+01 -3.482786437267930690e+00 1.000000000000000000e+00
1.292056943527102542e+00 5.895604777450645173e+01 -3.446706909514294370e+00 1.000000000000000000e+00
1.306413131788514814e+00 5.895604777450645173e+01 -3.409589050217753936e+00 1.000000000000000000e+00
1.320769320049927087e+00 5.893828707548089341e+01 -3.371444041252813051e+00 1.000000000000000000e+00
1.335125508311339360e+00 5.890277102789746522e+01 -3.332283373926116177e+00 1.000000000000000000e+00
1.349481696572751410e+00 5.884951033107974894e+01 -3.292118845514658165e+00 1.000000000000000000e+00
1.363837884834163683e+00 5.877852102998398465e+01 -3.250962555711811142e+00 1.000000000000000000e+00
1.378194073095575956e+00 5.868982451036544745e+01 -3.208826902982260254e+00 1.000000000000000000e+00
1.392550261356988228e+00 5.858344749233599202e+01 -3.165724580826918988e+00 1.000000000000000000e+00
1.406906449618400501e+00 5.845942202231444895e+01 -3.121668573958976900e+00 1.000000000000000000e+00
1.421262637879812774e+00 5.831778546337259428e+01 -3.076672154392210423e+00 1.000000000000000000e+00
1.435618826141225046e+00 5.815858048397937807e+01 -3.030748877442745570e+00 1.000000000000000000e+00
1.449975014402637319e+00 5.798185504514692923e+01 -2.983912577645476460e+00 1.000000000000000000e+00
1.464331202664049592e+00 5.778766238598216631e+01 -2.936177364586368466e+00 1.000000000000000000e+00
1.478687390925461864e+00 5.757606100764826351e+01 -2.887557618651895197e+00 1.000000000000000000e+00
1.493043579186873915e+00 5.734711465574104494e+01 -2.838067986696908296e+00 1.000000000000000000e+00
1.507399767448286187e+00 5.710089230108548009e+01 -2.787723377632215893e+00 1.000000000000000000e+00
1.521755955709698460e+00 5.683746811895786522e+01 -2.736538957933235761e+00 1.000000000000000000e+00
1.536112143971110733e+00 5.655692146674036991e+01 -2.684530147071036321e+00 1.000000000000000000e+00
1.550468332232523005e+00 5.625933686001437195e+01 -2.631712612867177725e+00 1.000000000000000000e+00
1.564824520493935278e+00 5.594480394709983528e+01 -2.578102266773729223e+00 1.000000000000000000e+00
1.579180708755347551e+00 5.561341748204846169e+01 -2.523715259079888362e+00 1.000000000000000000e+00
1.593536897016759823e+00 5.526527729609878037e+01 -2.468567974046661284e+00 1.000000000000000000e+00
1.607893085278172096e+00 5.490048826760159528e+01 -2.412677024971046968e+00 1.000000000000000000e+00
1.622249273539584369e+00 5.451916029042509138e+01 -2.356059249181227333e+00 1.000000000000000000e+00
1.636605461800996419e+00 5.412140824084896451e+01 -2.298731702964273982e+00 1.000000000000000000e+00
1.650961650062408692e+00 5.370735194295751569e+01 -2.240711656427877507e+00 1.000000000000000000e+00
1.665317838323820965e+00 5.327711613254229661e+01 -2.182016588297681636e+00 1.000000000000000000e+00
1.679674026585233237e+00 5.283083041952504999e+01 -2.122664180651752552e+00 1.000000000000000000e+00
1.694030214846645510e+00 5.236862924891236304e+01 -2.062672313593805207e+00 1.000000000000000000e+00
1.708386403108057783e+00 5.189065186029351651e+01 -2.002059059866753810e+00 1.000000000000000000e+00
1.722742591369470055e+00 5.139704224589425507e+01 -1.940842679408247173e+00 1.000000000000000000e+00
1.737098779630882328e+00 5.088794910719865072e+01 -1.879041613849804282e+00 1.000000000000000000e+00
1.751454967892294601e+00 5.036352581015223251e+01 -1.816674480961208316e+00 1.000000000000000000e+00
1.765811156153706873e+00 4.982393033896004653e+01 -1.753760069041846892e+00 1.000000000000000000e+00
1.780167344415118924e+00 4.926932524849343054e+01 -1.690317331260676736e+00 1.000000000000000000e+00
1.794523532676531197e+00 4.869987761531976389e+01 -1.626365379946517864e+00 1.000000000000000000e+00
1.808879720937943469e+00 4.811575898737019230e+01 -1.561923480830409439e+00 1.000000000000000000e+00
1.823235909199355742e+00 4.751714533226022752e+01 -1.497011047241737725e+00 1.000000000000000000e+00
1.837592097460768015e+00 4.690421698427891783e+01 -1.431647634259913815e+00 1.000000000000000000e+00
1.851948285722180287e+00 4.627715859006258370e+01 -1.365852932823339527e+00 1.000000000000000000e+00
1.866304473983592560e+00 4.563615905296943254e+01 -1.299646763797456028e+00 1.000000000000000000e+00
1.880660662245004833e+00 4.498141147617183577e+01 -1.233049072003634450e+00 1.000000000000000000e+00
1.895016850506417105e+00 4.431311310448324292e+01 -1.166079920210739251e+00 1.000000000000000000e+00
1.909373038767829156e+00 4.363146526493781607e+01 -1.098759483091160671e+00 1.000000000000000000e+00
1.923729227029241429e+00 4.293667330613966726e+01 -1.031108041143112386e+00 1.000000000000000000e+00
1.938085415290653701e+00 4.222894653640125995e+01 -9.631459745810881934e-01 1.000000000000000000e+00
1.952441603552065974e+00 4.150849816068836873e+01 -8.948937571962399806e-01 1.000000000000000000e+00
1.966797791813478247e+00 4.077554521639148533e+01 -8.263719501885882224e-01 1.000000000000000000e+00
1.981153980074890519e+00 4.003030850794272055e+01 -7.576011959728993217e-01 1.000000000000000000e+00
1.995510168336302792e+00 3.927301254029751476e+01 -6.886022119600816449e-01 1.000000000000000000e+00
2.009866356597715065e+00 3.850388545130195439e+01 -6.193957843160042831e-01 1.000000000000000000e+00
2.024222544859127115e+00 3.772315894296558980e+01 -5.500027616996042701e-01 1.000000000000000000e+00
2.038578733120539610e+00 3.693106821166020381e+01 -4.804440489821421578e-01 1.000000000000000000e+00
2.052934921381951661e+00 3.612785187726643699e+01 -4.107406009495664367e-01 1.000000000000000000e+00
2.067291109643364155e+00 3.531375191128854851e+01 -3.409134159897961314e-01 1.000000000000000000e+00
2.081647297904776206e+00 3.448901356395990092e+01 -2.709835297669048182e-01 1.000000000000000000e+00
2.096003486166188701e+00 3.365388529036037113e+01 -2.009720088840446228e-01 1.000000000000000000e+00
2.110359674427600751e+00 3.280861867556865974e+01 -1.308999445370805370e-01 1.000000000000000000e+00
2.124715862689012802e+00 3.195346835887123405e+01 -6.078844616078016294e-02 1.000000000000000000e+00
2.139072050950425297e+00 3.108869195705160138e+01 9.341364930455399798e-03 1.000000000000000000e+00
2.153428239211837347e+00 3.021454998678242987e+01 7.946836190545715495e-02 1.000000000000000000e+00
2.167784427473249842e+00 2.933130578614391126e+01 1.495714187808248608e-01 1.000000000000000000e+00
2.182140615734661893e+00 2.843922543529253488e+01 2.196294167851813028e-01 1.000000000000000000e+00
2.196496803996074387e+00 2.753857767630330144e+01 2.896212507212916898e-01 1.000000000000000000e+00
2.210852992257486438e+00 2.662963383221063296e+01 3.595258353240469162e-01 1.000000000000000000e+00
2.225209180518898933e+00 2.571266772527115307e+01 4.293221116124894543e-01 1.000000000000000000e+00
2.239565368780310983e+00 2.478795559447408081e+01 4.989890532338805973e-01 1.000000000000000000e+00
2.253921557041723478e+00 2.385577601232310130e+01 5.685056727979787006e-01 1.000000000000000000e+00
2.268277745303135529e+00 2.291640980091576552e+01 6.378510281995328768e-01 1.000000000000000000e+00
2.282633933564547579e+00 2.197013994734474451e+01 7.070042289271794012e-01 1.000000000000000000e+00
2.296990121825960074e+00 2.101725151844710027e+01 7.759444423567677385e-01 1.000000000000000000e+00
2.311346310087372125e+00 2.005803157492708522e+01 8.446509000272492962e-01 1.000000000000000000e+00
2.325702498348784619e+00 1.909276908487795410e+01 9.131029038972620082e-01 1.000000000000000000e+00
2.340058686610196670e+00 1.812175483672968923e+01 9.812798325804570343e-01 1.000000000000000000e+00
2.354414874871609165e+00 1.714528135164779243e+01 1.049161147557779561e+00 1.000000000000000000e+00
2.368771063133021215e+00 1.616364279541054216e+01 1.116726399364747380e+00 1.000000000000000000e+00
2.383127251394433710e+00 1.517713488979041614e+01 1.183955233751932123e+00 1.000000000000000000e+00
2.397483439655845761e+00 1.418605482346718460e+01 1.250827397816725917e+00 1.000000000000000000e+00
2.411839627917257811e+00 1.319070116249858238e+01 1.317322746104613529e+00 1.000000000000000000e+00
2.426195816178670306e+00 1.219137376037655329e+01 1.383421246678040006e+00 1.000000000000000000e+00
2.440552004440082356e+00 1.118837366769539976e+01 1.449102987151096311e+00 1.000000000000000000e+00
2.454908192701494851e+00 1.018200304145916668e+01 1.514348180688201317e+00 1.000000000000000000e+00
2.469264380962906902e+00 9.172565054056093459e+00 1.579137171964935193e+00 1.000000000000000000e+00
2.483620569224319397e+00 8.160363801926665772e+00 1.643450443089286006e+00 1.000000000000000000e+00
2.497976757485731447e+00 7.145704213953933071e+00 1.707268619481458138e+00 1.000000000000000000e+00
2.512332945747143942e+00 6.128891959602397854e+00 1.770572475710543880e+00 1.000000000000000000e+00
2.526689134008555992e+00 5.110233356834334550e+00 1.833342941286232763e+00 1.000000000000000000e+00
2.541045322269968487e+00 4.090035279830341430e+00 1.895561106403868656e+00 1.000000000000000000e+00
2.555401510531380538e+00 3.068605066542605453e+00 1.957208227641084264e+00 1.000000000000000000e+00
2.569757698792792588e+00 2.046250426108334075e+00 2.018265733604317713e+00 1.000000000000000000e+00
2.584113887054205083e+00 1.023279346151359404e+00 2.078715230523505042e+00 1.000000000000000000e+00
2.598470075315617134e+00 -1.896242522721452192e-14 2.138538507793259935e+00 1.000000000000000000e+00
2.612826263577029628e+00 -1.023279346151397373e+00 2.197717543458883593e+00 1.000000000000000000e+00
2.627182451838441679e+00 -2.046250426108346065e+00 2.256234509645530739e+00 1.000000000000000000e+00
2.641538640099854174e+00 -3.068605066542643645e+00 2.314071777928917939e+00 1.000000000000000000e+00
2.655894828361266224e+00 -4.090035279830378734e+00 2.371211924645936886e+00 1.000000000000000000e+00
2.670251016622678719e+00 -5.110233356834399387e+00 2.427637736143598790e+00 1.000000000000000000e+00
2.684607204884090770e+00 -6.128891959602435158e+00 2.483332213964692059e+00 1.000000000000000000e+00
2.698963393145502820e+00 -7.145704213953944617e+00 2.538278579968633597e+00 1.000000000000000000e+00
2.713319581406915315e+00 -8.160363801926703076e+00 2.592460281385929655e+00 1.000000000000000000e+00
2.727675769668327366e+00 -9.172565054056104117e+00 2.645860995804747873e+00 1.000000000000000000e+00
2.742031957929739860e+00 -1.018200304145922885e+01 2.698464636088107493e+00 1.000000000000000000e+00
2.756388146191151911e+00 -1.118837366769541397e+01 2.750255355220168951e+00 1.000000000000000000e+00
2.770744334452564406e+00 -1.219137376037659237e+01 2.801217551080212420e+00 1.000000000000000000e+00
2.785100522713976456e+00 -1.319070116249859304e+01 2.851335871142810952e+00 1.000000000000000000e+00
2.799456710975388951e+00 -1.418605482346722013e+01 2.900595217102840184e+00 1.000000000000000000e+00
2.813812899236801002e+00 -1.517713488979047654e+01 2.948980749423884884e+00 1.000000000000000000e+00
2.828169087498213052e+00 -1.616364279541055282e+01 2.996477891808698502e+00 1.000000000000000000e+00
2.842525275759625547e+00 -1.714528135164783151e+01 3.043072335590366606e+00 1.000000000000000000e+00
2.856881464021037598e+00 -1.812175483672970699e+01 3.088750044042824161e+00 1.000000000000000000e+00
2.871237652282450092e+00 -1.909276908487798963e+01 3.133497256609478310e+00 1.000000000000000000e+00
2.885593840543862143e+00 -2.005803157492709943e+01 3.177300493048611507e+00 1.000000000000000000e+00
2.899950028805274638e+00 -2.101725151844715356e+01 3.220146557494353967e+00 1.000000000000000000e+00
2.914306217066686688e+00 -2.197013994734475517e+01 3.262022542431972649e+00 1.000000000000000000e+00
2.928662405328099183e+00 -2.291640980091580460e+01 3.302915832586314604e+00 1.000000000000000000e+00
2.943018593589511234e+00 -2.385577601232313327e+01 3.342814108722182986e+00 1.000000000000000000e+00
2.957374781850923728e+00 -2.478795559447411634e+01 3.381705351355560829e+00 1.000000000000000000e+00
2.971730970112335779e+00 -2.571266772527120992e+01 3.419577844374508402e+00 1.000000000000000000e+00
2.986087158373747830e+00 -2.662963383221064717e+01 3.456420178568684776e+00 1.000000000000000000e+00
3.000443346635160324e+00 -2.753857767630333697e+01 3.492221255066414010e+00 1.000000000000000000e+00
3.014799534896572375e+00 -2.843922543529254909e+01 3.526970288678242582e+00 1.000000000000000000e+00
3.029155723157984870e+00 -2.933130578614396811e+01 3.560656811146025724e+00 1.000000000000000000e+00
3.043511911419396920e+00 -3.021454998678244053e+01 3.593270674296514144e+00 1.000000000000000000e+00
3.057868099680809415e+00 -3.108869195705164046e+01 3.624802053098533872e+00 1.000000000000000000e+00
3.072224287942221466e+00 -3.195346835887124826e+01 3.655241448622796874e+00 1.000000000000000000e+00
3.086580476203633960e+00 -3.280861867556870237e+01 3.684579690903493354e+00 1.000000000000000000e+00
3.100936664465046011e+00 -3.365388529036042087e+01 3.712807941700769110e+00 1.000000000000000000e+00
3.115292852726458062e+00 -3.448901356395990803e+01 3.739917697163273047e+00 1.000000000000000000e+00
3.129649040987870556e+00 -3.531375191128858404e+01 3.765900790389975938e+00 1.000000000000000000e+00
3.144005229249282607e+00 -3.612785187726644409e+01 3.790749393890465946e+00 1.000000000000000000e+00
3.158361417510695102e+00 -3.693106821166023934e+01 3.814456021943013475e+00 1.000000000000000000e+00
3.172717605772107152e+00 -3.772315894296559691e+01 3.837013532849663733e+00 1.000000000000000000e+00
3.187073794033519647e+00 -3.850388545130200413e+01 3.858415131087699734e+00 1.000000000000000000e+00
3.201429982294931698e+00 -3.927301254029751476e+01 3.878654369356813181e+00 1.000000000000000000e+00
3.215786170556344192e+00 -4.003030850794274897e+01 3.897725150521377468e+00 1.000000000000000000e+00
3.230142358817756243e+00 -4.077554521639152085e+01 3.915621729447222421e+00 1.000000000000000000e+00
3.244498547079168738e+00 -4.150849816068838294e+01 3.932338714732383611e+00 1.000000000000000000e+00
3.258854735340580788e+00 -4.222894653640128126e+01 3.947871070331272492e+00 1.000000000000000000e+00
3.273210923601992839e+00 -4.293667330613967437e+01 3.962214117071804598e+00 1.000000000000000000e+00
3.287567111863405334e+00 -4.363146526493783028e+01 3.975363534065015969e+00 1.000000000000000000e+00
3.301923300124817384e+00 -4.431311310448327134e+01 3.987315360006740583e+00 1.000000000000000000e+00
3.316279488386229879e+00 -4.498141147617184998e+01 3.998065994370971321e+00 1.000000000000000000e+00
3.330635676647641930e+00 -4.563615905296943964e+01 4.007612198494524769e+00 1.000000000000000000e+00
3.344991864909054424e+00 -4.627715859006260501e+01 4.015951096552703881e+00 1.000000000000000000e+00
3.359348053170466475e+00 -4.690421698427893915e+01 4.023080176425647636e+00 1.000000000000000000e+00
3.373704241431878970e+00 -4.751714533226026305e+01 4.028997290455111013e+00 1.000000000000000000e+00
3.388060429693291020e+00 -4.811575898737022072e+01 4.033700656091461667e+00 1.000000000000000000e+00
3.402416617954703071e+00 -4.869987761531976389e+01 4.037188856430672601e+00 1.000000000000000000e+00
3.416772806216115566e+00 -4.926932524849343054e+01 4.039460840641172723e+00 1.000000000000000000e+00
3.431128994477527616e+00 -4.982393033896007495e+01 4.040515924280410509e+00 1.000000000000000000e+00
3.445485182738940111e+00 -5.036352581015226093e+01 4.040353789501044623e+00 1.000000000000000000e+00
3.459841371000352162e+00 -5.088794910719867204e+01 4.038974485146699323e+00 1.000000000000000000e+00
3.474197559261764656e+00 -5.139704224589428350e+01 4.036378426737249114e+00 1.000000000000000000e+00
3.488553747523176707e+00 -5.189065186029351651e+01 4.032566396343638893e+00 1.000000000000000000e+00
3.502909935784589202e+00 -5.236862924891238436e+01 4.027539542352286617e+00 1.000000000000000000e+00
3.517266124046001252e+00 -5.283083041952509262e+01 4.021299379119126272e+00 1.000000000000000000e+00
3.531622312307413747e+00 -5.327711613254229661e+01 4.013847786513403015e+00 1.000000000000000000e+00
3.545978500568825798e+00 -5.370735194295752279e+01 4.005187009351359073e+00 1.000000000000000000e+00
3.560334688830237848e+00 -5.412140824084896451e+01 3.995319656719969803e+00 1.000000000000000000e+00
3.574690877091650343e+00 -5.451916029042510559e+01 3.984248701190955089e+00 1.000000000000000000e+00
3.589047065353062393e+00 -5.490048826760160949e+01 3.971977477925278333e+00 1.000000000000000000e+00
3.603403253614474888e+00 -5.526527729609878037e+01 3.958509683668419488e+00 1.000000000000000000e+00
3.617759441875886939e+00 -5.561341748204846880e+01 3.943849375636715671e+00 1.000000000000000000e+00
3.632115630137299433e+00 -5.594480394709984949e+01 3.928000970295118854e+00 1.000000000000000000e+00
3.646471818398711484e+00 -5.625933686001437195e+01 3.910969242026714809e+00 1.000000000000000000e+00
3.660828006660123979e+00 -5.655692146674038412e+01 3.892759321694426067e+00 1.000000000000000000e+00
3.675184194921536029e+00 -5.683746811895786522e+01 3.873376695095326561e+00 1.000000000000000000e+00
3.689540383182948080e+00 -5.710089230108549430e+01 3.852827201308023142e+00 1.000000000000000000e+00
3.703896571444360575e+00 -5.734711465574106626e+01 3.831117030933616885e+00 1.000000000000000000e+00
3.718252759705772625e+00 -5.757606100764826351e+01 3.808252724230765995e+00 1.000000000000000000e+00
3.732608947967185120e+00 -5.778766238598216631e+01 3.784241169145406314e+00 1.000000000000000000e+00
3.746965136228597171e+00 -5.798185504514692923e+01 3.759089599235743151e+00 1.000000000000000000e+00
3.761321324490009665e+00 -5.815858048397937807e+01 3.732805591493109532e+00 1.000000000000000000e+00
3.775677512751421716e+00 -5.831778546337259428e+01 3.705397064059382739e+00 1.000000000000000000e+00
3.790033701012834211e+00 -5.845942202231444895e+01 3.676872273841612859e+00 1.000000000000000000e+00
3.804389889274246261e+00 -5.858344749233599202e+01 3.647239814024604065e+00 1.000000000000000000e+00
3.818746077535658312e+00 -5.868982451036544745e+01 3.616508611482188496e+00 1.000000000000000000e+00
3.833102265797070807e+00 -5.877852102998398465e+01 3.584687924087978761e+00 1.000000000000000000e+00
3.847458454058482857e+00 -5.884951033107974894e+01 3.551787337926405552e+00 1.000000000000000000e+00
3.861814642319895352e+00 -5.890277102789746522e+01 3.517816764404875673e+00 1.000000000000000000e+00
3.876170830581307403e+00 -5.893828707548089341e+01 3.482786437267930690e+00 1.000000000000000000e+00
3.890527018842719897e+00 -5.895604777450645173e+01 3.446706909514293482e+00 1.000000000000000000e+00
3.904883207104131948e+00 -5.895604777450645173e+01 3.409589050217754380e+00 1.000000000000000000e+00
3.919239395365544443e+00 -5.893828707548089341e+01 3.371444041252812607e+00 1.000000000000000000e+00
3.933595583626956493e+00 -5.890277102789746522e+01 3.332283373926115733e+00 1.000000000000000000e+00
3.947951771888368988e+00 -5.884951033107974894e+01 3.292118845514655945e+00 1.000000000000000000e+00
3.962307960149781039e+00 -5.877852102998398465e+01 3.250962555711810698e+00 1.000000000000000000e+00
3.976664148411193089e+00 -5.868982451036544745e+01 3.208826902982260698e+00 1.000000000000000000e+00
3.991020336672605584e+00 -5.858344749233599202e+01 3.165724580826918544e+00 1.000000000000000000e+00
4.005376524934018079e+00 -5.845942202231444895e+01 3.121668573958976012e+00 1.000000000000000000e+00
4.019732713195430129e+00 -5.831778546337257296e+01 3.076672154392208203e+00 1.000000000000000000e+00
4.034088901456842180e+00 -5.815858048397937807e+01 3.030748877442745126e+00 1.000000000000000000e+00
4.048445089718254231e+00 -5.798185504514692923e+01 2.983912577645477793e+00 1.000000000000000000e+00
4.062801277979667169e+00 -5.778766238598215210e+01 2.936177364586366245e+00 1.000000000000000000e+00
4.077157466241079220e+00 -5.757606100764824220e+01 2.887557618651895197e+00 1.000000000000000000e+00
4.091513654502491271e+00 -5.734711465574104494e+01 2.838067986696906075e+00 1.000000000000000000e+00
4.105869842763903321e+00 -5.710089230108548009e+01 2.787723377632215449e+00 1.000000000000000000e+00
4.120226031025315372e+00 -5.683746811895787232e+01 2.736538957933236649e+00 1.000000000000000000e+00
4.134582219286728311e+00 -5.655692146674036280e+01 2.684530147071034101e+00 1.000000000000000000e+00
4.148938407548140361e+00 -5.625933686001437195e+01 2.631712612867177281e+00 1.000000000000000000e+00
4.163294595809552412e+00 -5.594480394709982818e+01 2.578102266773727447e+00 1.000000000000000000e+00
4.177650784070964463e+00 -5.561341748204846169e+01 2.523715259079888806e+00 1.000000000000000000e+00
4.192006972332377401e+00 -5.526527729609875195e+01 2.468567974046657731e+00 1.000000000000000000e+00
4.206363160593789452e+00 -5.490048826760158107e+01 2.412677024971045192e+00 1.000000000000000000e+00
4.220719348855201503e+00 -5.451916029042509138e+01 2.356059249181227777e+00 1.000000000000000000e+00
4.235075537116613553e+00 -5.412140824084895740e+01 2.298731702964272205e+00 1.000000000000000000e+00
4.249431725378025604e+00 -5.370735194295751569e+01 2.240711656427877951e+00 1.000000000000000000e+00
4.263787913639438543e+00 -5.327711613254226108e+01 2.182016588297677639e+00 1.000000000000000000e+00
4.278144101900850593e+00 -5.283083041952504999e+01 2.122664180651751664e+00 1.000000000000000000e+00
4.292500290162262644e+00 -5.236862924891236304e+01 2.062672313593805651e+00 1.000000000000000000e+00
4.306856478423674695e+00 -5.189065186029350940e+01 2.002059059866752921e+00 1.000000000000000000e+00
4.321212666685087633e+00 -5.139704224589424797e+01 1.940842679408246063e+00 1.000000000000000000e+00
4.335568854946499684e+00 -5.088794910719861520e+01 1.879041613849801617e+00 1.000000000000000000e+00
4.349925043207911735e+00 -5.036352581015221830e+01 1.816674480961207205e+00 1.000000000000000000e+00
4.364281231469323785e+00 -4.982393033896005363e+01 1.753760069041847336e+00 1.000000000000000000e+00
4.378637419730736724e+00 -4.926932524849338790e+01 1.690317331260672296e+00 1.000000000000000000e+00
4.392993607992148775e+00 -4.869987761531974968e+01 1.626365379946516532e+00 1.000000000000000000e+00
4.407349796253560825e+00 -4.811575898737019941e+01 1.561923480830410105e+00 1.000000000000000000e+00
4.421705984514972876e+00 -4.751714533226022752e+01 1.497011047241736614e+00 1.000000000000000000e+00
4.436062172776384926e+00 -4.690421698427891783e+01 1.431647634259914259e+00 1.000000000000000000e+00
4.450418361037797865e+00 -4.627715859006254817e+01 1.365852932823336641e+00 1.000000000000000000e+00
4.464774549299209916e+00 -4.563615905296943254e+01 1.299646763797454696e+00 1.000000000000000000e+00
4.479130737560621967e+00 -4.498141147617183577e+01 1.233049072003634894e+00 1.000000000000000000e+00
4.493486925822034017e+00 -4.431311310448325003e+01 1.166079920210739695e+00 1.000000000000000000e+00
4.507843114083446956e+00 -4.363146526493778765e+01 1.098759483091157785e+00 1.000000000000000000e+00
4.522199302344859007e+00 -4.293667330613963884e+01 1.031108041143109055e+00 1.000000000000000000e+00
4.536555490606271057e+00 -4.222894653640123863e+01 9.631459745810867501e-01 1.000000000000000000e+00
4.550911678867683108e+00 -4.150849816068836873e+01 8.948937571962404247e-01 1.000000000000000000e+00
4.565267867129095158e+00 -4.077554521639149954e+01 8.263719501885886665e-01 1.000000000000000000e+00
4.579624055390508097e+00 -4.003030850794269924e+01 7.576011959728979894e-01 1.000000000000000000e+00
4.593980243651920148e+00 -3.927301254029747213e+01 6.886022119600786473e-01 1.000000000000000000e+00
4.608336431913332198e+00 -3.850388545130196150e+01 6.193957843160047272e-01 1.000000000000000000e+00
4.622692620174744249e+00 -3.772315894296559691e+01 5.500027616996048252e-01 1.000000000000000000e+00
4.637048808436157188e+00 -3.693106821166016829e+01 4.804440489821390492e-01 1.000000000000000000e+00
4.651404996697569239e+00 -3.612785187726642278e+01 4.107406009495651600e-01 1.000000000000000000e+00
4.665761184958981289e+00 -3.531375191128853430e+01 3.409134159897948546e-01 1.000000000000000000e+00
4.680117373220393340e+00 -3.448901356395990803e+01 2.709835297669053733e-01 1.000000000000000000e+00
4.694473561481805390e+00 -3.365388529036042087e+01 2.009720088840487029e-01 1.000000000000000000e+00
4.708829749743218329e+00 -3.280861867556862421e+01 1.308999445370774561e-01 1.000000000000000000e+00
4.723185938004630380e+00 -3.195346835887122339e+01 6.078844616077885843e-02 1.000000000000000000e+00
4.737542126266042430e+00 -3.108869195705158361e+01 -9.341364930456699106e-03 1.000000000000000000e+00
4.751898314527454481e+00 -3.021454998678243342e+01 -7.946836190545665535e-02 1.000000000000000000e+00
4.766254502788867420e+00 -2.933130578614387574e+01 -1.495714187808279416e-01 1.000000000000000000e+00
4.780610691050279470e+00 -2.843922543529249936e+01 -2.196294167851843837e-01 1.000000000000000000e+00
4.794966879311691521e+00 -2.753857767630330500e+01 -2.896212507212911902e-01 1.000000000000000000e+00
4.809323067573103572e+00 -2.662963383221061875e+01 -3.595258353240482485e-01 1.000000000000000000e+00
4.823679255834515622e+00 -2.571266772527118505e+01 -4.293221116124871783e-01 1.000000000000000000e+00
4.838035444095928561e+00 -2.478795559447402397e+01 -4.989890532338854823e-01 1.000000000000000000e+00
4.852391632357340612e+00 -2.385577601232308353e+01 -5.685056727979800328e-01 1.000000000000000000e+00
4.866747820618752662e+00 -2.291640980091577617e+01 -6.378510281995324327e-01 1.000000000000000000e+00
4.881104008880164713e+00 -2.197013994734473030e+01 -7.070042289271806224e-01 1.000000000000000000e+00
4.895460197141577652e+00 -2.101725151844707895e+01 -7.759444423567690707e-01 1.000000000000000000e+00
4.909816385402989702e+00 -2.005803157492701772e+01 -8.446509000272541812e-01 1.000000000000000000e+00
4.924172573664401753e+00 -1.909276908487793634e+01 -9.131029038972632295e-01 1.000000000000000000e+00
4.938528761925813804e+00 -1.812175483672969989e+01 -9.812798325804565902e-01 1.000000000000000000e+00
4.952884950187225854e+00 -1.714528135164780309e+01 -1.049161147557779117e+00 1.000000000000000000e+00
4.967241138448638793e+00 -1.616364279541052440e+01 -1.116726399364748712e+00 1.000000000000000000e+00
4.981597326710050844e+00 -1.517713488979039838e+01 -1.183955233751933234e+00 1.000000000000000000e+00
4.995953514971462894e+00 -1.418605482346716506e+01 -1.250827397816727249e+00 1.000000000000000000e+00
5.010309703232874945e+00 -1.319070116249858771e+01 -1.317322746104613085e+00 1.000000000000000000e+00
5.024665891494287884e+00 -1.219137376037650711e+01 -1.383421246678042893e+00 1.000000000000000000e+00
5.039022079755699934e+00 -1.118837366769538200e+01 -1.449102987151097421e+00 1.000000000000000000e+00
5.053378268017111985e+00 -1.018200304145914536e+01 -1.514348180688202872e+00 1.000000000000000000e+00
5.067734456278524036e+00 -9.172565054056072142e+00 -1.579137171964936304e+00 1.000000000000000000e+00
5.082090644539936974e+00 -8.160363801926648009e+00 -1.643450443089287116e+00 1.000000000000000000e+00
5.096446832801349025e+00 -7.145704213953887773e+00 -1.707268619481460803e+00 1.000000000000000000e+00
5.110803021062761076e+00 -6.128891959602404960e+00 -1.770572475710543436e+00 1.000000000000000000e+00
5.125159209324173126e+00 -5.110233356834315011e+00 -1.833342941286233874e+00 1.000000000000000000e+00
5.139515397585585177e+00 -4.090035279830348536e+00 -1.895561106403868212e+00 1.000000000000000000e+00
5.153871585846998116e+00 -3.068605066542586357e+00 -1.957208227641085374e+00 1.000000000000000000e+00
5.168227774108410166e+00 -2.046250426108289222e+00 -2.018265733604320378e+00 1.000000000000000000e+00
5.182583962369822217e+00 -1.023279346151366731e+00 -2.078715230523504598e+00 1.000000000000000000e+00
5.196940150631234268e+00 3.792485045442904384e-14 -2.138538507793261267e+00 1.000000000000000000e+00
