0.000000000000000000e+00 0.000000000000000000e+00 -1.287322512540373776e+00 1.000000000000000000e+00
1.431326282762819882e-02 4.458832891085812850e-02 -1.296305927824138893e+00 1.000000000000000000e+00
2.862652565525639764e-02 8.917484353049490164e-02 -1.305236596648853720e+00 1.000000000000000000e+00
4.293978848288459993e-02 1.337577296415121964e-01 -1.314114155627181812e+00 1.000000000000000000e+00
5.725305131051279528e-02 1.783351731741551760e-01 -1.322938243532818969e+00 1.000000000000000000e+00
7.156631413814099063e-02 2.229053602801266132e-01 -1.331708501315186366e+00 1.000000000000000000e+00
8.587957696576919986e-02 2.674664774063921224e-01 -1.340424572114046198e+00 1.000000000000000000e+00
1.001928397933973952e-01 3.120167113689727434e-01 -1.349086101274017846e+00 1.000000000000000000e+00
1.145061026210255906e-01 3.565542494267242013e-01 -1.357692736359011665e+00 1.000000000000000000e+00
1.288193654486537998e-01 4.010772793550957949e-01 -1.366244127166567068e+00 1.000000000000000000e+00
1.431326282762819813e-01 4.455839895198702716e-01 -1.374739925742104463e+00 1.000000000000000000e+00
1.574458911039101905e-01 4.900725689508785288e-01 -1.383179786393080368e+00 1.000000000000000000e+00
1.717591539315383997e-01 5.345412074156882243e-01 -1.391563365703057498e+00 1.000000000000000000e+00
1.860724167591665812e-01 5.789880954932606905e-01 -1.399890322545675581e+00 1.000000000000000000e+00
2.003856795867947904e-01 6.234114246475774834e-01 -1.408160318098532926e+00 1.000000000000000000e+00
2.146989424144229719e-01 6.678093873012277415e-01 -1.416373015856972284e+00 1.000000000000000000e+00
2.290122052420511811e-01 7.121801769089597389e-01 -1.424528081647773448e+00 1.000000000000000000e+00
2.433254680696793903e-01 7.565219880311881973e-01 -1.432625183642751709e+00 1.000000000000000000e+00
2.576387308973075996e-01 8.008330164074565216e-01 -1.440663992372257507e+00 1.000000000000000000e+00
2.719519937249357810e-01 8.451114590298531848e-01 -1.448644180738584586e+00 1.000000000000000000e+00
2.862652565525639625e-01 8.893555142163751537e-01 -1.456565424029279354e+00 1.000000000000000000e+00
3.005785193801921995e-01 9.335633816842384691e-01 -1.464427399930352758e+00 1.000000000000000000e+00
3.148917822078203810e-01 9.777332626231300949e-01 -1.472229788539394679e+00 1.000000000000000000e+00
3.292050450354485625e-01 1.021863359768403035e+00 -1.479972272378592857e+00 1.000000000000000000e+00
3.435183078630767994e-01 1.065951877474205389e+00 -1.487654536407647221e+00 1.000000000000000000e+00
3.578315706907049809e-01 1.109997021786545135e+00 -1.495276268036592970e+00 1.000000000000000000e+00
3.721448335183331624e-01 1.153997000516286509e+00 -1.502837157138517510e+00 1.000000000000000000e+00
3.864580963459613439e-01 1.197950023312073009e+00 -1.510336896062180134e+00 1.000000000000000000e+00
4.007713591735895808e-01 1.241854301733176902e+00 -1.517775179644529127e+00 1.000000000000000000e+00
4.150846220012177623e-01 1.285708049322270341e+00 -1.525151705223121601e+00 1.000000000000000000e+00
4.293978848288459438e-01 1.329509481678115224e+00 -1.532466172648434322e+00 1.000000000000000000e+00
4.437111476564741808e-01 1.373256816528173330e+00 -1.539718284296081485e+00 1.000000000000000000e+00
4.580244104841023622e-01 1.416948273801122093e+00 -1.546907745078922147e+00 1.000000000000000000e+00
4.723376733117305437e-01 1.460582075699288884e+00 -1.554034262459067728e+00 1.000000000000000000e+00
4.866509361393587807e-01 1.504156446770987809e+00 -1.561097546459785823e+00 1.000000000000000000e+00
5.009641989669869622e-01 1.547669613982762371e+00 -1.568097309677299211e+00 1.000000000000000000e+00
5.152774617946151992e-01 1.591119806791531088e+00 -1.575033267292480499e+00 1.000000000000000000e+00
5.295907246222433251e-01 1.634505257216628538e+00 -1.581905137082439072e+00 1.000000000000000000e+00
5.439039874498715621e-01 1.677824199911748027e+00 -1.588712639432008800e+00 1.000000000000000000e+00
5.582172502774997991e-01 1.721074872236767916e+00 -1.595455497345122264e+00 1.000000000000000000e+00
5.725305131051279250e-01 1.764255514329476249e+00 -1.602133436456083082e+00 1.000000000000000000e+00
5.868437759327561620e-01 1.807364369177181018e+00 -1.608746185040729637e+00 1.000000000000000000e+00
6.011570387603843990e-01 1.850399682688197656e+00 -1.615293474027490239e+00 1.000000000000000000e+00
6.154703015880125250e-01 1.893359703763227264e+00 -1.621775037008333475e+00 1.000000000000000000e+00
6.297835644156407620e-01 1.936242684366605848e+00 -1.628190610249607984e+00 1.000000000000000000e+00
6.440968272432689989e-01 1.979046879597435415e+00 -1.634539932702772091e+00 1.000000000000000000e+00
6.584100900708971249e-01 2.021770547760576076e+00 -1.640822746015018208e+00 1.000000000000000000e+00
6.727233528985253619e-01 2.064411950437524013e+00 -1.647038794539782636e+00 1.000000000000000000e+00
6.870366157261535989e-01 2.106969352557142461e+00 -1.653187825347150586e+00 1.000000000000000000e+00
7.013498785537817248e-01 2.149441022466261231e+00 -1.659269588234144610e+00 1.000000000000000000e+00
7.156631413814099618e-01 2.191825232000140122e+00 -1.665283835734908235e+00 1.000000000000000000e+00
7.299764042090380878e-01 2.234120256552786010e+00 -1.671230323130773909e+00 1.000000000000000000e+00
7.442896670366663248e-01 2.276324375147125600e+00 -1.677108808460220590e+00 1.000000000000000000e+00
7.586029298642945617e-01 2.318435870505034746e+00 -1.682919052528719428e+00 1.000000000000000000e+00
7.729161926919226877e-01 2.360453029117210111e+00 -1.688660818918466200e+00 1.000000000000000000e+00
7.872294555195509247e-01 2.402374141312896949e+00 -1.694333873998002282e+00 1.000000000000000000e+00
8.015427183471791617e-01 2.444197501329449462e+00 -1.699937986931718159e+00 1.000000000000000000e+00
8.158559811748072876e-01 2.485921407381742387e+00 -1.705472929689249684e+00 1.000000000000000000e+00
8.301692440024355246e-01 2.527544161731414274e+00 -1.710938477054754880e+00 1.000000000000000000e+00
8.444825068300637616e-01 2.569064070755948226e+00 -1.716334406636077059e+00 1.000000000000000000e+00
8.587957696576918876e-01 2.610479445017584776e+00 -1.721660498873795797e+00 1.000000000000000000e+00
8.731090324853201246e-01 2.651788599332066898e+00 -1.726916537050159350e+00 1.000000000000000000e+00
8.874222953129483615e-01 2.692989852837210041e+00 -1.732102307297903598e+00 1.000000000000000000e+00
9.017355581405764875e-01 2.734081529061288762e+00 -1.737217598608953306e+00 1.000000000000000000e+00
9.160488209682047245e-01 2.775061955991263929e+00 -1.742262202843009922e+00 1.000000000000000000e+00
9.303620837958329615e-01 2.815929466140806969e+00 -1.747235914736018358e+00 1.000000000000000000e+00
9.446753466234610874e-01 2.856682396618154041e+00 -1.752138531908521646e+00 1.000000000000000000e+00
9.589886094510893244e-01 2.897319089193769681e+00 -1.756969854873892567e+00 1.000000000000000000e+00
9.733018722787175614e-01 2.937837890367814175e+00 -1.761729687046454940e+00 1.000000000000000000e+00
9.876151351063456874e-01 2.978237151437431507e+00 -1.766417834749478333e+00 1.000000000000000000e+00
1.001928397933973924e+00 3.018515228563830810e+00 -1.771034107223061538e+00 1.000000000000000000e+00
1.016241660761602050e+00 3.058670482839172866e+00 -1.775578316631893916e+00 1.000000000000000000e+00
1.030554923589230398e+00 3.098701280353260312e+00 -1.780050278072897507e+00 1.000000000000000000e+00
1.044868186416858524e+00 3.138605992260018240e+00 -1.784449809582752344e+00 1.000000000000000000e+00
1.059181449244486650e+00 3.178382994843772735e+00 -1.788776732145298309e+00 1.000000000000000000e+00
1.073494712072114998e+00 3.218030669585322467e+00 -1.793030869698821972e+00 1.000000000000000000e+00
1.087807974899743124e+00 3.257547403227789129e+00 -1.797212049143217527e+00 1.000000000000000000e+00
1.102121237727371250e+00 3.296931587842264921e+00 -1.801320100347032938e+00 1.000000000000000000e+00
1.116434500554999598e+00 3.336181620893244215e+00 -1.805354856154391285e+00 1.000000000000000000e+00
1.130747763382627724e+00 3.375295905303815847e+00 -1.809316152391791332e+00 1.000000000000000000e+00
1.145061026210255850e+00 3.414272849520663122e+00 -1.813203827874789731e+00 1.000000000000000000e+00
1.159374289037884198e+00 3.453110867578817800e+00 -1.817017724414558444e+00 1.000000000000000000e+00
1.173687551865512324e+00 3.491808379166188470e+00 -1.820757686824321153e+00 1.000000000000000000e+00
1.188000814693140450e+00 3.530363809687870003e+00 -1.824423562925668874e+00 1.000000000000000000e+00
1.202314077520768798e+00 3.568775590330210523e+00 -1.828015203554750556e+00 1.000000000000000000e+00
1.216627340348396924e+00 3.607042158124644349e+00 -1.831532462568344233e+00 1.000000000000000000e+00
1.230940603176025050e+00 3.645161956011295334e+00 -1.834975196849802925e+00 1.000000000000000000e+00
1.245253866003653398e+00 3.683133432902323090e+00 -1.838343266314876434e+00 1.000000000000000000e+00
1.259567128831281524e+00 3.720955043745047153e+00 -1.841636533917413887e+00 1.000000000000000000e+00
1.273880391658909650e+00 3.758625249584806038e+00 -1.844854865654938836e+00 1.000000000000000000e+00
1.288193654486537998e+00 3.796142517627586255e+00 -1.847998130574101783e+00 1.000000000000000000e+00
1.302506917314166124e+00 3.833505321302379976e+00 -1.851066200776008808e+00 1.000000000000000000e+00
1.316820180141794250e+00 3.870712140323314010e+00 -1.854058951421425627e+00 1.000000000000000000e+00
1.331133442969422598e+00 3.907761460751495886e+00 -1.856976260735857753e+00 1.000000000000000000e+00
1.345446705797050724e+00 3.944651775056629894e+00 -1.859818010014504530e+00 1.000000000000000000e+00
1.359759968624678850e+00 3.981381582178345369e+00 -1.862584083627090381e+00 1.000000000000000000e+00
1.374073231452307198e+00 4.017949387587286481e+00 -1.865274369022568823e+00 1.000000000000000000e+00
1.388386494279935324e+00 4.054353703345912052e+00 -1.867888756733703026e+00 1.000000000000000000e+00
1.402699757107563450e+00 4.090593048169050228e+00 -1.870427140381518694e+00 1.000000000000000000e+00
1.417013019935191576e+00 4.126665947484169372e+00 -1.872889416679634600e+00 1.000000000000000000e+00
1.431326282762819924e+00 4.162570933491368308e+00 -1.875275485438462786e+00 1.000000000000000000e+00
1.445639545590448050e+00 4.198306545223116082e+00 -1.877585249569287518e+00 1.000000000000000000e+00
1.459952808418076176e+00 4.233871328603687978e+00 -1.879818615088214573e+00 1.000000000000000000e+00
1.474266071245704524e+00 4.269263836508335963e+00 -1.881975491119995736e+00 1.000000000000000000e+00
1.488579334073332650e+00 4.304482628822169588e+00 -1.884055789901726730e+00 1.000000000000000000e+00
1.502892596900960775e+00 4.339526272498752668e+00 -1.886059426786417692e+00 1.000000000000000000e+00
1.517205859728589123e+00 4.374393341618423747e+00 -1.887986320246438421e+00 1.000000000000000000e+00
1.531519122556217249e+00 4.409082417446299473e+00 -1.889836391876833721e+00 1.000000000000000000e+00
1.545832385383845375e+00 4.443592088490019520e+00 -1.891609566398516629e+00 1.000000000000000000e+00
1.560145648211473723e+00 4.477920950557167323e+00 -1.893305771661329295e+00 1.000000000000000000e+00
1.574458911039101849e+00 4.512067606812415477e+00 -1.894924938646979529e+00 1.000000000000000000e+00
1.588772173866729975e+00 4.546030667834354944e+00 -1.896467001471848546e+00 1.000000000000000000e+00
1.603085436694358323e+00 4.579808751672039158e+00 -1.897931897389672828e+00 1.000000000000000000e+00
1.617398699521986449e+00 4.613400483901206606e+00 -1.899319566794096525e+00 1.000000000000000000e+00
1.631711962349614575e+00 4.646804497680209423e+00 -1.900629953221096624e+00 1.000000000000000000e+00
1.646025225177242923e+00 4.680019433805634677e+00 -1.901863003351281112e+00 1.000000000000000000e+00
1.660338488004871049e+00 4.713043940767602358e+00 -1.903018667012058129e+00 1.000000000000000000e+00
1.674651750832499175e+00 4.745876674804761386e+00 -1.904096897179677894e+00 1.000000000000000000e+00
1.688965013660127523e+00 4.778516299958967650e+00 -1.905097649981145169e+00 1.000000000000000000e+00
1.703278276487755649e+00 4.810961488129644081e+00 -1.906020884696005391e+00 1.000000000000000000e+00
1.717591539315383775e+00 4.843210919127817426e+00 -1.906866563758001565e+00 1.000000000000000000e+00
1.731904802143012123e+00 4.875263280729844162e+00 -1.907634652756601712e+00 1.000000000000000000e+00
1.746218064970640249e+00 4.907117268730795345e+00 -1.908325120438400635e+00 1.000000000000000000e+00
1.760531327798268375e+00 4.938771586997528829e+00 -1.908937938708390014e+00 1.000000000000000000e+00
1.774844590625896723e+00 4.970224947521432846e+00 -1.909473082631103047e+00 1.000000000000000000e+00
1.789157853453524849e+00 5.001476070470825874e+00 -1.909930530431628082e+00 1.000000000000000000e+00
1.803471116281152975e+00 5.032523684243039419e+00 -1.910310263496495020e+00 1.000000000000000000e+00
1.817784379108781323e+00 5.063366525516157957e+00 -1.910612266374432489e+00 1.000000000000000000e+00
1.832097641936409449e+00 5.094003339300423150e+00 -1.910836526776996669e+00 1.000000000000000000e+00
1.846410904764037575e+00 5.124432878989297002e+00 -1.910983035579071565e+00 1.000000000000000000e+00
1.860724167591665923e+00 5.154653906410187503e+00 -1.911051786819240261e+00 1.000000000000000000e+00
1.875037430419294049e+00 5.184665191874833212e+00 -1.911042777700026063e+00 1.000000000000000000e+00
1.889350693246922175e+00 5.214465514229331689e+00 -1.910956008588009292e+00 1.000000000000000000e+00
1.903663956074550523e+00 5.244053660903837510e+00 -1.910791483013809300e+00 1.000000000000000000e+00
1.917977218902178649e+00 5.273428427961889042e+00 -1.910549207671943028e+00 1.000000000000000000e+00
1.932290481729806775e+00 5.302588620149410126e+00 -1.910229192420550781e+00 1.000000000000000000e+00
1.946603744557435123e+00 5.331533050943335184e+00 -1.909831450280996989e+00 1.000000000000000000e+00
1.960917007385063249e+00 5.360260542599889710e+00 -1.909355997437338859e+00 1.000000000000000000e+00
1.975230270212691375e+00 5.388769926202519045e+00 -1.908802853235668451e+00 1.000000000000000000e+00
1.989543533040319723e+00 5.417060041709441442e+00 -1.908172040183325535e+00 1.000000000000000000e+00
2.003856795867947849e+00 5.445129738000860087e+00 -1.907463583947982100e+00 1.000000000000000000e+00
2.018170058695575975e+00 5.472977872925794962e+00 -1.906677513356596743e+00 1.000000000000000000e+00
2.032483321523204101e+00 5.500603313348556789e+00 -1.905813860394242720e+00 1.000000000000000000e+00
2.046796584350832227e+00 5.528004935194858582e+00 -1.904872660202806989e+00 1.000000000000000000e+00
2.061109847178460797e+00 5.555181623497554178e+00 -1.903853951079558238e+00 1.000000000000000000e+00
2.075423110006088923e+00 5.582132272441996612e+00 -1.902757774475591024e+00 1.000000000000000000e+00
2.089736372833717049e+00 5.608855785411048345e+00 -1.901584174994137788e+00 1.000000000000000000e+00
2.104049635661345174e+00 5.635351075029689127e+00 -1.900333200388753863e+00 1.000000000000000000e+00
2.118362898488973300e+00 5.661617063209265055e+00 -1.899004901561374359e+00 1.000000000000000000e+00
2.132676161316601426e+00 5.687652681191364579e+00 -1.897599332560244045e+00 1.000000000000000000e+00
2.146989424144229996e+00 5.713456869591292175e+00 -1.896116550577717330e+00 1.000000000000000000e+00
2.161302686971858122e+00 5.739028578441184081e+00 -1.894556615947930567e+00 1.000000000000000000e+00
2.175615949799486248e+00 5.764366767232727895e+00 -1.892919592144348462e+00 1.000000000000000000e+00
2.189929212627114374e+00 5.789470404959499383e+00 -1.891205545777179919e+00 1.000000000000000000e+00
2.204242475454742500e+00 5.814338470158918248e+00 -1.889414546590668653e+00 1.000000000000000000e+00
2.218555738282370626e+00 5.838969950953806887e+00 -1.887546667460255234e+00 1.000000000000000000e+00
2.232869001109999196e+00 5.863363845093568116e+00 -1.885601984389611019e+00 1.000000000000000000e+00
2.247182263937627322e+00 5.887519159994957008e+00 -1.883580576507546400e+00 1.000000000000000000e+00
2.261495526765255448e+00 5.911434912782484119e+00 -1.881482526064790939e+00 1.000000000000000000e+00
2.275808789592883574e+00 5.935110130328395961e+00 -1.879307918430646041e+00 1.000000000000000000e+00
2.290122052420511700e+00 5.958543849292275318e+00 -1.877056842089511957e+00 1.000000000000000000e+00
2.304435315248139826e+00 5.981735116160238341e+00 -1.874729388637287331e+00 1.000000000000000000e+00
2.318748578075768396e+00 6.004682987283738171e+00 -1.872325652777641292e+00 1.000000000000000000e+00
2.333061840903396522e+00 6.027386528917952901e+00 -1.869845732318161646e+00 1.000000000000000000e+00
2.347375103731024648e+00 6.049844817259790730e+00 -1.867289728166372731e+00 1.000000000000000000e+00
2.361688366558652774e+00 6.072056938485463462e+00 -1.864657744325632249e+00 1.000000000000000000e+00
2.376001629386280900e+00 6.094021988787688748e+00 -1.861949887890897326e+00 1.000000000000000000e+00
2.390314892213909026e+00 6.115739074412450904e+00 -1.859166269044367326e+00 1.000000000000000000e+00
2.404628155041537596e+00 6.137207311695378920e+00 -1.856307001051001437e+00 1.000000000000000000e+00
2.418941417869165722e+00 6.158425827097686600e+00 -1.853372200253908586e+00 1.000000000000000000e+00
2.433254680696793848e+00 6.179393757241738783e+00 -1.850361986069614550e+00 1.000000000000000000e+00
2.447567943524421974e+00 6.200110248946160141e+00 -1.847276480983202296e+00 1.000000000000000000e+00
2.461881206352050100e+00 6.220574459260567401e+00 -1.844115810543328182e+00 1.000000000000000000e+00
2.476194469179678226e+00 6.240785555499860138e+00 -1.840880103357114050e+00 1.000000000000000000e+00
2.490507732007306796e+00 6.260742715278106552e+00 -1.837569491084912965e+00 1.000000000000000000e+00
2.504820994834934922e+00 6.280445126541998491e+00 -1.834184108434953497e+00 1.000000000000000000e+00
2.519134257662563048e+00 6.299891987603909449e+00 -1.830724093157856780e+00 1.000000000000000000e+00
2.533447520490191174e+00 6.319082507174499597e+00 -1.827189586041032987e+00 1.000000000000000000e+00
2.547760783317819300e+00 6.338015904394918465e+00 -1.823580730902951696e+00 1.000000000000000000e+00
2.562074046145447426e+00 6.356691408868579529e+00 -1.819897674587290792e+00 1.000000000000000000e+00
2.576387308973075996e+00 6.375108260692510243e+00 -1.816140566956960578e+00 1.000000000000000000e+00
2.590700571800704122e+00 6.393265710488262421e+00 -1.812309560888006654e+00 1.000000000000000000e+00
2.605013834628332248e+00 6.411163019432414956e+00 -1.808404812263388672e+00 1.000000000000000000e+00
2.619327097455960374e+00 6.428799459286630658e+00 -1.804426479966637187e+00 1.000000000000000000e+00
2.633640360283588500e+00 6.446174312427289443e+00 -1.800374725875390824e+00 1.000000000000000000e+00
2.647953623111216626e+00 6.463286871874688089e+00 -1.796249714854807333e+00 1.000000000000000000e+00
2.662266885938845196e+00 6.480136441321807439e+00 -1.792051614750855393e+00 1.000000000000000000e+00
2.676580148766473322e+00 6.496722335162647965e+00 -1.787780596383486964e+00 1.000000000000000000e+00
2.690893411594101448e+00 6.513043878520115904e+00 -1.783436833539683519e+00 1.000000000000000000e+00
2.705206674421729574e+00 6.529100407273502604e+00 -1.779020502966388140e+00 1.000000000000000000e+00
2.719519937249357699e+00 6.544891268085487823e+00 -1.774531784363310383e+00 1.000000000000000000e+00
2.733833200076985825e+00 6.560415818428739776e+00 -1.769970860375617017e+00 1.000000000000000000e+00
2.748146462904614395e+00 6.575673426612046235e+00 -1.765337916586498856e+00 1.000000000000000000e+00
2.762459725732242521e+00 6.590663471806029072e+00 -1.760633141509619914e+00 1.000000000000000000e+00
2.776772988559870647e+00 6.605385344068398723e+00 -1.755856726581446425e+00 1.000000000000000000e+00
2.791086251387498773e+00 6.619838444368775221e+00 -1.751008866153457078e+00 1.000000000000000000e+00
2.805399514215126899e+00 6.634022184613061590e+00 -1.746089757484236005e+00 1.000000000000000000e+00
2.819712777042755025e+00 6.647935987667376700e+00 -1.741099600731445207e+00 1.000000000000000000e+00
2.834026039870383151e+00 6.661579287381532488e+00 -1.736038598943680622e+00 1.000000000000000000e+00
2.848339302698011721e+00 6.674951528612074192e+00 -1.730906958052210953e+00 1.000000000000000000e+00
2.862652565525639847e+00 6.688052167244872948e+00 -1.725704886862596599e+00 1.000000000000000000e+00
2.876965828353267973e+00 6.700880670217255641e+00 -1.720432597046194889e+00 1.000000000000000000e+00
2.891279091180896099e+00 6.713436515539704885e+00 -1.715090303131546090e+00 1.000000000000000000e+00
2.905592354008524225e+00 6.725719192317095363e+00 -1.709678222495645494e+00 1.000000000000000000e+00
2.919905616836152351e+00 6.737728200769479869e+00 -1.704196575355096943e+00 1.000000000000000000e+00
2.934218879663780921e+00 6.749463052252425932e+00 -1.698645584757153992e+00 1.000000000000000000e+00
2.948532142491409047e+00 6.760923269276903014e+00 -1.693025476570643173e+00 1.000000000000000000e+00
2.962845405319037173e+00 6.772108385528704311e+00 -1.687336479476772677e+00 1.000000000000000000e+00
2.977158668146665299e+00 6.783017945887427125e+00 -1.681578824959828466e+00 1.000000000000000000e+00
2.991471930974293425e+00 6.793651506444991384e+00 -1.675752747297755585e+00 1.000000000000000000e+00
3.005785193801921551e+00 6.804008634523693644e+00 -1.669858483552623563e+00 1.000000000000000000e+00
3.020098456629550121e+00 6.814088908693827662e+00 -1.663896273560982353e+00 1.000000000000000000e+00
3.034411719457178247e+00 6.823891918790816469e+00 -1.657866359924102806e+00 1.000000000000000000e+00
3.048724982284806373e+00 6.833417265931912787e+00 -1.651768987998104787e+00 1.000000000000000000e+00
3.063038245112434499e+00 6.842664562532426054e+00 -1.645604405883974275e+00 1.000000000000000000e+00
3.077351507940062625e+00 6.851633432321491135e+00 -1.639372864417467657e+00 1.000000000000000000e+00
3.091664770767690751e+00 6.860323510357381416e+00 -1.633074617158905451e+00 1.000000000000000000e+00
3.105978033595319321e+00 6.868734443042360027e+00 -1.626709920382855223e+00 1.000000000000000000e+00
3.120291296422947447e+00 6.876865888137061233e+00 -1.620279033067703711e+00 1.000000000000000000e+00
3.134604559250575573e+00 6.884717514774421510e+00 -1.613782216885119469e+00 1.000000000000000000e+00
3.148917822078203699e+00 6.892289003473140774e+00 -1.607219736189403836e+00 1.000000000000000000e+00
3.163231084905831825e+00 6.899580046150682655e+00 -1.600591858006736645e+00 1.000000000000000000e+00
3.177544347733459951e+00 6.906590346135810243e+00 -1.593898852024309365e+00 1.000000000000000000e+00
3.191857610561088521e+00 6.913319618180656434e+00 -1.587140990579352096e+00 1.000000000000000000e+00
3.206170873388716647e+00 6.919767588472329756e+00 -1.580318548648052879e+00 1.000000000000000000e+00
3.220484136216344773e+00 6.925933994644058345e+00 -1.573431803834367315e+00 1.000000000000000000e+00
3.234797399043972899e+00 6.931818585785868514e+00 -1.566481036358725154e+00 1.000000000000000000e+00
3.249110661871601025e+00 6.937421122454783706e+00 -1.559466529046625638e+00 1.000000000000000000e+00
3.263423924699229151e+00 6.942741376684578469e+00 -1.552388567317131818e+00 1.000000000000000000e+00
3.277737187526857721e+00 6.947779131995048374e+00 -1.545247439171254511e+00 1.000000000000000000e+00
3.292050450354485847e+00 6.952534183400821632e+00 -1.538043435180236562e+00 1.000000000000000000e+00
3.306363713182113973e+00 6.957006337419695541e+00 -1.530776848473726082e+00 1.000000000000000000e+00
3.320676976009742098e+00 6.961195412080514622e+00 -1.523447974727852428e+00 1.000000000000000000e+00
3.334990238837370224e+00 6.965101236930570927e+00 -1.516057112153192055e+00 1.000000000000000000e+00
3.349303501664998350e+00 6.968723653042540711e+00 -1.508604561482637108e+00 1.000000000000000000e+00
3.363616764492626920e+00 6.972062513020953922e+00 -1.501090625959156544e+00 1.000000000000000000e+00
3.377930027320255046e+00 6.975117681008190296e+00 -1.493515611323458891e+00 1.000000000000000000e+00
3.392243290147883172e+00 6.977889032690002047e+00 -1.485879825801550203e+00 1.000000000000000000e+00
3.406556552975511298e+00 6.980376455300577376e+00 -1.478183580092194083e+00 1.000000000000000000e+00
3.420869815803139424e+00 6.982579847627133240e+00 -1.470427187354267584e+00 1.000000000000000000e+00
3.435183078630767550e+00 6.984499120014024065e+00 -1.462610963194020286e+00 1.000000000000000000e+00
3.449496341458396120e+00 6.986134194366396599e+00 -1.454735225652231234e+00 1.000000000000000000e+00
3.463809604286024246e+00 6.987485004153362489e+00 -1.446800295191269292e+00 1.000000000000000000e+00
3.478122867113652372e+00 6.988551494410713438e+00 -1.438806494682052017e+00 1.000000000000000000e+00
3.492436129941280498e+00 6.989333621743145208e+00 -1.430754149390908836e+00 1.000000000000000000e+00
3.506749392768908624e+00 6.989831354326040191e+00 -1.422643586966346296e+00 1.000000000000000000e+00
3.521062655596536750e+00 6.990044671906741058e+00 -1.414475137425715845e+00 1.000000000000000000e+00
3.535375918424165320e+00 6.989973565805399858e+00 -1.406249133141785013e+00 1.000000000000000000e+00
3.549689181251793446e+00 6.989618038915305753e+00 -1.397965908829214454e+00 1.000000000000000000e+00
3.564002444079421572e+00 6.988978105702788213e+00 -1.389625801530937288e+00 1.000000000000000000e+00
3.578315706907049698e+00 6.988053792206615711e+00 -1.381229150604444511e+00 1.000000000000000000e+00
3.592628969734677824e+00 6.986845136036940573e+00 -1.372776297707978266e+00 1.000000000000000000e+00
3.606942232562305950e+00 6.985352186373770422e+00 -1.364267586786628961e+00 1.000000000000000000e+00
3.621255495389934520e+00 6.983575003964961780e+00 -1.355703364058339355e+00 1.000000000000000000e+00
3.635568758217562646e+00 6.981513661123751824e+00 -1.347083977999818938e+00 1.000000000000000000e+00
3.649882021045190772e+00 6.979168241725817623e+00 -1.338409779332362382e+00 1.000000000000000000e+00
3.664195283872818898e+00 6.976538841205860209e+00 -1.329681121007580291e+00 1.000000000000000000e+00
3.678508546700447024e+00 6.973625566553720567e+00 -1.320898358193036692e+00 1.000000000000000000e+00
3.692821809528075150e+00 6.970428536310030232e+00 -1.312061848257797925e+00 1.000000000000000000e+00
3.707135072355703276e+00 6.966947880561384032e+00 -1.303171950757891606e+00 1.000000000000000000e+00
3.721448335183331846e+00 6.963183740935050103e+00 -1.294229027421674560e+00 1.000000000000000000e+00
3.735761598010959972e+00 6.959136270593203832e+00 -1.285233442135117699e+00 1.000000000000000000e+00
3.750074860838588098e+00 6.954805634226698174e+00 -1.276185560926995421e+00 1.000000000000000000e+00
3.764388123666216224e+00 6.950192008048360570e+00 -1.267085751953994865e+00 1.000000000000000000e+00
3.778701386493844350e+00 6.945295579785826234e+00 -1.257934385485734330e+00 1.000000000000000000e+00
3.793014649321472476e+00 6.940116548673892716e+00 -1.248731833889697995e+00 1.000000000000000000e+00
3.807327912149101046e+00 6.934655125446423263e+00 -1.239478471616083155e+00 1.000000000000000000e+00
3.821641174976729172e+00 6.928911532327764355e+00 -1.230174675182565514e+00 1.000000000000000000e+00
3.835954437804357298e+00 6.922886003023701385e+00 -1.220820823158976998e+00 1.000000000000000000e+00
3.850267700631985424e+00 6.916578782711958695e+00 -1.211417296151902745e+00 1.000000000000000000e+00
3.864580963459613550e+00 6.909990128032213796e+00 -1.201964476789194824e+00 1.000000000000000000e+00
3.878894226287241676e+00 6.903120307075664819e+00 -1.192462749704401137e+00 1.000000000000000000e+00
3.893207489114870246e+00 6.895969599374106807e+00 -1.182912501521117932e+00 1.000000000000000000e+00
3.907520751942498372e+00 6.888538295888577245e+00 -1.173314120837255947e+00 1.000000000000000000e+00
3.921834014770126497e+00 6.880826698997498880e+00 -1.163667998209227727e+00 1.000000000000000000e+00
3.936147277597754623e+00 6.872835122484384662e+00 -1.153974526136058110e+00 1.000000000000000000e+00
3.950460540425382749e+00 6.864563891525073736e+00 -1.144234099043412112e+00 1.000000000000000000e+00
3.964773803253010875e+00 6.856013342674487809e+00 -1.134447113267546214e+00 1.000000000000000000e+00
3.979087066080639445e+00 6.847183823852950546e+00 -1.124613967039181039e+00 1.000000000000000000e+00
3.993400328908267571e+00 6.838075694332020227e+00 -1.114735060467299643e+00 1.000000000000000000e+00
4.007713591735895697e+00 6.828689324719880993e+00 -1.104810795522863653e+00 1.000000000000000000e+00
4.022026854563524267e+00 6.819025096946247366e+00 -1.094841576022458574e+00 1.000000000000000000e+00
4.036340117391151949e+00 6.809083404246843330e+00 -1.084827807611864925e+00 1.000000000000000000e+00
4.050653380218780519e+00 6.798864651147385807e+00 -1.074769897749547454e+00 1.000000000000000000e+00
4.064966643046408201e+00 6.788369253447132046e+00 -1.064668255690081944e+00 1.000000000000000000e+00
4.079279905874036771e+00 6.777597638201958929e+00 -1.054523292467496987e+00 1.000000000000000000e+00
4.093593168701664453e+00 6.766550243706986656e+00 -1.044335420878554022e+00 1.000000000000000000e+00
4.107906431529293023e+00 6.755227519478745890e+00 -1.034105055465945888e+00 1.000000000000000000e+00
4.122219694356921593e+00 6.743629926236881289e+00 -1.023832612501432981e+00 1.000000000000000000e+00
4.136532957184549275e+00 6.731757935885414490e+00 -1.013518509968904580e+00 1.000000000000000000e+00
4.150846220012177845e+00 6.719612031493533699e+00 -1.003163167547368229e+00 1.000000000000000000e+00
4.165159482839805527e+00 6.707192707275938304e+00 -9.927670065938771771e-01 1.000000000000000000e+00
4.179472745667434097e+00 6.694500468572739393e+00 -9.823304501263824262e-01 1.000000000000000000e+00
4.193786008495062667e+00 6.681535831828884220e+00 -9.718539228065220525e-01 1.000000000000000000e+00
4.208099271322690349e+00 6.668299324573151665e+00 -9.613378509223415858e-01 1.000000000000000000e+00
4.222412534150318919e+00 6.654791485396677864e+00 -9.507826623709451086e-01 1.000000000000000000e+00
4.236725796977946601e+00 6.641012863931057275e+00 -9.401887866410908456e-01 1.000000000000000000e+00
4.251039059805575171e+00 6.626964020825957036e+00 -9.295566547957078152e-01 1.000000000000000000e+00
4.265352322633202853e+00 6.612645527726319195e+00 -9.188866994543625211e-01 1.000000000000000000e+00
4.279665585460831423e+00 6.598057967249100209e+00 -9.081793547756509266e-01 1.000000000000000000e+00
4.293978848288459993e+00 6.583201932959555691e+00 -8.974350564395354724e-01 1.000000000000000000e+00
4.308292111116087675e+00 6.568078029347095281e+00 -8.866542416296170348e-01 1.000000000000000000e+00
4.322605373943716245e+00 6.552686871800681878e+00 -8.758373490153428254e-01 1.000000000000000000e+00
4.336918636771343927e+00 6.537029086583797444e+00 -8.649848187341628858e-01 1.000000000000000000e+00
4.351231899598972497e+00 6.521105310808953170e+00 -8.540970923736141973e-01 1.000000000000000000e+00
4.365545162426601067e+00 6.504916192411768883e+00 -8.431746129533582712e-01 1.000000000000000000e+00
4.379858425254228749e+00 6.488462390124613677e+00 -8.322178249071532363e-01 1.000000000000000000e+00
4.394171688081857319e+00 6.471744573449791815e+00 -8.212271740647660856e-01 1.000000000000000000e+00
4.408484950909485001e+00 6.454763422632311176e+00 -8.102031076338381821e-01 1.000000000000000000e+00
4.422798213737113571e+00 6.437519628632192514e+00 -7.991460741816822644e-01 1.000000000000000000e+00
4.437111476564741253e+00 6.420013893096369273e+00 -7.880565236170367083e-01 1.000000000000000000e+00
4.451424739392369823e+00 6.402246928330122877e+00 -7.769349071717512878e-01 1.000000000000000000e+00
4.465738002219998393e+00 6.384219457268109466e+00 -7.657816773824350776e-01 1.000000000000000000e+00
4.480051265047626075e+00 6.365932213444944310e+00 -7.545972880720368536e-01 1.000000000000000000e+00
4.494364527875254645e+00 6.347385940965339479e+00 -7.433821943313793090e-01 1.000000000000000000e+00
4.508677790702882326e+00 6.328581394473846267e+00 -7.321368525006447525e-01 1.000000000000000000e+00
4.522991053530510897e+00 6.309519339124137538e+00 -7.208617201508036310e-01 1.000000000000000000e+00
4.537304316358139467e+00 6.290200550547875302e+00 -7.095572560649995308e-01 1.000000000000000000e+00
4.551617579185767148e+00 6.270625814823154620e+00 -6.982239202198770034e-01 1.000000000000000000e+00
4.565930842013395718e+00 6.250795928442506977e+00 -6.868621737668683114e-01 1.000000000000000000e+00
4.580244104841023400e+00 6.230711698280506639e+00 -6.754724790134279955e-01 1.000000000000000000e+00
4.594557367668651970e+00 6.210373941560927591e+00 -6.640552994042222545e-01 1.000000000000000000e+00
4.608870630496279652e+00 6.189783485823497244e+00 -6.526110995022712524e-01 1.000000000000000000e+00
4.623183893323908222e+00 6.168941168890215820e+00 -6.411403449700450174e-01 1.000000000000000000e+00
4.637497156151536792e+00 6.147847838831278722e+00 -6.296435025505193739e-01 1.000000000000000000e+00
4.651810418979164474e+00 6.126504353930556590e+00 -6.181210400481791378e-01 1.000000000000000000e+00
4.666123681806793044e+00 6.104911582650677460e+00 -6.065734263099867851e-01 1.000000000000000000e+00
4.680436944634420726e+00 6.083070403597686138e+00 -5.950011312063040458e-01 1.000000000000000000e+00
4.694750207462049296e+00 6.060981705485295912e+00 -5.834046256117720874e-01 1.000000000000000000e+00
4.709063470289676978e+00 6.038646387098735246e+00 -5.717843813861561708e-01 1.000000000000000000e+00
4.723376733117305548e+00 6.016065357258151280e+00 -5.601408713551362384e-01 1.000000000000000000e+00
4.737689995944934118e+00 5.993239534781663380e+00 -5.484745692910797388e-01 1.000000000000000000e+00
4.752003258772561800e+00 5.970169848447952177e+00 -5.367859498937547214e-01 1.000000000000000000e+00
4.766316521600190370e+00 5.946857236958475568e+00 -5.250754887710179508e-01 1.000000000000000000e+00
4.780629784427818052e+00 5.923302648899271716e+00 -5.133436624194624986e-01 1.000000000000000000e+00
4.794943047255446622e+00 5.899507042702366810e+00 -5.015909482050279200e-01 1.000000000000000000e+00
4.809256310083075192e+00 5.875471386606773372e+00 -4.898178243435796775e-01 1.000000000000000000e+00
4.823569572910702874e+00 5.851196658619085333e+00 -4.780247698814458213e-01 1.000000000000000000e+00
4.837882835738331444e+00 5.826683846473694750e+00 -4.662122646759275235e-01 1.000000000000000000e+00
4.852196098565959126e+00 5.801933947592594620e+00 -4.543807893757734750e-01 1.000000000000000000e+00
4.866509361393587696e+00 5.776947969044795350e+00 -4.425308254016223075e-01 1.000000000000000000e+00
4.880822624221215378e+00 5.751726927505345976e+00 -4.306628549264132633e-01 1.000000000000000000e+00
4.895135887048843948e+00 5.726271849213968146e+00 -4.187773608557661675e-01 1.000000000000000000e+00
4.909449149876472518e+00 5.700583769933301070e+00 -4.068748268083354214e-01 1.000000000000000000e+00
4.923762412704100200e+00 5.674663734906747692e+00 -3.949557370961265801e-01 1.000000000000000000e+00
4.938075675531728770e+00 5.648512798815949587e+00 -3.830205767047929477e-01 1.000000000000000000e+00
4.952388938359356452e+00 5.622132025737878180e+00 -3.710698312739010851e-01 1.000000000000000000e+00
4.966702201186985022e+00 5.595522489101520058e+00 -3.591039870771700060e-01 1.000000000000000000e+00
4.981015464014613592e+00 5.568685271644221224e+00 -3.471235310026840049e-01 1.000000000000000000e+00
4.995328726842241274e+00 5.541621465367614796e+00 -3.351289505330845575e-01 1.000000000000000000e+00
5.009641989669869844e+00 5.514332171493195212e+00 -3.231207337257299139e-01 1.000000000000000000e+00
5.023955252497497526e+00 5.486818500417506073e+00 -3.110993691928390925e-01 1.000000000000000000e+00
5.038268515325126096e+00 5.459081571666957622e+00 -2.990653460816099507e-01 1.000000000000000000e+00
5.052581778152753778e+00 5.431122513852280953e+00 -2.870191540543155506e-01 1.000000000000000000e+00
5.066895040980382348e+00 5.402942464622592311e+00 -2.749612832683800967e-01 1.000000000000000000e+00
5.081208303808010918e+00 5.374542570619113668e+00 -2.628922243564335015e-01 1.000000000000000000e+00
5.095521566635638600e+00 5.345923987428516710e+00 -2.508124684063509635e-01 1.000000000000000000e+00
5.109834829463267170e+00 5.317087879535887573e+00 -2.387225069412660383e-01 1.000000000000000000e+00
5.124148092290894851e+00 5.288035420277360288e+00 -2.266228318995734681e-01 1.000000000000000000e+00
5.138461355118523421e+00 5.258767791792366531e+00 -2.145139356149118326e-01 1.000000000000000000e+00
5.152774617946151992e+00 5.229286184975533658e+00 -2.023963107961295749e-01 1.000000000000000000e+00
5.167087880773779673e+00 5.199591799428235461e+00 -1.902704505072401464e-01 1.000000000000000000e+00
5.181401143601408243e+00 5.169685843409768111e+00 -1.781368481473543375e-01 1.000000000000000000e+00
5.195714406429035925e+00 5.139569533788196587e+00 -1.659959974306073061e-01 1.000000000000000000e+00
5.210027669256664495e+00 5.109244095990835177e+00 -1.538483923660685093e-01 1.000000000000000000e+00
5.224340932084292177e+00 5.078710763954386032e+00 -1.416945272376406717e-01 1.000000000000000000e+00
5.238654194911920747e+00 5.047970780074733099e+00 -1.295348965839473732e-01 1.000000000000000000e+00
5.252967457739549317e+00 5.017025395156383460e+00 -1.173699951782095352e-01 1.000000000000000000e+00
5.267280720567176999e+00 4.985875868361586249e+00 -1.052003180081166611e-01 1.000000000000000000e+00
5.281593983394805569e+00 4.954523467159074990e+00 -9.302636025568067346e-02 1.000000000000000000e+00
5.295907246222433251e+00 4.922969467272513278e+00 -8.084861727709047319e-02 1.000000000000000000e+00
5.310220509050061821e+00 4.891215152628578977e+00 -6.866758458255514674e-02 1.000000000000000000e+00
5.324533771877690391e+00 4.859261815304719789e+00 -5.648375781614092817e-02 1.000000000000000000e+00
5.338847034705318073e+00 4.827110755476588189e+00 -4.429763273560770320e-02 1.000000000000000000e+00
5.353160297532946643e+00 4.794763281365117535e+00 -3.210970519222741681e-02 1.000000000000000000e+00
5.367473560360574325e+00 4.762220709183317524e+00 -1.992047111061984871e-02 1.000000000000000000e+00
5.381786823188202895e+00 4.729484363082694820e+00 -7.730426468564199904e-03 1.000000000000000000e+00
5.396100086015830577e+00 4.696555575099385926e+00 4.459932723177918376e-03 1.000000000000000000e+00
5.410413348843459147e+00 4.663435685099953432e+00 1.665011044104592816e-02 1.000000000000000000e+00
5.424726611671087717e+00 4.630126040726862513e+00 2.883961066886423993e-02 1.000000000000000000e+00
5.439039874498715399e+00 4.596627997343663452e+00 4.102793741802081978e-02 1.000000000000000000e+00
5.453353137326343969e+00 4.562942917979809998e+00 5.321459474765820319e-02 1.000000000000000000e+00
5.467666400153971651e+00 4.529072173275233482e+00 6.539908678484139537e-02 1.000000000000000000e+00
5.481979662981600221e+00 4.495017141424545670e+00 7.758091774474412672e-02 1.000000000000000000e+00
5.496292925809228791e+00 4.460779208120971617e+00 8.975959195081892328e-02 1.000000000000000000e+00
5.510606188636856473e+00 4.426359766499970760e+00 1.019346138549626773e-01 1.000000000000000000e+00
5.524919451464485043e+00 4.391760217082530282e+00 1.141054880576896913e-01 1.000000000000000000e+00
5.539232714292112725e+00 4.356981967718207116e+00 1.262717193282767714e-01 1.000000000000000000e+00
5.553545977119741295e+00 4.322026433527812905e+00 1.384328126249275703e-01 1.000000000000000000e+00
5.567859239947368977e+00 4.286895036845859153e+00 1.505882731149030818e-01 1.000000000000000000e+00
5.582172502774997547e+00 4.251589207162667527e+00 1.627376061946655683e-01 1.000000000000000000e+00
5.596485765602626117e+00 4.216110381066200397e+00 1.748803175100004936e-01 1.000000000000000000e+00
5.610799028430253799e+00 4.180460002183631119e+00 1.870159129761284622e-01 1.000000000000000000e+00
5.625112291257882369e+00 4.144639521122560843e+00 1.991438987978186304e-01 1.000000000000000000e+00
5.639425554085510051e+00 4.108650395412044354e+00 2.112637814894683386e-01 1.000000000000000000e+00
5.653738816913138621e+00 4.072494089443233989e+00 2.233750678951967883e-01 1.000000000000000000e+00
5.668052079740766303e+00 4.036172074409835275e+00 2.354772652088985285e-01 1.000000000000000000e+00
5.682365342568394873e+00 3.999685828248217501e+00 2.475698809943050749e-01 1.000000000000000000e+00
5.696678605396023443e+00 3.963036835577284034e+00 2.596524232050185232e-01 1.000000000000000000e+00
5.710991868223651124e+00 3.926226587638075305e+00 2.717244002045298146e-01 1.000000000000000000e+00
5.725305131051279695e+00 3.889256582233064474e+00 2.837853207862321425e-01 1.000000000000000000e+00
5.739618393878907376e+00 3.852128323665241716e+00 2.958346941933965302e-01 1.000000000000000000e+00
5.753931656706535946e+00 3.814843322676884085e+00 3.078720301391499325e-01 1.000000000000000000e+00
5.768244919534164517e+00 3.777403096388086468e+00 3.198968388264214480e-01 1.000000000000000000e+00
5.782558182361792198e+00 3.739809168235047387e+00 3.319086309678687119e-01 1.000000000000000000e+00
5.796871445189420768e+00 3.702063067908046179e+00 3.439069178057961862e-01 1.000000000000000000e+00
5.811184708017048450e+00 3.664166331289244294e+00 3.558912111320301497e-01 1.000000000000000000e+00
5.825497970844677020e+00 3.626120500390144663e+00 3.678610233077969083e-01 1.000000000000000000e+00
5.839811233672304702e+00 3.587927123288887188e+00 3.798158672835525995e-01 1.000000000000000000e+00
5.854124496499933272e+00 3.549587754067235146e+00 3.917552566188098329e-01 1.000000000000000000e+00
5.868437759327561842e+00 3.511103952747340440e+00 4.036787055019279702e-01 1.000000000000000000e+00
5.882751022155189524e+00 3.472477285228284138e+00 4.155857287698774272e-01 1.000000000000000000e+00
5.897064284982818094e+00 3.433709323222327026e+00 4.274758419279893196e-01 1.000000000000000000e+00
5.911377547810445776e+00 3.394801644191003387e+00 4.393485611696579252e-01 1.000000000000000000e+00
5.925690810638074346e+00 3.355755831280882617e+00 4.512034033960394264e-01 1.000000000000000000e+00
5.940004073465702916e+00 3.316573473259198934e+00 4.630398862356966405e-01 1.000000000000000000e+00
5.954317336293330598e+00 3.277256164449170228e+00 4.748575280642361451e-01 1.000000000000000000e+00
5.968630599120959168e+00 3.237805504665139722e+00 4.866558480239017714e-01 1.000000000000000000e+00
5.982943861948586850e+00 3.198223099147487591e+00 4.984343660431374556e-01 1.000000000000000000e+00
5.997257124776215420e+00 3.158510558497286791e+00 5.101926028561305504e-01 1.000000000000000000e+00
6.011570387603843102e+00 3.118669498610807889e+00 5.219300800223003467e-01 1.000000000000000000e+00
6.025883650431471672e+00 3.078701540613722809e+00 5.336463199457790463e-01 1.000000000000000000e+00
6.040196913259100242e+00 3.038608310795182454e+00 5.453408458948336701e-01 1.000000000000000000e+00
6.054510176086727924e+00 2.998391440541627873e+00 5.570131820212689266e-01 1.000000000000000000e+00
6.068823438914356494e+00 2.958052566270387373e+00 5.686628533797947194e-01 1.000000000000000000e+00
6.083136701741984176e+00 2.917593329363135979e+00 5.802893859473391425e-01 1.000000000000000000e+00
6.097449964569612746e+00 2.877015376099060884e+00 5.918923066423509294e-01 1.000000000000000000e+00
6.111763227397241316e+00 2.836320357587915009e+00 6.034711433440356210e-01 1.000000000000000000e+00
6.126076490224868998e+00 2.795509929702805429e+00 6.150254249115751914e-01 1.000000000000000000e+00
6.140389753052497568e+00 2.754585753012825045e+00 6.265546812032960489e-01 1.000000000000000000e+00
6.154703015880125250e+00 2.713549492715498612e+00 6.380584430957956243e-01 1.000000000000000000e+00
6.169016278707753820e+00 2.672402818568991201e+00 6.495362425030387632e-01 1.000000000000000000e+00
6.183329541535381502e+00 2.631147404824212277e+00 6.609876123953938309e-01 1.000000000000000000e+00
6.197642804363010072e+00 2.589784930156641796e+00 6.724120868186471700e-01 1.000000000000000000e+00
6.211956067190638642e+00 2.548317077598071911e+00 6.838092009129518312e-01 1.000000000000000000e+00
6.226269330018266324e+00 2.506745534468089343e+00 6.951784909317505479e-01 1.000000000000000000e+00
6.240582592845894894e+00 2.465071992305432502e+00 7.065194942606431994e-01 1.000000000000000000e+00
6.254895855673522576e+00 2.423298146799173658e+00 7.178317494362067563e-01 1.000000000000000000e+00
6.269209118501151146e+00 2.381425697719691481e+00 7.291147961647809206e-01 1.000000000000000000e+00
6.283522381328779716e+00 2.339456348849544121e+00 7.403681753411864852e-01 1.000000000000000000e+00
6.297835644156407398e+00 2.297391807914116235e+00 7.515914290674150511e-01 1.000000000000000000e+00
6.312148906984035968e+00 2.255233786512143013e+00 7.627841006712562377e-01 1.000000000000000000e+00
6.326462169811663649e+00 2.212984000046061439e+00 7.739457347248810404e-01 1.000000000000000000e+00
6.340775432639292220e+00 2.170644167652211465e+00 7.850758770633738948e-01 1.000000000000000000e+00
6.355088695466919901e+00 2.128216012130898616e+00 7.961740748032080095e-01 1.000000000000000000e+00
6.369401958294548471e+00 2.085701259876258984e+00 8.072398763606823957e-01 1.000000000000000000e+00
6.383715221122177041e+00 2.043101640806054053e+00 8.182728314702855110e-01 1.000000000000000000e+00
6.398028483949804723e+00 2.000418888291250585e+00 8.292724912030250417e-01 1.000000000000000000e+00
6.412341746777433293e+00 1.957654739085504358e+00 8.402384079846910714e-01 1.000000000000000000e+00
6.426655009605060975e+00 1.914810933254486036e+00 8.511701356140679575e-01 1.000000000000000000e+00
6.440968272432689545e+00 1.871889214105078025e+00 8.620672292810916959e-01 1.000000000000000000e+00
6.455281535260317227e+00 1.828891328114454762e+00 8.729292455849452237e-01 1.000000000000000000e+00
6.469594798087945797e+00 1.785819024858983806e+00 8.837557425521082033e-01 1.000000000000000000e+00
6.483908060915574367e+00 1.742674056943080085e+00 8.945462796543305339e-01 1.000000000000000000e+00
6.498221323743202049e+00 1.699458179927857637e+00 9.053004178265658952e-01 1.000000000000000000e+00
6.512534586570830619e+00 1.656173152259710513e+00 9.160177194848336812e-01 1.000000000000000000e+00
6.526847849398458301e+00 1.612820735198771338e+00 9.266977485440217599e-01 1.000000000000000000e+00
6.541161112226086871e+00 1.569402692747214667e+00 9.373400704356386060e-01 1.000000000000000000e+00
6.555474375053715441e+00 1.525920791577522140e+00 9.479442521254857201e-01 1.000000000000000000e+00
6.569787637881343123e+00 1.482376800960562457e+00 9.585098621312853062e-01 1.000000000000000000e+00
6.584100900708971693e+00 1.438772492693616956e+00 9.690364705402337853e-01 1.000000000000000000e+00
6.598414163536599375e+00 1.395109641028280389e+00 9.795236490264959128e-01 1.000000000000000000e+00
6.612727426364227945e+00 1.351390022598265794e+00 9.899709708686338372e-01 1.000000000000000000e+00
6.627040689191855627e+00 1.307615416347127413e+00 1.000378010966966214e+00 1.000000000000000000e+00
6.641353952019484197e+00 1.263787603455843955e+00 1.010744345860874249e+00 1.000000000000000000e+00
6.655667214847112767e+00 1.219908367270382765e+00 1.021069553746021041e+00 1.000000000000000000e+00
6.669980477674740449e+00 1.175979493229105000e+00 1.031353214491524062e+00 1.000000000000000000e+00
6.684293740502369019e+00 1.132002768790129732e+00 1.041594909657045598e+00 1.000000000000000000e+00
6.698607003329996701e+00 1.087979983358600355e+00 1.051794222509819354e+00 1.000000000000000000e+00
6.712920266157625271e+00 1.043912928213871494e+00 1.061950738041609110e+00 1.000000000000000000e+00
6.727233528985253841e+00 9.998033964366324078e-01 1.072064042985592103e+00 1.000000000000000000e+00
6.741546791812881523e+00 9.556531828359312586e-01 1.082133725833178461e+00 1.000000000000000000e+00
6.755860054640510093e+00 9.114640838761545183e-01 1.092159376850753372e+00 1.000000000000000000e+00
6.770173317468137775e+00 8.672378976039276655e-01 1.102140588096348850e+00 1.000000000000000000e+00
6.784486580295766345e+00 8.229764235749519319e-01 1.112076953436244242e+00 1.000000000000000000e+00
6.798799843123394027e+00 7.786814627807815414e-01 1.121968068561489895e+00 1.000000000000000000e+00
6.813113105951022597e+00 7.343548175755374441e-01 1.131813531004360662e+00 1.000000000000000000e+00
6.827426368778651167e+00 6.899982916025838575e-01 1.141612940154728806e+00 1.000000000000000000e+00
6.841739631606278849e+00 6.456136897211184333e-01 1.151365897276368955e+00 1.000000000000000000e+00
6.856052894433907419e+00 6.012028179327457700e-01 1.161072005523179795e+00 1.000000000000000000e+00
6.870366157261535101e+00 5.567674833079879759e-01 1.170730869955332931e+00 1.000000000000000000e+00
6.884679420089163671e+00 5.123094939127561531e-01 1.180342097555341585e+00 1.000000000000000000e+00
6.898992682916792241e+00 4.678306587347765833e-01 1.189905297244054694e+00 1.000000000000000000e+00
6.913305945744419923e+00 4.233327876099964304e-01 1.199420079896565738e+00 1.000000000000000000e+00
6.927619208572048493e+00 3.788176911489223309e-01 1.208886058358051852e+00 1.000000000000000000e+00
6.941932471399676174e+00 3.342871806629603149e-01 1.218302847459522109e+00 1.000000000000000000e+00
6.956245734227304744e+00 2.897430680907102651e-01 1.227670064033493214e+00 1.000000000000000000e+00
6.970558997054932426e+00 2.451871659242385315e-01 1.236987326929578135e+00 1.000000000000000000e+00
6.984872259882560996e+00 2.006212871353278693e-01 1.246254257029996815e+00 1.000000000000000000e+00
6.999185522710189566e+00 1.560472451017050899e-01 1.255470477265002494e+00 1.000000000000000000e+00
7.013498785537817248e+00 1.114668535332672822e-01 1.264635612628221217e+00 1.000000000000000000e+00
7.027812048365445818e+00 6.688192639826358310e-02 1.273749290191916295e+00 1.000000000000000000e+00
7.042125311193073500e+00 2.229427784949768870e-02 1.282811139122158606e+00 1.000000000000000000e+00
7.056438574020702070e+00 -2.229427784949286964e-02 1.291820790693917198e+00 1.000000000000000000e+00
7.070751836848330640e+00 -6.688192639826187613e-02 1.300777878306062618e+00 1.000000000000000000e+00
7.085065099675958322e+00 -1.114668535332655891e-01 1.309682037496282092e+00 1.000000000000000000e+00
7.099378362503586892e+00 -1.560472451017033968e-01 1.318532905955913215e+00 1.000000000000000000e+00
7.113691625331214574e+00 -2.006212871353230121e-01 1.327330123544682383e+00 1.000000000000000000e+00
7.128004888158843144e+00 -2.451871659242336743e-01 1.336073332305361294e+00 1.000000000000000000e+00
7.142318150986470826e+00 -2.897430680907054357e-01 1.344762176478331295e+00 1.000000000000000000e+00
7.156631413814099396e+00 -3.342871806629555409e-01 1.353396302516058469e+00 1.000000000000000000e+00
7.170944676641727966e+00 -3.788176911489206100e-01 1.361975359097481686e+00 1.000000000000000000e+00
7.185257939469355648e+00 -4.233327876099947096e-01 1.370498997142303610e+00 1.000000000000000000e+00
7.199571202296984218e+00 -4.678306587347750289e-01 1.378966869825200003e+00 1.000000000000000000e+00
7.213884465124611900e+00 -5.123094939127513792e-01 1.387378632589927774e+00 1.000000000000000000e+00
7.228197727952240470e+00 -5.567674833079832020e-01 1.395733943163347091e+00 1.000000000000000000e+00
7.242510990779869040e+00 -6.012028179327439936e-01 1.404032461569348689e+00 1.000000000000000000e+00
7.256824253607496722e+00 -6.456136897211136594e-01 1.412273850142683473e+00 1.000000000000000000e+00
7.271137516435125292e+00 -6.899982916025823032e-01 1.420457773542709745e+00 1.000000000000000000e+00
7.285450779262752974e+00 -7.343548175755357788e-01 1.428583898767029181e+00 1.000000000000000000e+00
7.299764042090381544e+00 -7.786814627807766565e-01 1.436651895165043769e+00 1.000000000000000000e+00
7.314077304918009226e+00 -8.229764235749470469e-01 1.444661434451405935e+00 1.000000000000000000e+00
7.328390567745637796e+00 -8.672378976039228915e-01 1.452612190719378304e+00 1.000000000000000000e+00
7.342703830573266366e+00 -9.114640838761527419e-01 1.460503840454093982e+00 1.000000000000000000e+00
7.357017093400894048e+00 -9.556531828359265957e-01 1.468336062545718912e+00 1.000000000000000000e+00
7.371330356228522618e+00 -9.998033964366308535e-01 1.476108538302522755e+00 1.000000000000000000e+00
7.385643619056150300e+00 -1.043912928213869717e+00 1.483820951463839410e+00 1.000000000000000000e+00
7.399956881883778870e+00 -1.087979983358595915e+00 1.491472988212941386e+00 1.000000000000000000e+00
7.414270144711406552e+00 -1.132002768790125291e+00 1.499064337189805807e+00 1.000000000000000000e+00
7.428583407539035122e+00 -1.175979493229100337e+00 1.506594689503784945e+00 1.000000000000000000e+00
7.442896670366663692e+00 -1.219908367270381211e+00 1.514063738746174392e+00 1.000000000000000000e+00
7.457209933194291374e+00 -1.263787603455839070e+00 1.521471181002679973e+00 1.000000000000000000e+00
7.471523196021919944e+00 -1.307615416347122972e+00 1.528816714865786963e+00 1.000000000000000000e+00
7.485836458849547626e+00 -1.351390022598263796e+00 1.536100041447020059e+00 1.000000000000000000e+00
7.500149721677176196e+00 -1.395109641028275504e+00 1.543320864389108538e+00 1.000000000000000000e+00
7.514462984504804766e+00 -1.438772492693615179e+00 1.550478889878043498e+00 1.000000000000000000e+00
7.528776247332432447e+00 -1.482376800960557794e+00 1.557573826655032079e+00 1.000000000000000000e+00
7.543089510160061018e+00 -1.525920791577520363e+00 1.564605386028352862e+00 1.000000000000000000e+00
7.557402772987688699e+00 -1.569402692747212891e+00 1.571573281885096263e+00 1.000000000000000000e+00
7.571716035815317269e+00 -1.612820735198766897e+00 1.578477230702812317e+00 1.000000000000000000e+00
7.586029298642944951e+00 -1.656173152259708736e+00 1.585316951561043908e+00 1.000000000000000000e+00
7.600342561470573521e+00 -1.699458179927853196e+00 1.592092166152758947e+00 1.000000000000000000e+00
7.614655824298202091e+00 -1.742674056943078309e+00 1.598802598795673102e+00 1.000000000000000000e+00
7.628969087125829773e+00 -1.785819024858978921e+00 1.605447976443467262e+00 1.000000000000000000e+00
7.643282349953458343e+00 -1.828891328114449877e+00 1.612028028696901316e+00 1.000000000000000000e+00
7.657595612781086025e+00 -1.871889214105076471e+00 1.618542487814811359e+00 1.000000000000000000e+00
7.671908875608714595e+00 -1.914810933254481151e+00 1.624991088725007415e+00 1.000000000000000000e+00
7.686222138436343165e+00 -1.957654739085502804e+00 1.631373569035059479e+00 1.000000000000000000e+00
7.700535401263970847e+00 -2.000418888291246144e+00 1.637689669042969864e+00 1.000000000000000000e+00
7.714848664091599417e+00 -2.043101640806052277e+00 1.643939131747748084e+00 1.000000000000000000e+00
7.729161926919227099e+00 -2.085701259876254099e+00 1.650121702859859152e+00 1.000000000000000000e+00
7.743475189746855669e+00 -2.128216012130894619e+00 1.656237130811579750e+00 1.000000000000000000e+00
7.757788452574483351e+00 -2.170644167652210133e+00 1.662285166767226041e+00 1.000000000000000000e+00
7.772101715402111921e+00 -2.212984000046056554e+00 1.668265564633284459e+00 1.000000000000000000e+00
7.786414978229740491e+00 -2.255233786512141236e+00 1.674178081068423696e+00 1.000000000000000000e+00
7.800728241057368173e+00 -2.297391807914112238e+00 1.680022475493393674e+00 1.000000000000000000e+00
7.815041503884996743e+00 -2.339456348849542344e+00 1.685798510100819936e+00 1.000000000000000000e+00
7.829354766712624425e+00 -2.381425697719686596e+00 1.691505949864873903e+00 1.000000000000000000e+00
7.843668029540252995e+00 -2.423298146799169217e+00 1.697144562550842339e+00 1.000000000000000000e+00
7.857981292367881565e+00 -2.465071992305431170e+00 1.702714118724570236e+00 1.000000000000000000e+00
7.872294555195509247e+00 -2.506745534468084902e+00 1.708214391761802009e+00 1.000000000000000000e+00
7.886607818023137817e+00 -2.548317077598070135e+00 1.713645157857400125e+00 1.000000000000000000e+00
7.900921080850765499e+00 -2.589784930156637355e+00 1.719006196034451595e+00 1.000000000000000000e+00
7.915234343678394069e+00 -2.631147404824207392e+00 1.724297288153261887e+00 1.000000000000000000e+00
7.929547606506021751e+00 -2.672402818568986760e+00 1.729518218920226502e+00 1.000000000000000000e+00
7.943860869333650321e+00 -2.713549492715493727e+00 1.734668775896597070e+00 1.000000000000000000e+00
7.958174132161278891e+00 -2.754585753012826377e+00 1.739748749507119774e+00 1.000000000000000000e+00
7.972487394988906573e+00 -2.795509929702801433e+00 1.744757933048565635e+00 1.000000000000000000e+00
7.986800657816535143e+00 -2.836320357587913676e+00 1.749696122698143563e+00 1.000000000000000000e+00
8.001113920644163713e+00 -2.877015376099059552e+00 1.754563117521788396e+00 1.000000000000000000e+00
8.015427183471791395e+00 -2.917593329363131538e+00 1.759358719482341904e+00 1.000000000000000000e+00
8.029740446299419077e+00 -2.958052566270385597e+00 1.764082733447607243e+00 1.000000000000000000e+00
8.044053709127048535e+00 -2.998391440541626096e+00 1.768734967198292152e+00 1.000000000000000000e+00
8.058366971954676217e+00 -3.038608310795183787e+00 1.773315231435826922e+00 1.000000000000000000e+00
8.072680234782303899e+00 -3.078701540613717924e+00 1.777823339790069346e+00 1.000000000000000000e+00
8.086993497609931580e+00 -3.118669498610800783e+00 1.782259108826887983e+00 1.000000000000000000e+00
8.101306760437561039e+00 -3.158510558497285903e+00 1.786622358055625304e+00 1.000000000000000000e+00
8.115620023265188721e+00 -3.198223099147483595e+00 1.790912909936440034e+00 1.000000000000000000e+00
8.129933286092816402e+00 -3.237805504665138390e+00 1.795130589887535599e+00 1.000000000000000000e+00
8.144246548920445861e+00 -3.277256164449168896e+00 1.799275226292260665e+00 1.000000000000000000e+00
8.158559811748073543e+00 -3.316573473259197602e+00 1.803346650506091553e+00 1.000000000000000000e+00
8.172873074575701224e+00 -3.355755831280878621e+00 1.807344696863496969e+00 1.000000000000000000e+00
8.187186337403328906e+00 -3.394801644190996281e+00 1.811269202684677948e+00 1.000000000000000000e+00
8.201499600230958364e+00 -3.433709323222325693e+00 1.815120008282186337e+00 1.000000000000000000e+00
8.215812863058586046e+00 -3.472477285228279698e+00 1.818896956967422707e+00 1.000000000000000000e+00
8.230126125886213728e+00 -3.511103952747338663e+00 1.822599895057012587e+00 1.000000000000000000e+00
8.244439388713843186e+00 -3.549587754067234702e+00 1.826228671879060572e+00 1.000000000000000000e+00
8.258752651541470868e+00 -3.587927123288887188e+00 1.829783139779278089e+00 1.000000000000000000e+00
8.273065914369098550e+00 -3.626120500390140666e+00 1.833263154126995031e+00 1.000000000000000000e+00
8.287379177196726232e+00 -3.664166331289237633e+00 1.836668573321043274e+00 1.000000000000000000e+00
8.301692440024355690e+00 -3.702063067908045291e+00 1.839999258795517179e+00 1.000000000000000000e+00
8.316005702851983372e+00 -3.739809168235043391e+00 1.843255075025414191e+00 1.000000000000000000e+00
8.330318965679611054e+00 -3.777403096388085135e+00 1.846435889532146435e+00 1.000000000000000000e+00
8.344632228507240512e+00 -3.814843322676882309e+00 1.849541572888935281e+00 1.000000000000000000e+00
8.358945491334868194e+00 -3.852128323665240384e+00 1.852571998726072922e+00 1.000000000000000000e+00
8.373258754162495876e+00 -3.889256582233060477e+00 1.855527043736067583e+00 1.000000000000000000e+00
8.387572016990125334e+00 -3.926226587638073973e+00 1.858406587678661515e+00 1.000000000000000000e+00
8.401885279817753016e+00 -3.963036835577282258e+00 1.861210513385718857e+00 1.000000000000000000e+00
8.416198542645380698e+00 -3.999685828248213060e+00 1.863938706765999598e+00 1.000000000000000000e+00
8.430511805473008380e+00 -4.036172074409830834e+00 1.866591056809796978e+00 1.000000000000000000e+00
8.444825068300637838e+00 -4.072494089443232212e+00 1.869167455593456983e+00 1.000000000000000000e+00
8.459138331128265520e+00 -4.108650395412039913e+00 1.871667798283767725e+00 1.000000000000000000e+00
8.473451593955893202e+00 -4.144639521122557291e+00 1.874091983142227802e+00 1.000000000000000000e+00
8.487764856783522660e+00 -4.180460002183629342e+00 1.876439911529183879e+00 1.000000000000000000e+00
8.502078119611150342e+00 -4.216110381066199508e+00 1.878711487907843924e+00 1.000000000000000000e+00
8.516391382438778024e+00 -4.251589207162663087e+00 1.880906619848167871e+00 1.000000000000000000e+00
8.530704645266405706e+00 -4.286895036845855600e+00 1.883025218030624393e+00 1.000000000000000000e+00
8.545017908094035164e+00 -4.322026433527811129e+00 1.885067196249828658e+00 1.000000000000000000e+00
8.559331170921662846e+00 -4.356981967718204452e+00 1.887032471418047086e+00 1.000000000000000000e+00
8.573644433749290528e+00 -4.391760217082525841e+00 1.888920963568580857e+00 1.000000000000000000e+00
8.587957696576919986e+00 -4.426359766499968984e+00 1.890732595859018428e+00 1.000000000000000000e+00
8.602270959404547668e+00 -4.460779208120969841e+00 1.892467294574361691e+00 1.000000000000000000e+00
8.616584222232175350e+00 -4.495017141424542118e+00 1.894124989130026693e+00 1.000000000000000000e+00
8.630897485059803032e+00 -4.529072173275229041e+00 1.895705612074715329e+00 1.000000000000000000e+00
8.645210747887432490e+00 -4.562942917979808222e+00 1.897209099093159379e+00 1.000000000000000000e+00
8.659524010715060172e+00 -4.596627997343659899e+00 1.898635389008737073e+00 1.000000000000000000e+00
8.673837273542687853e+00 -4.630126040726858960e+00 1.899984423785964660e+00 1.000000000000000000e+00
8.688150536370317312e+00 -4.663435685099951655e+00 1.901256148532855406e+00 1.000000000000000000e+00
8.702463799197944994e+00 -4.696555575099382374e+00 1.902450511503153807e+00 1.000000000000000000e+00
8.716777062025572675e+00 -4.729484363082691267e+00 1.903567464098442352e+00 1.000000000000000000e+00
8.731090324853202134e+00 -4.762220709183318412e+00 1.904606960870116605e+00 1.000000000000000000e+00
8.745403587680829816e+00 -4.794763281365116647e+00 1.905568959521237282e+00 1.000000000000000000e+00
8.759716850508457497e+00 -4.827110755476584636e+00 1.906453420908249097e+00 1.000000000000000000e+00
8.774030113336085179e+00 -4.859261815304717125e+00 1.907260309042574598e+00 1.000000000000000000e+00
8.788343376163714638e+00 -4.891215152628578089e+00 1.907989591092078330e+00 1.000000000000000000e+00
8.802656638991342319e+00 -4.922969467272509725e+00 1.908641237382402434e+00 1.000000000000000000e+00
8.816969901818970001e+00 -4.954523467159072325e+00 1.909215221398174567e+00 1.000000000000000000e+00
8.831283164646599460e+00 -4.985875868361586249e+00 1.909711519784086819e+00 1.000000000000000000e+00
8.845596427474227141e+00 -5.017025395156383460e+00 1.910130112345845399e+00 1.000000000000000000e+00
8.859909690301854823e+00 -5.047970780074729547e+00 1.910470982050992861e+00 1.000000000000000000e+00
8.874222953129482505e+00 -5.078710763954379814e+00 1.910734115029601554e+00 1.000000000000000000e+00
8.888536215957111963e+00 -5.109244095990832513e+00 1.910919500574836505e+00 1.000000000000000000e+00
8.902849478784739645e+00 -5.139569533788195699e+00 1.911027131143393287e+00 1.000000000000000000e+00
8.917162741612367327e+00 -5.169685843409764558e+00 1.911057002355802670e+00 1.000000000000000000e+00
8.931476004439996785e+00 -5.199591799428236349e+00 1.911009112996610471e+00 1.000000000000000000e+00
8.945789267267624467e+00 -5.229286184975532770e+00 1.910883465014426186e+00 1.000000000000000000e+00
8.960102530095252149e+00 -5.258767791792362978e+00 1.910680063521844163e+00 1.000000000000000000e+00
8.974415792922879831e+00 -5.288035420277354959e+00 1.910398916795234880e+00 1.000000000000000000e+00
8.988729055750509289e+00 -5.317087879535884021e+00 1.910040036274408992e+00 1.000000000000000000e+00
9.003042318578136971e+00 -5.345923987428514046e+00 1.909603436562151701e+00 1.000000000000000000e+00
9.017355581405764653e+00 -5.374542570619111004e+00 1.909089135423628125e+00 1.000000000000000000e+00
9.031668844233394111e+00 -5.402942464622588759e+00 1.908497153785660094e+00 1.000000000000000000e+00
9.045982107061021793e+00 -5.431122513852279177e+00 1.907827515735876611e+00 1.000000000000000000e+00
9.060295369888649475e+00 -5.459081571666954957e+00 1.907080248521731303e+00 1.000000000000000000e+00
9.074608632716278933e+00 -5.486818500417504296e+00 1.906255382549394639e+00 1.000000000000000000e+00
9.088921895543906615e+00 -5.514332171493193435e+00 1.905352951382517590e+00 1.000000000000000000e+00
9.103235158371534297e+00 -5.541621465367613908e+00 1.904372991740864496e+00 1.000000000000000000e+00
9.117548421199161979e+00 -5.568685271644217671e+00 1.903315543498820261e+00 1.000000000000000000e+00
9.131861684026791437e+00 -5.595522489101516506e+00 1.902180649683766767e+00 1.000000000000000000e+00
9.146174946854419119e+00 -5.622132025737876404e+00 1.900968356474332710e+00 1.000000000000000000e+00
9.160488209682046801e+00 -5.648512798815947811e+00 1.899678713198514668e+00 1.000000000000000000e+00
9.174801472509676259e+00 -5.674663734906745916e+00 1.898311772331669367e+00 1.000000000000000000e+00
9.189114735337303941e+00 -5.700583769933299294e+00 1.896867589494379391e+00 1.000000000000000000e+00
9.203427998164931623e+00 -5.726271849213968146e+00 1.895346223450188328e+00 1.000000000000000000e+00
9.217741260992559305e+00 -5.751726927505341536e+00 1.893747736103212453e+00 1.000000000000000000e+00
9.232054523820188763e+00 -5.776947969044791797e+00 1.892072192495618754e+00 1.000000000000000000e+00
9.246367786647816445e+00 -5.801933947592593732e+00 1.890319660804980595e+00 1.000000000000000000e+00
9.260681049475444127e+00 -5.826683846473692974e+00 1.888490212341502827e+00 1.000000000000000000e+00
9.274994312303073585e+00 -5.851196658619083557e+00 1.886583921545119891e+00 1.000000000000000000e+00
9.289307575130701267e+00 -5.875471386606770707e+00 1.884600865982467344e+00 1.000000000000000000e+00
9.303620837958328949e+00 -5.899507042702365922e+00 1.882541126343725280e+00 1.000000000000000000e+00
9.317934100785956630e+00 -5.923302648899268164e+00 1.880404786439335840e+00 1.000000000000000000e+00
9.332247363613586089e+00 -5.946857236958472015e+00 1.878191933196591723e+00 1.000000000000000000e+00
9.346560626441213770e+00 -5.970169848447951289e+00 1.875902656656100564e+00 1.000000000000000000e+00
9.360873889268841452e+00 -5.993239534781660716e+00 1.873537049968120094e+00 1.000000000000000000e+00
9.375187152096470911e+00 -6.016065357258150392e+00 1.871095209388767833e+00 1.000000000000000000e+00
9.389500414924098592e+00 -6.038646387098733470e+00 1.868577234276105559e+00 1.000000000000000000e+00
9.403813677751726274e+00 -6.060981705485295912e+00 1.865983227086095653e+00 1.000000000000000000e+00
9.418126940579353956e+00 -6.083070403597681697e+00 1.863313293368432211e+00 1.000000000000000000e+00
9.432440203406983414e+00 -6.104911582650674795e+00 1.860567541762245813e+00 1.000000000000000000e+00
9.446753466234611096e+00 -6.126504353930555702e+00 1.857746083991683950e+00 1.000000000000000000e+00
9.461066729062238778e+00 -6.147847838831276057e+00 1.854849034861365098e+00 1.000000000000000000e+00
9.475379991889868236e+00 -6.168941168890214932e+00 1.851876512251705797e+00 1.000000000000000000e+00
9.489693254717495918e+00 -6.189783485823495468e+00 1.848828637114125373e+00 1.000000000000000000e+00
9.504006517545123600e+00 -6.210373941560924926e+00 1.845705533466124981e+00 1.000000000000000000e+00
9.518319780372753058e+00 -6.230711698280506639e+00 1.842507328386239429e+00 1.000000000000000000e+00
9.532633043200380740e+00 -6.250795928442505200e+00 1.839234152008868639e+00 1.000000000000000000e+00
9.546946306028008422e+00 -6.270625814823152844e+00 1.835886137518980332e+00 1.000000000000000000e+00
9.561259568855636104e+00 -6.290200550547872638e+00 1.832463421146692584e+00 1.000000000000000000e+00
9.575572831683265562e+00 -6.309519339124135762e+00 1.828966142161728925e+00 1.000000000000000000e+00
9.589886094510893244e+00 -6.328581394473846267e+00 1.825394442867753320e+00 1.000000000000000000e+00
9.604199357338520926e+00 -6.347385940965337703e+00 1.821748468596579684e+00 1.000000000000000000e+00
9.618512620166150384e+00 -6.365932213444942533e+00 1.818028367702254622e+00 1.000000000000000000e+00
9.632825882993778066e+00 -6.384219457268109466e+00 1.814234291555027800e+00 1.000000000000000000e+00
9.647139145821405748e+00 -6.402246928330121101e+00 1.810366394535185774e+00 1.000000000000000000e+00
9.661452408649033430e+00 -6.420013893096366608e+00 1.806424834026775228e+00 1.000000000000000000e+00
9.675765671476662888e+00 -6.437519628632191626e+00 1.802409770411195877e+00 1.000000000000000000e+00
9.690078934304290570e+00 -6.454763422632311176e+00 1.798321367060676357e+00 1.000000000000000000e+00
9.704392197131918252e+00 -6.471744573449790039e+00 1.794159790331627757e+00 1.000000000000000000e+00
9.718705459959547710e+00 -6.488462390124613677e+00 1.789925209557869490e+00 1.000000000000000000e+00
9.733018722787175392e+00 -6.504916192411767994e+00 1.785617797043746569e+00 1.000000000000000000e+00
9.747331985614803074e+00 -6.521105310808950506e+00 1.781237728057110781e+00 1.000000000000000000e+00
9.761645248442430756e+00 -6.537029086583794779e+00 1.776785180822196830e+00 1.000000000000000000e+00
9.775958511270060214e+00 -6.552686871800680990e+00 1.772260336512363477e+00 1.000000000000000000e+00
9.790271774097687896e+00 -6.568078029347095281e+00 1.767663379242725652e+00 1.000000000000000000e+00
9.804585036925315578e+00 -6.583201932959555691e+00 1.762994496062663341e+00 1.000000000000000000e+00
9.818898299752945036e+00 -6.598057967249099320e+00 1.758253876948206118e+00 1.000000000000000000e+00
9.833211562580572718e+00 -6.612645527726317418e+00 1.753441714794309547e+00 1.000000000000000000e+00
9.847524825408200400e+00 -6.626964020825954371e+00 1.748558205406998800e+00 1.000000000000000000e+00
9.861838088235829858e+00 -6.641012863931055499e+00 1.743603547495409245e+00 1.000000000000000000e+00
9.876151351063457540e+00 -6.654791485396676975e+00 1.738577942663695586e+00 1.000000000000000000e+00
9.890464613891085222e+00 -6.668299324573150777e+00 1.733481595402828646e+00 1.000000000000000000e+00
9.904777876718712903e+00 -6.681535831828882444e+00 1.728314713082279352e+00 1.000000000000000000e+00
9.919091139546342362e+00 -6.694500468572739393e+00 1.723077505941573939e+00 1.000000000000000000e+00
9.933404402373970044e+00 -6.707192707275937416e+00 1.717770187081747224e+00 1.000000000000000000e+00
9.947717665201597725e+00 -6.719612031493531923e+00 1.712392972456663331e+00 1.000000000000000000e+00
9.962030928029227184e+00 -6.731757935885414490e+00 1.706946080864236270e+00 1.000000000000000000e+00
9.976344190856854866e+00 -6.743629926236880401e+00 1.701429733937521949e+00 1.000000000000000000e+00
9.990657453684482547e+00 -6.755227519478745890e+00 1.695844156135700942e+00 1.000000000000000000e+00
1.000497071651211023e+01 -6.766550243706985768e+00 1.690189574734947797e+00 1.000000000000000000e+00
1.001928397933973969e+01 -6.777597638201957153e+00 1.684466219819178656e+00 1.000000000000000000e+00
1.003359724216736737e+01 -6.788369253447130269e+00 1.678674324270694740e+00 1.000000000000000000e+00
1.004791050499499505e+01 -6.798864651147384031e+00 1.672814123760700600e+00 1.000000000000000000e+00
1.006222376782262451e+01 -6.809083404246843330e+00 1.666885856739720007e+00 1.000000000000000000e+00
1.007653703065025219e+01 -6.819025096946246478e+00 1.660889764427890825e+00 1.000000000000000000e+00
1.009085029347787987e+01 -6.828689324719880105e+00 1.654826090805147309e+00 1.000000000000000000e+00
1.010516355630550756e+01 -6.838075694332019339e+00 1.648695082601299156e+00 1.000000000000000000e+00
1.011947681913313701e+01 -6.847183823852948770e+00 1.642496989285984643e+00 1.000000000000000000e+00
1.013379008196076470e+01 -6.856013342674486033e+00 1.636232063058526975e+00 1.000000000000000000e+00
1.014810334478839238e+01 -6.864563891525071071e+00 1.629900558837665159e+00 1.000000000000000000e+00
1.016241660761602184e+01 -6.872835122484384662e+00 1.623502734251187407e+00 1.000000000000000000e+00
1.017672987044364952e+01 -6.880826698997497104e+00 1.617038849625446195e+00 1.000000000000000000e+00
1.019104313327127720e+01 -6.888538295888577245e+00 1.610509167974762290e+00 1.000000000000000000e+00
1.020535639609890488e+01 -6.895969599374106807e+00 1.603913954990729751e+00 1.000000000000000000e+00
1.021966965892653434e+01 -6.903120307075663042e+00 1.597253479031397250e+00 1.000000000000000000e+00
1.023398292175416202e+01 -6.909990128032212908e+00 1.590528011110355910e+00 1.000000000000000000e+00
1.024829618458178970e+01 -6.916578782711956919e+00 1.583737824885704804e+00 1.000000000000000000e+00
1.026260944740941916e+01 -6.922886003023700496e+00 1.576883196648922070e+00 1.000000000000000000e+00
1.027692271023704684e+01 -6.928911532327763467e+00 1.569964405313619693e+00 1.000000000000000000e+00
1.029123597306467452e+01 -6.934655125446423263e+00 1.562981732404192359e+00 1.000000000000000000e+00
1.030554923589230398e+01 -6.940116548673892716e+00 1.555935462044367057e+00 1.000000000000000000e+00
1.031986249871993166e+01 -6.945295579785825346e+00 1.548825880945640554e+00 1.000000000000000000e+00
1.033417576154755935e+01 -6.950192008048360570e+00 1.541653278395608506e+00 1.000000000000000000e+00
1.034848902437518703e+01 -6.954805634226697286e+00 1.534417946246203091e+00 1.000000000000000000e+00
1.036280228720281649e+01 -6.959136270593203832e+00 1.527120178901808289e+00 1.000000000000000000e+00
1.037711555003044417e+01 -6.963183740935050103e+00 1.519760273307289244e+00 1.000000000000000000e+00
1.039142881285807185e+01 -6.966947880561384032e+00 1.512338528935901927e+00 1.000000000000000000e+00
1.040574207568570131e+01 -6.970428536310030232e+00 1.504855247777113547e+00 1.000000000000000000e+00
1.042005533851332899e+01 -6.973625566553720567e+00 1.497310734324312609e+00 1.000000000000000000e+00
1.043436860134095667e+01 -6.976538841205858432e+00 1.489705295562415710e+00 1.000000000000000000e+00
1.044868186416858435e+01 -6.979168241725817623e+00 1.482039240955383974e+00 1.000000000000000000e+00
1.046299512699621381e+01 -6.981513661123751824e+00 1.474312882433622018e+00 1.000000000000000000e+00
1.047730838982384149e+01 -6.983575003964960892e+00 1.466526534381294100e+00 1.000000000000000000e+00
1.049162165265146918e+01 -6.985352186373770422e+00 1.458680513623524355e+00 1.000000000000000000e+00
1.050593491547909863e+01 -6.986845136036940573e+00 1.450775139413511328e+00 1.000000000000000000e+00
1.052024817830672632e+01 -6.988053792206615711e+00 1.442810733419535252e+00 1.000000000000000000e+00
1.053456144113435400e+01 -6.988978105702788213e+00 1.434787619711865858e+00 1.000000000000000000e+00
1.054887470396198168e+01 -6.989618038915305753e+00 1.426706124749583804e+00 1.000000000000000000e+00
1.056318796678961114e+01 -6.989973565805399858e+00 1.418566577367288639e+00 1.000000000000000000e+00
1.057750122961723882e+01 -6.990044671906741058e+00 1.410369308761726392e+00 1.000000000000000000e+00
1.059181449244486650e+01 -6.989831354326040191e+00 1.402114652478305690e+00 1.000000000000000000e+00
1.060612775527249596e+01 -6.989333621743145208e+00 1.393802944397532162e+00 1.000000000000000000e+00
1.062044101810012364e+01 -6.988551494410713438e+00 1.385434522721339601e+00 1.000000000000000000e+00
1.063475428092775132e+01 -6.987485004153362489e+00 1.377009727959324525e+00 1.000000000000000000e+00
1.064906754375538078e+01 -6.986134194366396599e+00 1.368528902914897483e+00 1.000000000000000000e+00
1.066338080658300846e+01 -6.984499120014024953e+00 1.359992392671331762e+00 1.000000000000000000e+00
1.067769406941063615e+01 -6.982579847627133240e+00 1.351400544577718854e+00 1.000000000000000000e+00
1.069200733223826383e+01 -6.980376455300578264e+00 1.342753708234837751e+00 1.000000000000000000e+00
1.070632059506589329e+01 -6.977889032690002047e+00 1.334052235480931659e+00 1.000000000000000000e+00
1.072063385789352097e+01 -6.975117681008190296e+00 1.325296480377390340e+00 1.000000000000000000e+00
1.073494712072114865e+01 -6.972062513020953922e+00 1.316486799194338309e+00 1.000000000000000000e+00
1.074926038354877811e+01 -6.968723653042540711e+00 1.307623550396147305e+00 1.000000000000000000e+00
1.076357364637640579e+01 -6.965101236930570927e+00 1.298707094626844860e+00 1.000000000000000000e+00
1.077788690920403347e+01 -6.961195412080516398e+00 1.289737794695439366e+00 1.000000000000000000e+00
1.079220017203166115e+01 -6.957006337419695541e+00 1.280716015561157661e+00 1.000000000000000000e+00
1.080651343485929061e+01 -6.952534183400821632e+00 1.271642124318599354e+00 1.000000000000000000e+00
1.082082669768691829e+01 -6.947779131995050150e+00 1.262516490182796547e+00 1.000000000000000000e+00
1.083513996051454598e+01 -6.942741376684578469e+00 1.253339484474186527e+00 1.000000000000000000e+00
1.084945322334217543e+01 -6.937421122454783706e+00 1.244111480603510289e+00 1.000000000000000000e+00
1.086376648616980312e+01 -6.931818585785868514e+00 1.234832854056615581e+00 1.000000000000000000e+00
1.087807974899743080e+01 -6.925933994644059233e+00 1.225503982379174905e+00 1.000000000000000000e+00
1.089239301182505848e+01 -6.919767588472329756e+00 1.216125245161326696e+00 1.000000000000000000e+00
1.090670627465268794e+01 -6.913319618180656434e+00 1.206697024022231668e+00 1.000000000000000000e+00
1.092101953748031562e+01 -6.906590346135811131e+00 1.197219702594542357e+00 1.000000000000000000e+00
1.093533280030794330e+01 -6.899580046150684431e+00 1.187693666508790047e+00 1.000000000000000000e+00
1.094964606313557276e+01 -6.892289003473140774e+00 1.178119303377699989e+00 1.000000000000000000e+00
1.096395932596320044e+01 -6.884717514774421510e+00 1.168497002780417349e+00 1.000000000000000000e+00
1.097827258879082812e+01 -6.876865888137062122e+00 1.158827156246650558e+00 1.000000000000000000e+00
1.099258585161845758e+01 -6.868734443042360027e+00 1.149110157240743613e+00 1.000000000000000000e+00
1.100689911444608526e+01 -6.860323510357382304e+00 1.139346401145673537e+00 1.000000000000000000e+00
1.102121237727371295e+01 -6.851633432321492023e+00 1.129536285246947047e+00 1.000000000000000000e+00
1.103552564010134063e+01 -6.842664562532426942e+00 1.119680208716444358e+00 1.000000000000000000e+00
1.104983890292897009e+01 -6.833417265931912787e+00 1.109778572596178847e+00 1.000000000000000000e+00
1.106415216575659777e+01 -6.823891918790817357e+00 1.099831779781975216e+00 1.000000000000000000e+00
1.107846542858422545e+01 -6.814088908693829438e+00 1.089840235007073721e+00 1.000000000000000000e+00
1.109277869141185491e+01 -6.804008634523693644e+00 1.079804344825661344e+00 1.000000000000000000e+00
1.110709195423948259e+01 -6.793651506444991384e+00 1.069724517596341906e+00 1.000000000000000000e+00
1.112140521706711027e+01 -6.783017945887428013e+00 1.059601163465500262e+00 1.000000000000000000e+00
1.113571847989473795e+01 -6.772108385528704311e+00 1.049434694350625419e+00 1.000000000000000000e+00
1.115003174272236741e+01 -6.760923269276903014e+00 1.039225523923549499e+00 1.000000000000000000e+00
1.116434500554999509e+01 -6.749463052252426820e+00 1.028974067593614095e+00 1.000000000000000000e+00
1.117865826837762278e+01 -6.737728200769482534e+00 1.018680742490763791e+00 1.000000000000000000e+00
1.119297153120525223e+01 -6.725719192317095363e+00 1.008345967448574410e+00 1.000000000000000000e+00
1.120728479403287992e+01 -6.713436515539704885e+00 9.979701629872211877e-01 1.000000000000000000e+00
1.122159805686050760e+01 -6.700880670217257418e+00 9.875537512963508124e-01 1.000000000000000000e+00
1.123591131968813528e+01 -6.688052167244873836e+00 9.770971562179119330e-01 1.000000000000000000e+00
1.125022458251576474e+01 -6.674951528612075080e+00 9.666008032289115093e-01 1.000000000000000000e+00
1.126453784534339242e+01 -6.661579287381534265e+00 9.560651194240985529e-01 1.000000000000000000e+00
1.127885110817102010e+01 -6.647935987667379365e+00 9.454905334985831411e-01 1.000000000000000000e+00
1.129316437099864956e+01 -6.634022184613062478e+00 9.348774757303944805e-01 1.000000000000000000e+00
1.130747763382627724e+01 -6.619838444368776109e+00 9.242263779629826814e-01 1.000000000000000000e+00
1.132179089665390492e+01 -6.605385344068400499e+00 9.135376735876304943e-01 1.000000000000000000e+00
1.133610415948153261e+01 -6.590663471806030849e+00 9.028117975258277417e-01 1.000000000000000000e+00
1.135041742230916206e+01 -6.575673426612046235e+00 8.920491862115769166e-01 1.000000000000000000e+00
1.136473068513678975e+01 -6.560415818428741552e+00 8.812502775736312799e-01 1.000000000000000000e+00
1.137904394796441743e+01 -6.544891268085488711e+00 8.704155110176712284e-01 1.000000000000000000e+00
1.139335721079204689e+01 -6.529100407273502604e+00 8.595453274084343676e-01 1.000000000000000000e+00
1.140767047361967457e+01 -6.513043878520117680e+00 8.486401690517716423e-01 1.000000000000000000e+00
1.142198373644730225e+01 -6.496722335162648854e+00 8.377004796766471806e-01 1.000000000000000000e+00
1.143629699927493171e+01 -6.480136441321807439e+00 8.267267044170849566e-01 1.000000000000000000e+00
1.145061026210255939e+01 -6.463286871874688977e+00 8.157192897940663823e-01 1.000000000000000000e+00
1.146492352493018707e+01 -6.446174312427290332e+00 8.046786836973437440e-01 1.000000000000000000e+00
1.147923678775781475e+01 -6.428799459286631546e+00 7.936053353672257726e-01 1.000000000000000000e+00
1.149355005058544421e+01 -6.411163019432414956e+00 7.824996953762999308e-01 1.000000000000000000e+00
1.150786331341307189e+01 -6.393265710488264197e+00 7.713622156110960804e-01 1.000000000000000000e+00
1.152217657624069957e+01 -6.375108260692513795e+00 7.601933492536955272e-01 1.000000000000000000e+00
1.153648983906832903e+01 -6.356691408868579529e+00 7.489935507632925482e-01 1.000000000000000000e+00
1.155080310189595671e+01 -6.338015904394918465e+00 7.377632758577145067e-01 1.000000000000000000e+00
1.156511636472358440e+01 -6.319082507174502261e+00 7.265029814948588127e-01 1.000000000000000000e+00
1.157942962755121208e+01 -6.299891987603911225e+00 7.152131258541108982e-01 1.000000000000000000e+00
1.159374289037884154e+01 -6.280445126541998491e+00 7.038941683177027953e-01 1.000000000000000000e+00
1.160805615320646922e+01 -6.260742715278106552e+00 6.925465694520172022e-01 1.000000000000000000e+00
1.162236941603409690e+01 -6.240785555499863690e+00 6.811707909888445878e-01 1.000000000000000000e+00
1.163668267886172636e+01 -6.220574459260566513e+00 6.697672958065963300e-01 1.000000000000000000e+00
1.165099594168935404e+01 -6.200110248946161029e+00 6.583365479114818841e-01 1.000000000000000000e+00
1.166530920451698172e+01 -6.179393757241742335e+00 6.468790124186094559e-01 1.000000000000000000e+00
1.167962246734460940e+01 -6.158425827097688376e+00 6.353951555330712431e-01 1.000000000000000000e+00
1.169393573017223886e+01 -6.137207311695378920e+00 6.238854445309753860e-01 1.000000000000000000e+00
1.170824899299986654e+01 -6.115739074412453569e+00 6.123503477404295126e-01 1.000000000000000000e+00
1.172256225582749423e+01 -6.094021988787693189e+00 6.007903345224815395e-01 1.000000000000000000e+00
1.173687551865512368e+01 -6.072056938485463462e+00 5.892058752520222820e-01 1.000000000000000000e+00
1.175118878148275137e+01 -6.049844817259790730e+00 5.775974412986583095e-01 1.000000000000000000e+00
1.176550204431037905e+01 -6.027386528917956454e+00 5.659655050075118599e-01 1.000000000000000000e+00
1.177981530713800851e+01 -6.004682987283739060e+00 5.543105396800126483e-01 1.000000000000000000e+00
1.179412856996563619e+01 -5.981735116160238341e+00 5.426330195546412716e-01 1.000000000000000000e+00
1.180844183279326387e+01 -5.958543849292277095e+00 5.309334197876289796e-01 1.000000000000000000e+00
1.182275509562089155e+01 -5.935110130328401290e+00 5.192122164336205881e-01 1.000000000000000000e+00
1.183706835844852101e+01 -5.911434912782484119e+00 5.074698864263050835e-01 1.000000000000000000e+00
1.185138162127614869e+01 -5.887519159994959672e+00 4.957069075590215257e-01 1.000000000000000000e+00
1.186569488410377637e+01 -5.863363845093569893e+00 4.839237584652971158e-01 1.000000000000000000e+00
1.188000814693140583e+01 -5.838969950953809551e+00 4.721209185993840429e-01 1.000000000000000000e+00
1.189432140975903351e+01 -5.814338470158918248e+00 4.602988682167516443e-01 1.000000000000000000e+00
1.190863467258666120e+01 -5.789470404959502048e+00 4.484580883545417618e-01 1.000000000000000000e+00
1.192294793541428888e+01 -5.764366767232732336e+00 4.365990608119922900e-01 1.000000000000000000e+00
1.193726119824191834e+01 -5.739028578441184081e+00 4.247222681308341907e-01 1.000000000000000000e+00
1.195157446106954602e+01 -5.713456869591293064e+00 4.128281935756687449e-01 1.000000000000000000e+00
1.196588772389717370e+01 -5.687652681191369020e+00 4.009173211142838533e-01 1.000000000000000000e+00
1.198020098672480316e+01 -5.661617063209268608e+00 3.889901353979727250e-01 1.000000000000000000e+00
1.199451424955243084e+01 -5.635351075029689127e+00 3.770471217418153720e-01 1.000000000000000000e+00
1.200882751238005852e+01 -5.608855785411051009e+00 3.650887661049279642e-01 1.000000000000000000e+00
1.202314077520768620e+01 -5.582132272442002829e+00 3.531155550706857604e-01 1.000000000000000000e+00
1.203745403803531566e+01 -5.555181623497554178e+00 3.411279758269258333e-01 1.000000000000000000e+00
1.205176730086294334e+01 -5.528004935194862135e+00 3.291265161461352506e-01 1.000000000000000000e+00
1.206608056369057103e+01 -5.500603313348562118e+00 3.171116643655835232e-01 1.000000000000000000e+00
1.208039382651820048e+01 -5.472977872925794074e+00 3.050839093674623803e-01 1.000000000000000000e+00
1.209470708934582817e+01 -5.445129738000861863e+00 2.930437405590031741e-01 1.000000000000000000e+00
1.210902035217345585e+01 -5.417060041709444995e+00 2.809916478525429917e-01 1.000000000000000000e+00
1.212333361500108353e+01 -5.388769926202524374e+00 2.689281216456035906e-01 1.000000000000000000e+00
1.213764687782871299e+01 -5.360260542599889710e+00 2.568536528009303654e-01 1.000000000000000000e+00
1.215196014065634067e+01 -5.331533050943337848e+00 2.447687326265329810e-01 1.000000000000000000e+00
1.216627340348396835e+01 -5.302588620149414567e+00 2.326738528556736574e-01 1.000000000000000000e+00
1.218058666631159781e+01 -5.273428427961888154e+00 2.205695056268688337e-01 1.000000000000000000e+00
1.219489992913922549e+01 -5.244053660903838399e+00 2.084561834638742617e-01 1.000000000000000000e+00
1.220921319196685317e+01 -5.214465514229336129e+00 1.963343792556240530e-01 1.000000000000000000e+00
1.222352645479448263e+01 -5.184665191874834989e+00 1.842045862361870179e-01 1.000000000000000000e+00
1.223783971762211031e+01 -5.154653906410187503e+00 1.720672979646984679e-01 1.000000000000000000e+00
1.225215298044973800e+01 -5.124432878989299667e+00 1.599230083052743945e-01 1.000000000000000000e+00
1.226646624327736568e+01 -5.094003339300427591e+00 1.477722114069125181e-01 1.000000000000000000e+00
1.228077950610499514e+01 -5.063366525516157957e+00 1.356154016833873155e-01 1.000000000000000000e+00
1.229509276893262282e+01 -5.032523684243041195e+00 1.234530737931442135e-01 1.000000000000000000e+00
1.230940603176025050e+01 -5.001476070470830315e+00 1.112857226191517057e-01 1.000000000000000000e+00
1.232371929458787996e+01 -4.970224947521435510e+00 9.911384324877649254e-02 1.000000000000000000e+00
1.233803255741550764e+01 -4.938771586997529717e+00 8.693793095364019119e-02 1.000000000000000000e+00
1.235234582024313532e+01 -4.907117268730798010e+00 7.475848116946338939e-02 1.000000000000000000e+00
1.236665908307076300e+01 -4.875263280729850379e+00 6.257598947590313487e-02 1.000000000000000000e+00
1.238097234589839246e+01 -4.843210919127817426e+00 5.039095157638949496e-02 1.000000000000000000e+00
1.239528560872602014e+01 -4.810961488129645858e+00 3.820386327796737591e-02 1.000000000000000000e+00
1.240959887155364783e+01 -4.778516299958972091e+00 2.601522047110191305e-02 1.000000000000000000e+00
1.242391213438127728e+01 -4.745876674804764050e+00 1.382551910951258616e-02 1.000000000000000000e+00
1.243822539720890497e+01 -4.713043940767603246e+00 1.635255189994679233e-03 1.000000000000000000e+00
1.245253866003653265e+01 -4.680019433805639117e+00 -1.055507526776614143e-02 1.000000000000000000e+00
1.246685192286416033e+01 -4.646804497680217416e+00 -2.274497624138017635e-02 1.000000000000000000e+00
1.248116518569178979e+01 -4.613400483901205718e+00 -3.493395172593504600e-02 1.000000000000000000e+00
1.249547844851941747e+01 -4.579808751672040934e+00 -4.712150575416620274e-02 1.000000000000000000e+00
1.250979171134704515e+01 -4.546030667834359384e+00 -5.930714241665804853e-02 1.000000000000000000e+00
1.252410497417467461e+01 -4.512067606812419029e+00 -7.149036588201058973e-02 1.000000000000000000e+00
1.253841823700230229e+01 -4.477920950557168212e+00 -8.367068041701299086e-02 1.000000000000000000e+00
1.255273149982992997e+01 -4.443592088490023073e+00 -9.584759040681828379e-02 1.000000000000000000e+00
1.256704476265755943e+01 -4.409082417446302138e+00 -1.080206003751149335e-01 1.000000000000000000e+00
1.258135802548518711e+01 -4.374393341618423747e+00 -1.201892150042774970e-01 1.000000000000000000e+00
1.259567128831281480e+01 -4.339526272498756221e+00 -1.323529391555261225e-01 1.000000000000000000e+00
1.260998455114044248e+01 -4.304482628822174917e+00 -1.445112778890770000e-01 1.000000000000000000e+00
1.262429781396807194e+01 -4.269263836508339516e+00 -1.566637364842780322e-01 1.000000000000000000e+00
1.263861107679569962e+01 -4.233871328603689754e+00 -1.688098204597354990e-01 1.000000000000000000e+00
1.265292433962332730e+01 -4.198306545223120523e+00 -1.809490355934378902e-01 1.000000000000000000e+00
1.266723760245095676e+01 -4.162570933491370972e+00 -1.930808879428706770e-01 1.000000000000000000e+00
1.268155086527858444e+01 -4.126665947484169372e+00 -2.052048838651046037e-01 1.000000000000000000e+00
1.269586412810621212e+01 -4.090593048169053780e+00 -2.173205300368871717e-01 1.000000000000000000e+00
1.271017739093383980e+01 -4.054353703345917381e+00 -2.294273334747190807e-01 1.000000000000000000e+00
1.272449065376146926e+01 -4.017949387587290033e+00 -2.415248015549102401e-01 1.000000000000000000e+00
1.273880391658909694e+01 -3.981381582178347145e+00 -2.536124420336213769e-01 1.000000000000000000e+00
1.275311717941672462e+01 -3.944651775056633891e+00 -2.656897630668962895e-01 1.000000000000000000e+00
1.276743044224435408e+01 -3.907761460751498994e+00 -2.777562732306807503e-01 1.000000000000000000e+00
1.278174370507198176e+01 -3.870712140323314010e+00 -2.898114815408073253e-01 1.000000000000000000e+00
1.279605696789960945e+01 -3.833505321302383528e+00 -3.018548974729793333e-01 1.000000000000000000e+00
1.281037023072723713e+01 -3.796142517627591584e+00 -3.138860309827331552e-01 1.000000000000000000e+00
1.282468349355486659e+01 -3.758625249584810035e+00 -3.259043925253746199e-01 1.000000000000000000e+00
1.283899675638249427e+01 -3.720955043745048485e+00 -3.379094930758955173e-01 1.000000000000000000e+00
1.285331001921012195e+01 -3.683133432902328419e+00 -3.499008441488749566e-01 1.000000000000000000e+00
1.286762328203775141e+01 -3.645161956011298443e+00 -3.618779578183607959e-01 1.000000000000000000e+00
1.288193654486537909e+01 -3.607042158124645237e+00 -3.738403467377134914e-01 1.000000000000000000e+00
1.289624980769300677e+01 -3.568775590330214076e+00 -3.857875241594408422e-01 1.000000000000000000e+00
1.291056307052063445e+01 -3.530363809687876664e+00 -3.977190039550070888e-01 1.000000000000000000e+00
1.292487633334826391e+01 -3.491808379166192466e+00 -4.096343006346102600e-01 1.000000000000000000e+00
1.293918959617589159e+01 -3.453110867578820020e+00 -4.215329293669330957e-01 1.000000000000000000e+00
1.295350285900351928e+01 -3.414272849520669340e+00 -4.334144059988742081e-01 1.000000000000000000e+00
1.296781612183114873e+01 -3.375295905303818511e+00 -4.452782470752530419e-01 1.000000000000000000e+00
1.298212938465877642e+01 -3.336181620893244659e+00 -4.571239698584718125e-01 1.000000000000000000e+00
1.299644264748640410e+01 -3.296931587842269362e+00 -4.689510923481627902e-01 1.000000000000000000e+00
1.301075591031403356e+01 -3.257547403227790017e+00 -4.807591333008058854e-01 1.000000000000000000e+00
1.302506917314166124e+01 -3.218030669585322023e+00 -4.925476122493004372e-01 1.000000000000000000e+00
1.303938243596928892e+01 -3.178382994843776288e+00 -5.043160495225201823e-01 1.000000000000000000e+00
1.305369569879691660e+01 -3.138605992260024014e+00 -5.160639662648347503e-01 1.000000000000000000e+00
1.306800896162454606e+01 -3.098701280353263421e+00 -5.277908844555899703e-01 1.000000000000000000e+00
1.308232222445217374e+01 -3.058670482839173754e+00 -5.394963269285562024e-01 1.000000000000000000e+00
1.309663548727980142e+01 -3.018515228563834807e+00 -5.511798173913466936e-01 1.000000000000000000e+00
1.311094875010743088e+01 -2.978237151437433283e+00 -5.628408804448031821e-01 1.000000000000000000e+00
1.312526201293505856e+01 -2.937837890367813731e+00 -5.744790416023296542e-01 1.000000000000000000e+00
1.313957527576268625e+01 -2.897319089193771902e+00 -5.860938273092044515e-01 1.000000000000000000e+00
1.315388853859031393e+01 -2.856682396618160258e+00 -5.976847649618517444e-01 1.000000000000000000e+00
1.316820180141794339e+01 -2.815929466140810966e+00 -6.092513829270692627e-01 1.000000000000000000e+00
1.318251506424557107e+01 -2.775061955991265705e+00 -6.207932105612150586e-01 1.000000000000000000e+00
1.319682832707319875e+01 -2.734081529061294091e+00 -6.323097782293612967e-01 1.000000000000000000e+00
1.321114158990082821e+01 -2.692989852837212261e+00 -6.438006173244084085e-01 1.000000000000000000e+00
1.322545485272845589e+01 -2.651788599332067786e+00 -6.552652602861437359e-01 1.000000000000000000e+00
1.323976811555608357e+01 -2.610479445017588773e+00 -6.667032406202697548e-01 1.000000000000000000e+00
1.325408137838371125e+01 -2.569064070755954443e+00 -6.781140929173905540e-01 1.000000000000000000e+00
1.326839464121134071e+01 -2.527544161731418715e+00 -6.894973528719445799e-01 1.000000000000000000e+00
1.328270790403896839e+01 -2.485921407381744164e+00 -7.008525573010950804e-01 1.000000000000000000e+00
1.329702116686659608e+01 -2.444197501329454791e+00 -7.121792441635796944e-01 1.000000000000000000e+00
1.331133442969422553e+01 -2.402374141312899614e+00 -7.234769525785154087e-01 1.000000000000000000e+00
1.332564769252185322e+01 -2.360453029117210999e+00 -7.347452228441420097e-01 1.000000000000000000e+00
1.333996095534948090e+01 -2.318435870505037855e+00 -7.459835964565331157e-01 1.000000000000000000e+00
1.335427421817711036e+01 -2.276324375147126933e+00 -7.571916161282560287e-01 1.000000000000000000e+00
1.336858748100473804e+01 -2.234120256552790895e+00 -7.683688258069686361e-01 1.000000000000000000e+00
1.338290074383236572e+01 -2.191825232000142787e+00 -7.795147706939880017e-01 1.000000000000000000e+00
1.339721400665999340e+01 -2.149441022466267004e+00 -7.906289972627836837e-01 1.000000000000000000e+00
1.341152726948762286e+01 -2.106969352557145569e+00 -8.017110532774445186e-01 1.000000000000000000e+00
1.342584053231525054e+01 -2.064411950437524901e+00 -8.127604878110689102e-01 1.000000000000000000e+00
1.344015379514287822e+01 -2.021770547760580072e+00 -8.237768512641171492e-01 1.000000000000000000e+00
1.345446705797050768e+01 -1.979046879597436526e+00 -8.347596953827109978e-01 1.000000000000000000e+00
1.346878032079813536e+01 -1.936242684366611178e+00 -8.457085732768615527e-01 1.000000000000000000e+00
1.348309358362576305e+01 -1.893359703763229485e+00 -8.566230394386658009e-01 1.000000000000000000e+00
1.349740684645339073e+01 -1.850399682688203651e+00 -8.675026497604220177e-01 1.000000000000000000e+00
1.351172010928102019e+01 -1.807364369177184127e+00 -8.783469615527125240e-01 1.000000000000000000e+00
1.352603337210864787e+01 -1.764255514329477581e+00 -8.891555335624058420e-01 1.000000000000000000e+00
1.354034663493627555e+01 -1.721074872236772135e+00 -8.999279259906163286e-01 1.000000000000000000e+00
1.355465989776390501e+01 -1.677824199911750025e+00 -9.106637005106029692e-01 1.000000000000000000e+00
1.356897316059153269e+01 -1.634505257216634089e+00 -9.213624202855956735e-01 1.000000000000000000e+00
1.358328642341916037e+01 -1.591119806791533531e+00 -9.320236499865807156e-01 1.000000000000000000e+00
1.359759968624678805e+01 -1.547669613982768588e+00 -9.426469558100035728e-01 1.000000000000000000e+00
1.361191294907441751e+01 -1.504156446770991362e+00 -9.532319054954310200e-01 1.000000000000000000e+00
1.362622621190204519e+01 -1.460582075699289994e+00 -9.637780683431298456e-01 1.000000000000000000e+00
1.364053947472967288e+01 -1.416948273801126534e+00 -9.742850152315968293e-01 1.000000000000000000e+00
1.365485273755730233e+01 -1.373256816528175106e+00 -9.847523186350232161e-01 1.000000000000000000e+00
1.366916600038493002e+01 -1.329509481678121219e+00 -9.951795526406810311e-01 1.000000000000000000e+00
1.368347926321255770e+01 -1.285708049322273006e+00 -1.005566292966264985e+00 1.000000000000000000e+00
1.369779252604018716e+01 -1.241854301733177346e+00 -1.015912116977145230e+00 1.000000000000000000e+00
1.371210578886781484e+01 -1.197950023312077228e+00 -1.026216603703570707e+00 1.000000000000000000e+00
1.372641905169544252e+01 -1.153997000516287841e+00 -1.036479333857800667e+00 1.000000000000000000e+00
1.374073231452307020e+01 -1.109997021786550242e+00 -1.046699889851156806e+00 1.000000000000000000e+00
1.375504557735069966e+01 -1.065951877474207610e+00 -1.056877855811025224e+00 1.000000000000000000e+00
1.376935884017832734e+01 -1.021863359768408808e+00 -1.067012817597767116e+00 1.000000000000000000e+00
1.378367210300595502e+01 -9.777332626231334256e-01 -1.077104362821581951e+00 1.000000000000000000e+00
1.379798536583358448e+01 -9.335633816842391353e-01 -1.087152080859276948e+00 1.000000000000000000e+00
1.381229862866121216e+01 -8.893555142163797056e-01 -1.097155562870980372e+00 1.000000000000000000e+00
1.382661189148883985e+01 -8.451114590298549611e-01 -1.107114401816779781e+00 1.000000000000000000e+00
1.384092515431646753e+01 -8.008330164074617397e-01 -1.117028192473276560e+00 1.000000000000000000e+00
1.385523841714409699e+01 -7.565219880311908618e-01 -1.126896531450083838e+00 1.000000000000000000e+00
1.386955167997172467e+01 -7.121801769089661782e-01 -1.136719017206230253e+00 1.000000000000000000e+00
1.388386494279935235e+01 -6.678093873012315163e-01 -1.146495250066509985e+00 1.000000000000000000e+00
1.389817820562698181e+01 -6.234114246475784826e-01 -1.156224832237734423e+00 1.000000000000000000e+00
1.391249146845460949e+01 -5.789880954932653534e-01 -1.165907367824923657e+00 1.000000000000000000e+00
1.392680473128223717e+01 -5.345412074156903337e-01 -1.175542462847419145e+00 1.000000000000000000e+00
1.394111799410986485e+01 -4.900725689508843019e-01 -1.185129725254904676e+00 1.000000000000000000e+00
1.395543125693749431e+01 -4.455839895198732137e-01 -1.194668764943370265e+00 1.000000000000000000e+00
1.396974451976512199e+01 -4.010772793551024562e-01 -1.204159193770974801e+00 1.000000000000000000e+00
1.398405778259274967e+01 -3.565542494267281981e-01 -1.213600625573849623e+00 1.000000000000000000e+00
1.399837104542037913e+01 -3.120167113689741867e-01 -1.222992676181802185e+00 1.000000000000000000e+00
1.401268430824800681e+01 -2.674664774063970074e-01 -1.232334963433952435e+00 1.000000000000000000e+00
1.402699757107563450e+01 -2.229053602801290002e-01 -1.241627107194285928e+00 1.000000000000000000e+00
1.404131083390326218e+01 -1.783351731741611435e-01 -1.250868729367113241e+00 1.000000000000000000e+00
1.405562409673089164e+01 -1.337577296415154993e-01 -1.260059453912464322e+00 1.000000000000000000e+00
1.406993735955851932e+01 -8.917484353049563717e-02 -1.269198906861380927e+00 1.000000000000000000e+00
1.408425062238614700e+01 -4.458832891086245143e-02 -1.278286716331136663e+00 1.000000000000000000e+00
1.409856388521377646e+01 -1.712069343670157959e-15 -1.287322512540373332e+00 1.000000000000000000e+00
