0.000000000000000000e+00 0.000000000000000000e+00 -1.869961387911579787e-01 1.000000000000000000e+00
1.431164742790303965e-02 1.303297462267470341e-01 -1.961481558399162939e-01 1.000000000000000000e+00
2.862329485580607930e-02 2.606428487840670161e-01 -2.052751239251104087e-01 1.000000000000000000e+00
4.293494228370911547e-02 3.909226661280012505e-01 -2.143758774936415645e-01 1.000000000000000000e+00
5.724658971161215859e-02 5.211525609652559732e-01 -2.234492543401159492e-01 1.000000000000000000e+00
7.155823713951520171e-02 6.513159023778563039e-01 -2.324940957552665832e-01 1.000000000000000000e+00
8.586988456741823095e-02 7.813960679469857951e-01 -2.415092466739223176e-01 1.000000000000000000e+00
1.001815319953212741e-01 9.113764458757420694e-01 -2.504935558225176995e-01 1.000000000000000000e+00
1.144931794232243172e-01 1.041240437110532158e+00 -2.594458758661124520e-01 1.000000000000000000e+00
1.288048268511273464e-01 1.170971457460847187e+00 -2.683650635549141850e-01 1.000000000000000000e+00
1.431164742790304034e-01 1.300552939717129597e+00 -2.772499798702733886e-01 1.000000000000000000e+00
1.574281217069334327e-01 1.429968335766482301e+00 -2.860994901701438553e-01 1.000000000000000000e+00
1.717397691348364619e-01 1.559201118705930034e+00 -2.949124643339783858e-01 1.000000000000000000e+00
1.860514165627395189e-01 1.688234784952978629e+00 -3.036877769070530086e-01 1.000000000000000000e+00
2.003630639906425481e-01 1.817052856353191137e+00 -3.124243072441897362e-01 1.000000000000000000e+00
2.146747114185456051e-01 1.945638882284521420e+00 -3.211209396528700855e-01 1.000000000000000000e+00
2.289863588464486344e-01 2.073976441758127010e+00 -3.297765635357115532e-01 1.000000000000000000e+00
2.432980062743516636e-01 2.202049145515403428e+00 -3.383900735322982190e-01 1.000000000000000000e+00
2.576096537022546928e-01 2.329840638120958207e+00 -3.469603696603372200e-01 1.000000000000000000e+00
2.719213011301577776e-01 2.457334600051275686e+00 -3.554863574561341055e-01 1.000000000000000000e+00
2.862329485580608068e-01 2.584514749778784815e+00 -3.639669481143577023e-01 1.000000000000000000e+00
3.005445959859638361e-01 2.711364845851085281e+00 -3.724010586270879997e-01 1.000000000000000000e+00
3.148562434138668653e-01 2.837868688965050179e+00 -3.807876119221182964e-01 1.000000000000000000e+00
3.291678908417698945e-01 2.964010124035540983e+00 -3.891255370005044512e-01 1.000000000000000000e+00
3.434795382696729238e-01 3.089773042258490143e+00 -3.974137690733337558e-01 1.000000000000000000e+00
3.577911856975760085e-01 3.215141383168059086e+00 -4.056512496977051629e-01 1.000000000000000000e+00
3.721028331254790378e-01 3.340099136687628700e+00 -4.138369269118949423e-01 1.000000000000000000e+00
3.864144805533820670e-01 3.464630345174357196e+00 -4.219697553696988845e-01 1.000000000000000000e+00
4.007261279812850963e-01 3.588719105457040648e+00 -4.300486964739252960e-01 1.000000000000000000e+00
4.150377754091881255e-01 3.712349570867009785e+00 -4.380727185090304010e-01 1.000000000000000000e+00
4.293494228370912102e-01 3.835505953261831191e+00 -4.460407967728708400e-01 1.000000000000000000e+00
4.436610702649942395e-01 3.958172525041503409e+00 -4.539519137075648803e-01 1.000000000000000000e+00
4.579727176928972687e-01 4.080333621156954749e+00 -4.618050590294360824e-01 1.000000000000000000e+00
4.722843651208002980e-01 4.201973641110528845e+00 -4.695992298580341506e-01 1.000000000000000000e+00
4.865960125487033272e-01 4.323077050948235467e+00 -4.773334308442035989e-01 1.000000000000000000e+00
5.009076599766063564e-01 4.443628385243509449e+00 -4.850066742971975153e-01 1.000000000000000000e+00
5.152193074045093857e-01 4.563612249072202864e+00 -4.926179803108068911e-01 1.000000000000000000e+00
5.295309548324124149e-01 4.683013319978594602e+00 -5.001663768885014072e-01 1.000000000000000000e+00
5.438426022603155552e-01 4.801816349932122918e+00 -5.076509000675555328e-01 1.000000000000000000e+00
5.581542496882185844e-01 4.920006167274629583e+00 -5.150705940421519413e-01 1.000000000000000000e+00
5.724658971161216137e-01 5.037567678657846493e+00 -5.224245112854417616e-01 1.000000000000000000e+00
5.867775445440246429e-01 5.154485870970883177e+00 -5.297117126705481738e-01 1.000000000000000000e+00
6.010891919719276721e-01 5.270745813257456724e+00 -5.369312675904953647e-01 1.000000000000000000e+00
6.154008393998307014e-01 5.386332658622650094e+00 -5.440822540770535731e-01 1.000000000000000000e+00
6.297124868277337306e-01 5.501231646128915465e+00 -5.511637589184757990e-01 1.000000000000000000e+00
6.440241342556367599e-01 5.615428102681121025e+00 -5.581748777761212921e-01 1.000000000000000000e+00
6.583357816835397891e-01 5.728907444900349866e+00 -5.651147152999411727e-01 1.000000000000000000e+00
6.726474291114428183e-01 5.841655180986281337e+00 -5.719823852428208566e-01 1.000000000000000000e+00
6.869590765393458476e-01 5.953656912567840465e+00 -5.787770105737550796e-01 1.000000000000000000e+00
7.012707239672489878e-01 6.064898336541941326e+00 -5.854977235898510823e-01 1.000000000000000000e+00
7.155823713951520171e-01 6.175365246900045513e+00 -5.921436660271358621e-01 1.000000000000000000e+00
7.298940188230550463e-01 6.285043536542344711e+00 -5.987139891701613870e-01 1.000000000000000000e+00
7.442056662509580756e-01 6.393919199079280524e+00 -6.052078539603888974e-01 1.000000000000000000e+00
7.585173136788611048e-01 6.501978330620237223e+00 -6.116244311033407488e-01 1.000000000000000000e+00
7.728289611067641340e-01 6.609207131549116099e+00 -6.179629011745036982e-01 1.000000000000000000e+00
7.871406085346671633e-01 6.715591908286612899e+00 -6.242224547239739740e-01 1.000000000000000000e+00
8.014522559625701925e-01 6.821119075038946100e+00 -6.304022923798271449e-01 1.000000000000000000e+00
8.157639033904732218e-01 6.925775155532815752e+00 -6.365016249502021273e-01 1.000000000000000000e+00
8.300755508183762510e-01 7.029546784736386833e+00 -6.425196735240825685e-01 1.000000000000000000e+00
8.443871982462793913e-01 7.132420710566066191e+00 -6.484556695707687224e-01 1.000000000000000000e+00
8.586988456741824205e-01 7.234383795578831489e+00 -6.543088550380221635e-01 1.000000000000000000e+00
8.730104931020854497e-01 7.335423018649964710e+00 -6.600784824488707958e-01 1.000000000000000000e+00
8.873221405299884790e-01 7.435525476635886477e+00 -6.657638149970668273e-01 1.000000000000000000e+00
9.016337879578915082e-01 7.534678386021955276e+00 -6.713641266411785047e-01 1.000000000000000000e+00
9.159454353857945375e-01 7.632869084554963379e+00 -6.768787021973097229e-01 1.000000000000000000e+00
9.302570828136975667e-01 7.730085032860181116e+00 -6.823068374304320782e-01 1.000000000000000000e+00
9.445687302416005959e-01 7.826313816042665295e+00 -6.876478391443177074e-01 1.000000000000000000e+00
9.588803776695036252e-01 7.921543145272715414e+00 -6.929010252700641415e-01 1.000000000000000000e+00
9.731920250974066544e-01 8.015760859355198775e+00 -6.980657249531979636e-01 1.000000000000000000e+00
9.875036725253096836e-01 8.108954926282590847e+00 -7.031412786393449466e-01 1.000000000000000000e+00
1.001815319953212713e+00 8.201113444771511496e+00 -7.081270381584583440e-01 1.000000000000000000e+00
1.016126967381115742e+00 8.292224645782573234e+00 -7.130223668075924559e-01 1.000000000000000000e+00
1.030438614809018771e+00 8.382276894023339864e+00 -7.178266394322136978e-01 1.000000000000000000e+00
1.044750262236921801e+00 8.471258689434197464e+00 -7.225392425060341850e-01 1.000000000000000000e+00
1.059061909664824830e+00 8.559158668656968061e+00 -7.271595742093620585e-01 1.000000000000000000e+00
1.073373557092728081e+00 8.645965606486056387e+00 -7.316870445059565631e-01 1.000000000000000000e+00
1.087685204520631110e+00 8.731668417301950313e+00 -7.361210752183783290e-01 1.000000000000000000e+00
1.101996851948534140e+00 8.816256156486913298e+00 -7.404611001018246430e-01 1.000000000000000000e+00
1.116308499376437169e+00 8.899718021822655700e+00 -7.447065649164423817e-01 1.000000000000000000e+00
1.130620146804340198e+00 8.982043354869825080e+00 -7.488569274981053958e-01 1.000000000000000000e+00
1.144931794232243227e+00 9.063221642329123640e+00 -7.529116578276523475e-01 1.000000000000000000e+00
1.159243441660146257e+00 9.143242517383919576e+00 -7.568702380985715683e-01 1.000000000000000000e+00
1.173555089088049286e+00 9.222095761024126759e+00 -7.607321627831283850e-01 1.000000000000000000e+00
1.187866736515952315e+00 9.299771303351203500e+00 -7.644969386969215908e-01 1.000000000000000000e+00
1.202178383943855344e+00 9.376259224864151420e+00 -7.681640850618667304e-01 1.000000000000000000e+00
1.216490031371758374e+00 9.451549757726246170e+00 -7.717331335675923221e-01 1.000000000000000000e+00
1.230801678799661403e+00 9.525633287012450268e+00 -7.752036284312461278e-01 1.000000000000000000e+00
1.245113326227564432e+00 9.598500351937280684e+00 -7.785751264556994844e-01 1.000000000000000000e+00
1.259424973655467461e+00 9.670141647062985513e+00 -7.818471970861469167e-01 1.000000000000000000e+00
1.273736621083370490e+00 9.740548023487891172e+00 -7.850194224650882679e-01 1.000000000000000000e+00
1.288048268511273520e+00 9.809710490014754924e+00 -7.880913974856921245e-01 1.000000000000000000e+00
1.302359915939176549e+00 9.877620214298982404e+00 -7.910627298435288779e-01 1.000000000000000000e+00
1.316671563367079578e+00 9.944268523976553809e+00 -7.939330400866704274e-01 1.000000000000000000e+00
1.330983210794982607e+00 1.000964690777152377e+01 -7.967019616641469737e-01 1.000000000000000000e+00
1.345294858222885637e+00 1.007374701658294747e+01 -7.993691409727582409e-01 1.000000000000000000e+00
1.359606505650788666e+00 1.013656066455108906e+01 -8.019342374022288000e-01 1.000000000000000000e+00
1.373918153078691695e+00 1.019807983010280950e+01 -8.043969233787067186e-01 1.000000000000000000e+00
1.388229800506594946e+00 1.025829665697593995e+01 -8.067568844065952094e-01 1.000000000000000000e+00
1.402541447934497976e+00 1.031720345522255755e+01 -8.090138191087157260e-01 1.000000000000000000e+00
1.416853095362401005e+00 1.037479270219104421e+01 -8.111674392647949539e-01 1.000000000000000000e+00
1.431164742790304034e+00 1.043105704348674045e+01 -8.132174698482712571e-01 1.000000000000000000e+00
1.445476390218207063e+00 1.048598929391114964e+01 -8.151636490614175834e-01 1.000000000000000000e+00
1.459788037646110093e+00 1.053958243837951159e+01 -8.170057283687736094e-01 1.000000000000000000e+00
1.474099685074013122e+00 1.059182963281664946e+01 -8.187434725288850190e-01 1.000000000000000000e+00
1.488411332501916151e+00 1.064272420503100669e+01 -8.203766596243444731e-01 1.000000000000000000e+00
1.502722979929819180e+00 1.069225965556670843e+01 -8.219050810901323834e-01 1.000000000000000000e+00
1.517034627357722210e+00 1.074042965853354836e+01 -8.233285417402501638e-01 1.000000000000000000e+00
1.531346274785625239e+00 1.078722806241487042e+01 -8.246468597926475130e-01 1.000000000000000000e+00
1.545657922213528268e+00 1.083264889085311999e+01 -8.258598668924361785e-01 1.000000000000000000e+00
1.559969569641431297e+00 1.087668634341304319e+01 -8.269674081333895366e-01 1.000000000000000000e+00
1.574281217069334327e+00 1.091933479632245252e+01 -8.279693420777252122e-01 1.000000000000000000e+00
1.588592864497237356e+00 1.096058880319038131e+01 -8.288655407741671866e-01 1.000000000000000000e+00
1.602904511925140385e+00 1.100044309570263401e+01 -8.296558897742852823e-01 1.000000000000000000e+00
1.617216159353043414e+00 1.103889258429455289e+01 -8.303402881471111385e-01 1.000000000000000000e+00
1.631527806780946444e+00 1.107593235880099058e+01 -8.309186484920274562e-01 1.000000000000000000e+00
1.645839454208849473e+00 1.111155768908335517e+01 -8.313908969499294033e-01 1.000000000000000000e+00
1.660151101636752502e+00 1.114576402563366386e+01 -8.317569732126568471e-01 1.000000000000000000e+00
1.674462749064655531e+00 1.117854700015554315e+01 -8.320168305306955281e-01 1.000000000000000000e+00
1.688774396492558783e+00 1.120990242612207943e+01 -8.321704357191478385e-01 1.000000000000000000e+00
1.703086043920461812e+00 1.123982629931044031e+01 -8.322177691619702111e-01 1.000000000000000000e+00
1.717397691348364841e+00 1.126831479831325744e+01 -8.321588248144782263e-01 1.000000000000000000e+00
1.731709338776267870e+00 1.129536428502662027e+01 -8.319936102041188830e-01 1.000000000000000000e+00
1.746020986204170899e+00 1.132097130511466432e+01 -8.317221464295088129e-01 1.000000000000000000e+00
1.760332633632073929e+00 1.134513258845074368e+01 -8.313444681577401019e-01 1.000000000000000000e+00
1.774644281059976958e+00 1.136784504953499741e+01 -8.308606236199533868e-01 1.000000000000000000e+00
1.788955928487879987e+00 1.138910578788841832e+01 -8.302706746051780051e-01 1.000000000000000000e+00
1.803267575915783016e+00 1.140891208842322158e+01 -8.295746964524420841e-01 1.000000000000000000e+00
1.817579223343686046e+00 1.142726142178960203e+01 -8.287727780411506817e-01 1.000000000000000000e+00
1.831890870771589075e+00 1.144415144469872914e+01 -8.278650217797354216e-01 1.000000000000000000e+00
1.846202518199492104e+00 1.145958000022199208e+01 -8.268515435925772872e-01 1.000000000000000000e+00
1.860514165627395133e+00 1.147354511806646293e+01 -8.257324729052020196e-01 1.000000000000000000e+00
1.874825813055298163e+00 1.148604501482649809e+01 -8.245079526277518944e-01 1.000000000000000000e+00
1.889137460483201192e+00 1.149707809421148852e+01 -8.231781391367357648e-01 1.000000000000000000e+00
1.903449107911104221e+00 1.150664294724971981e+01 -8.217432022550588133e-01 1.000000000000000000e+00
1.917760755339007250e+00 1.151473835246830468e+01 -8.202033252303356781e-01 1.000000000000000000e+00
1.932072402766910280e+00 1.152136327604915422e+01 -8.185587047114887271e-01 1.000000000000000000e+00
1.946384050194813309e+00 1.152651687196102159e+01 -8.168095507236354802e-01 1.000000000000000000e+00
1.960695697622716338e+00 1.153019848206753473e+01 -8.149560866412670634e-01 1.000000000000000000e+00
1.975007345050619367e+00 1.153240763621123577e+01 -8.129985491597224723e-01 1.000000000000000000e+00
1.989318992478522619e+00 1.153314405227363615e+01 -8.109371882649619723e-01 1.000000000000000000e+00
2.003630639906425426e+00 1.153240763621123577e+01 -8.087722672016420811e-01 1.000000000000000000e+00
2.017942287334328455e+00 1.153019848206753473e+01 -8.065040624394987923e-01 1.000000000000000000e+00
2.032253934762231484e+00 1.152651687196102159e+01 -8.041328636380407069e-01 1.000000000000000000e+00
2.046565582190134513e+00 1.152136327604915422e+01 -8.016589736095584007e-01 1.000000000000000000e+00
2.060877229618037543e+00 1.151473835246830468e+01 -7.990827082804542458e-01 1.000000000000000000e+00
2.075188877045940572e+00 1.150664294724972159e+01 -7.964043966508967953e-01 1.000000000000000000e+00
2.089500524473843601e+00 1.149707809421148852e+01 -7.936243807528066130e-01 1.000000000000000000e+00
2.103812171901746630e+00 1.148604501482649809e+01 -7.907430156061767690e-01 1.000000000000000000e+00
2.118123819329649660e+00 1.147354511806646293e+01 -7.877606691737354394e-01 1.000000000000000000e+00
2.132435466757552689e+00 1.145958000022199208e+01 -7.846777223139557167e-01 1.000000000000000000e+00
2.146747114185456162e+00 1.144415144469872914e+01 -7.814945687324180712e-01 1.000000000000000000e+00
2.161058761613359192e+00 1.142726142178960203e+01 -7.782116149315326803e-01 1.000000000000000000e+00
2.175370409041262221e+00 1.140891208842322158e+01 -7.748292801586271761e-01 1.000000000000000000e+00
2.189682056469165250e+00 1.138910578788841832e+01 -7.713479963524066951e-01 1.000000000000000000e+00
2.203993703897068279e+00 1.136784504953499741e+01 -7.677682080877940018e-01 1.000000000000000000e+00
2.218305351324971308e+00 1.134513258845074368e+01 -7.640903725191550144e-01 1.000000000000000000e+00
2.232616998752874338e+00 1.132097130511466609e+01 -7.603149593219182822e-01 1.000000000000000000e+00
2.246928646180777367e+00 1.129536428502662027e+01 -7.564424506325954090e-01 1.000000000000000000e+00
2.261240293608680396e+00 1.126831479831325744e+01 -7.524733409872100820e-01 1.000000000000000000e+00
2.275551941036583425e+00 1.123982629931044386e+01 -7.484081372581439240e-01 1.000000000000000000e+00
2.289863588464486455e+00 1.120990242612207943e+01 -7.442473585894064936e-01 1.000000000000000000e+00
2.304175235892389484e+00 1.117854700015554492e+01 -7.399915363303384286e-01 1.000000000000000000e+00
2.318486883320292513e+00 1.114576402563366564e+01 -7.356412139677558359e-01 1.000000000000000000e+00
2.332798530748195542e+00 1.111155768908335695e+01 -7.311969470565445883e-01 1.000000000000000000e+00
2.347110178176098572e+00 1.107593235880099236e+01 -7.266593031487139642e-01 1.000000000000000000e+00
2.361421825604001601e+00 1.103889258429455467e+01 -7.220288617209171811e-01 1.000000000000000000e+00
2.375733473031904630e+00 1.100044309570263401e+01 -7.173062141004502568e-01 1.000000000000000000e+00
2.390045120459807659e+00 1.096058880319038131e+01 -7.124919633897368598e-01 1.000000000000000000e+00
2.404356767887710689e+00 1.091933479632245252e+01 -7.075867243893092517e-01 1.000000000000000000e+00
2.418668415315613718e+00 1.087668634341304319e+01 -7.025911235192962012e-01 1.000000000000000000e+00
2.432980062743516747e+00 1.083264889085311999e+01 -6.975057987394255310e-01 1.000000000000000000e+00
2.447291710171419776e+00 1.078722806241487220e+01 -6.923313994675551752e-01 1.000000000000000000e+00
2.461603357599322806e+00 1.074042965853354836e+01 -6.870685864967380763e-01 1.000000000000000000e+00
2.475915005027225835e+00 1.069225965556670843e+01 -6.817180319108379072e-01 1.000000000000000000e+00
2.490226652455128864e+00 1.064272420503100847e+01 -6.762804189986996173e-01 1.000000000000000000e+00
2.504538299883031893e+00 1.059182963281665124e+01 -6.707564421668911203e-01 1.000000000000000000e+00
2.518849947310934922e+00 1.053958243837951159e+01 -6.651468068510245635e-01 1.000000000000000000e+00
2.533161594738837952e+00 1.048598929391115497e+01 -6.594522294256691675e-01 1.000000000000000000e+00
2.547473242166740981e+00 1.043105704348674223e+01 -6.536734371128668508e-01 1.000000000000000000e+00
2.561784889594644010e+00 1.037479270219104421e+01 -6.478111678892636283e-01 1.000000000000000000e+00
2.576096537022547039e+00 1.031720345522255755e+01 -6.418661703918652206e-01 1.000000000000000000e+00
2.590408184450450069e+00 1.025829665697593995e+01 -6.358392038224351950e-01 1.000000000000000000e+00
2.604719831878353098e+00 1.019807983010281305e+01 -6.297310378505391881e-01 1.000000000000000000e+00
2.619031479306256127e+00 1.013656066455109439e+01 -6.235424525152563069e-01 1.000000000000000000e+00
2.633343126734159156e+00 1.007374701658295102e+01 -6.172742381255650335e-01 1.000000000000000000e+00
2.647654774162062186e+00 1.000964690777152732e+01 -6.109271951594156258e-01 1.000000000000000000e+00
2.661966421589965215e+00 9.944268523976559138e+00 -6.045021341615081090e-01 1.000000000000000000e+00
2.676278069017868244e+00 9.877620214298985957e+00 -5.979998756397795212e-01 1.000000000000000000e+00
2.690589716445771273e+00 9.809710490014758477e+00 -5.914212499606240625e-01 1.000000000000000000e+00
2.704901363873674303e+00 9.740548023487894724e+00 -5.847670972428496983e-01 1.000000000000000000e+00
2.719213011301577332e+00 9.670141647062990842e+00 -5.780382672503928676e-01 1.000000000000000000e+00
2.733524658729480361e+00 9.598500351937282460e+00 -5.712356192837986235e-01 1.000000000000000000e+00
2.747836306157383390e+00 9.525633287012453820e+00 -5.643600220704860781e-01 1.000000000000000000e+00
2.762147953585286864e+00 9.451549757726246170e+00 -5.574123536538052592e-01 1.000000000000000000e+00
2.776459601013189893e+00 9.376259224864153197e+00 -5.503935012809114680e-01 1.000000000000000000e+00
2.790771248441092922e+00 9.299771303351203500e+00 -5.433043612894552510e-01 1.000000000000000000e+00
2.805082895868995951e+00 9.222095761024126759e+00 -5.361458389931200719e-01 1.000000000000000000e+00
2.819394543296898981e+00 9.143242517383919576e+00 -5.289188485660070160e-01 1.000000000000000000e+00
2.833706190724802010e+00 9.063221642329125416e+00 -5.216243129258933964e-01 1.000000000000000000e+00
2.848017838152705039e+00 8.982043354869825080e+00 -5.142631636163695896e-01 1.000000000000000000e+00
2.862329485580608068e+00 8.899718021822659253e+00 -5.068363406878794164e-01 1.000000000000000000e+00
2.876641133008511098e+00 8.816256156486913298e+00 -4.993447925776695051e-01 1.000000000000000000e+00
2.890952780436414127e+00 8.731668417301950313e+00 -4.917894759886713985e-01 1.000000000000000000e+00
2.905264427864317156e+00 8.645965606486056387e+00 -4.841713557673251733e-01 1.000000000000000000e+00
2.919576075292220185e+00 8.559158668656971614e+00 -4.764914047803657238e-01 1.000000000000000000e+00
2.933887722720123215e+00 8.471258689434199241e+00 -4.687506037905817546e-01 1.000000000000000000e+00
2.948199370148026244e+00 8.382276894023341640e+00 -4.609499413315705785e-01 1.000000000000000000e+00
2.962511017575929273e+00 8.292224645782573234e+00 -4.530904135814951550e-01 1.000000000000000000e+00
2.976822665003832302e+00 8.201113444771513272e+00 -4.451730242358710732e-01 1.000000000000000000e+00
2.991134312431735331e+00 8.108954926282590847e+00 -4.371987843793869177e-01 1.000000000000000000e+00
3.005445959859638361e+00 8.015760859355200552e+00 -4.291687123567878848e-01 1.000000000000000000e+00
3.019757607287541390e+00 7.921543145272717190e+00 -4.210838336428255335e-01 1.000000000000000000e+00
3.034069254715444419e+00 7.826313816042667959e+00 -4.129451807113029282e-01 1.000000000000000000e+00
3.048380902143347448e+00 7.730085032860185557e+00 -4.047537929032214432e-01 1.000000000000000000e+00
3.062692549571250478e+00 7.632869084554967820e+00 -3.965107162940528229e-01 1.000000000000000000e+00
3.077004196999153507e+00 7.534678386021959717e+00 -3.882170035601523184e-01 1.000000000000000000e+00
3.091315844427056536e+00 7.435525476635890030e+00 -3.798737138443248340e-01 1.000000000000000000e+00
3.105627491854959565e+00 7.335423018649969151e+00 -3.714819126205703981e-01 1.000000000000000000e+00
3.119939139282862595e+00 7.234383795578834153e+00 -3.630426715580162833e-01 1.000000000000000000e+00
3.134250786710765624e+00 7.132420710566069744e+00 -3.545570683840625348e-01 1.000000000000000000e+00
3.148562434138668653e+00 7.029546784736392162e+00 -3.460261867467487873e-01 1.000000000000000000e+00
3.162874081566571682e+00 6.925775155532820193e+00 -3.374511160763709605e-01 1.000000000000000000e+00
3.177185728994474712e+00 6.821119075038950541e+00 -3.288329514463531611e-01 1.000000000000000000e+00
3.191497376422377741e+00 6.715591908286617340e+00 -3.201727934334048786e-01 1.000000000000000000e+00
3.205809023850280770e+00 6.609207131549119651e+00 -3.114717479769700259e-01 1.000000000000000000e+00
3.220120671278183799e+00 6.501978330620241664e+00 -3.027309262379963006e-01 1.000000000000000000e+00
3.234432318706086829e+00 6.393919199079283189e+00 -2.939514444570325846e-01 1.000000000000000000e+00
3.248743966133989858e+00 6.285043536542349152e+00 -2.851344238116826912e-01 1.000000000000000000e+00
3.263055613561892887e+00 6.175365246900049954e+00 -2.762809902734237322e-01 1.000000000000000000e+00
3.277367260989795916e+00 6.064898336541945767e+00 -2.673922744638172477e-01 1.000000000000000000e+00
3.291678908417698945e+00 5.953656912567844017e+00 -2.584694115101212608e-01 1.000000000000000000e+00
3.305990555845601975e+00 5.841655180986288443e+00 -2.495135409003324811e-01 1.000000000000000000e+00
3.320302203273505004e+00 5.728907444900355195e+00 -2.405258063376658484e-01 1.000000000000000000e+00
3.334613850701408033e+00 5.615428102681127243e+00 -2.315073555945016681e-01 1.000000000000000000e+00
3.348925498129311062e+00 5.501231646128919905e+00 -2.224593403658072788e-01 1.000000000000000000e+00
3.363237145557214536e+00 5.386332658622651870e+00 -2.133829161220630322e-01 1.000000000000000000e+00
3.377548792985117565e+00 5.270745813257455836e+00 -2.042792419617025235e-01 1.000000000000000000e+00
3.391860440413020594e+00 5.154485870970884065e+00 -1.951494804630911906e-01 1.000000000000000000e+00
3.406172087840923624e+00 5.037567678657846493e+00 -1.859947975360587979e-01 1.000000000000000000e+00
3.420483735268826653e+00 4.920006167274630471e+00 -1.768163622730102580e-01 1.000000000000000000e+00
3.434795382696729682e+00 4.801816349932122030e+00 -1.676153467996243929e-01 1.000000000000000000e+00
3.449107030124632711e+00 4.683013319978596378e+00 -1.583929261251716958e-01 1.000000000000000000e+00
3.463418677552535740e+00 4.563612249072202864e+00 -1.491502779924573641e-01 1.000000000000000000e+00
3.477730324980438770e+00 4.443628385243511225e+00 -1.398885827274216065e-01 1.000000000000000000e+00
3.492041972408341799e+00 4.323077050948240796e+00 -1.306090230884042191e-01 1.000000000000000000e+00
3.506353619836244828e+00 4.201973641110530622e+00 -1.213127841151024344e-01 1.000000000000000000e+00
3.520665267264147857e+00 4.080333621156960078e+00 -1.120010529772374197e-01 1.000000000000000000e+00
3.534976914692050887e+00 3.958172525041506962e+00 -1.026750188229448718e-01 1.000000000000000000e+00
3.549288562119953916e+00 3.835505953261835632e+00 -9.333587262691875330e-02 1.000000000000000000e+00
3.563600209547856945e+00 3.712349570867013338e+00 -8.398480703831567862e-02 1.000000000000000000e+00
3.577911856975759974e+00 3.588719105457044201e+00 -7.462301622845150806e-02 1.000000000000000000e+00
3.592223504403663004e+00 3.464630345174360304e+00 -6.525169573829746328e-02 1.000000000000000000e+00
3.606535151831566033e+00 3.340099136687633141e+00 -5.587204232580747498e-02 1.000000000000000000e+00
3.620846799259469062e+00 3.215141383168061306e+00 -4.648525381308402094e-02 1.000000000000000000e+00
3.635158446687372091e+00 3.089773042258495916e+00 -3.709252893341407481e-02 1.000000000000000000e+00
3.649470094115275121e+00 2.964010124035544536e+00 -2.769506717818270500e-02 1.000000000000000000e+00
3.663781741543178150e+00 2.837868688965055064e+00 -1.829406864369588492e-02 1.000000000000000000e+00
3.678093388971081179e+00 2.711364845851088834e+00 -8.890733877920010617e-03 1.000000000000000000e+00
3.692405036398984208e+00 2.584514749778790144e+00 5.137362728302313775e-04 1.000000000000000000e+00
3.706716683826887238e+00 2.457334600051278350e+00 9.918140817248096222e-03 1.000000000000000000e+00
3.721028331254790267e+00 2.329840638120963980e+00 1.932127877240357242e-02 1.000000000000000000e+00
3.735339978682693296e+00 2.202049145515406536e+00 2.872194931711702023e-02 1.000000000000000000e+00
3.749651626110596325e+00 2.073976441758133227e+00 3.811895194530626196e-02 1.000000000000000000e+00
3.763963273538499354e+00 1.945638882284524307e+00 4.751108661929931420e-02 1.000000000000000000e+00
3.778274920966402384e+00 1.817052856353196910e+00 5.689715392308141578e-02 1.000000000000000000e+00
3.792586568394305413e+00 1.688234784952981959e+00 6.627595521546857105e-02 1.000000000000000000e+00
3.806898215822208442e+00 1.559201118705936029e+00 7.564629278317622219e-02 1.000000000000000000e+00
3.821209863250111471e+00 1.429968335766485854e+00 8.500696999377535534e-02 1.000000000000000000e+00
3.835521510678014501e+00 1.300552939717135592e+00 9.435679144850467326e-02 1.000000000000000000e+00
3.849833158105917530e+00 1.170971457460850296e+00 1.036945631349310282e-01 1.000000000000000000e+00
3.864144805533820559e+00 1.041240437110538375e+00 1.130190925794271745e-01 1.000000000000000000e+00
3.878456452961723588e+00 9.113764458757456222e-01 1.223291889994584936e-01 1.000000000000000000e+00
3.892768100389626618e+00 7.813960679469921233e-01 1.316236634556482987e-01 1.000000000000000000e+00
3.907079747817529647e+00 6.513159023778599677e-01 1.409013290036133792e-01 1.000000000000000000e+00
3.921391395245432676e+00 5.211525609652623015e-01 1.501610008455389889e-01 1.000000000000000000e+00
3.935703042673335705e+00 3.909226661280051918e-01 1.594014964814854385e-01 1.000000000000000000e+00
3.950014690101238735e+00 2.606428487840735109e-01 1.686216358603957188e-01 1.000000000000000000e+00
3.964326337529141764e+00 1.303297462267509477e-01 1.778202415307958140e-01 1.000000000000000000e+00
3.978637984957045237e+00 1.412402794772224425e-15 1.869961387911578954e-01 1.000000000000000000e+00
3.992949632384948266e+00 -1.303297462267430096e-01 1.961481558399158498e-01 1.000000000000000000e+00
4.007261279812850852e+00 -2.606428487840604657e-01 2.052751239251099646e-01 1.000000000000000000e+00
4.021572927240754325e+00 -3.909226661279972537e-01 2.143758774936410927e-01 1.000000000000000000e+00
4.035884574668656910e+00 -5.211525609652493118e-01 2.234492543401154774e-01 1.000000000000000000e+00
4.050196222096560383e+00 -6.513159023778520851e-01 2.324940957552661391e-01 1.000000000000000000e+00
4.064507869524462969e+00 -7.813960679469790227e-01 2.415092466739219013e-01 1.000000000000000000e+00
4.078819516952366442e+00 -9.113764458757377396e-01 2.504935558225171999e-01 1.000000000000000000e+00
4.093131164380269027e+00 -1.041240437110525718e+00 2.594458758661120079e-01 1.000000000000000000e+00
4.107442811808172500e+00 -1.170971457460842746e+00 2.683650635549137964e-01 1.000000000000000000e+00
4.121754459236075085e+00 -1.300552939717122714e+00 2.772499798702730001e-01 1.000000000000000000e+00
4.136066106663978559e+00 -1.429968335766477860e+00 2.860994901701434667e-01 1.000000000000000000e+00
4.150377754091881144e+00 -1.559201118705923150e+00 2.949124643339779417e-01 1.000000000000000000e+00
4.164689401519784617e+00 -1.688234784952973966e+00 3.036877769070526201e-01 1.000000000000000000e+00
4.179001048947687202e+00 -1.817052856353184254e+00 3.124243072441892366e-01 1.000000000000000000e+00
4.193312696375590676e+00 -1.945638882284516979e+00 3.211209396528695859e-01 1.000000000000000000e+00
4.207624343803493261e+00 -2.073976441758120792e+00 3.297765635357111091e-01 1.000000000000000000e+00
4.221935991231396734e+00 -2.202049145515398987e+00 3.383900735322977749e-01 1.000000000000000000e+00
4.236247638659299319e+00 -2.329840638120951102e+00 3.469603696603368315e-01 1.000000000000000000e+00
4.250559286087202793e+00 -2.457334600051270357e+00 3.554863574561336614e-01 1.000000000000000000e+00
4.264870933515105378e+00 -2.584514749778777265e+00 3.639669481143572582e-01 1.000000000000000000e+00
4.279182580943008851e+00 -2.711364845851080840e+00 3.724010586270875556e-01 1.000000000000000000e+00
4.293494228370912325e+00 -2.837868688965052399e+00 3.807876119221185185e-01 1.000000000000000000e+00
4.307805875798814910e+00 -2.964010124035536098e+00 3.891255370005040626e-01 1.000000000000000000e+00
4.322117523226718383e+00 -3.089773042258493696e+00 3.974137690733339778e-01 1.000000000000000000e+00
4.336429170654620968e+00 -3.215141383168054201e+00 4.056512496977047189e-01 1.000000000000000000e+00
4.350740818082524441e+00 -3.340099136687630921e+00 4.138369269118951643e-01 1.000000000000000000e+00
4.365052465510427027e+00 -3.464630345174352311e+00 4.219697553696984960e-01 1.000000000000000000e+00
4.379364112938330500e+00 -3.588719105457041536e+00 4.300486964739254625e-01 1.000000000000000000e+00
4.393675760366233085e+00 -3.712349570867005344e+00 4.380727185090299014e-01 1.000000000000000000e+00
4.407987407794136558e+00 -3.835505953261828527e+00 4.460407967728707845e-01 1.000000000000000000e+00
4.422299055222039144e+00 -3.958172525041498968e+00 4.539519137075644362e-01 1.000000000000000000e+00
4.436610702649942617e+00 -4.080333621156952084e+00 4.618050590294359714e-01 1.000000000000000000e+00
4.450922350077845202e+00 -4.201973641110524404e+00 4.695992298580337621e-01 1.000000000000000000e+00
4.465233997505748675e+00 -4.323077050948232802e+00 4.773334308442034879e-01 1.000000000000000000e+00
4.479545644933651261e+00 -4.443628385243504120e+00 4.850066742971971823e-01 1.000000000000000000e+00
4.493857292361554734e+00 -4.563612249072200200e+00 4.926179803108067801e-01 1.000000000000000000e+00
4.508168939789457319e+00 -4.683013319978589273e+00 5.001663768885009631e-01 1.000000000000000000e+00
4.522480587217360792e+00 -4.801816349932119365e+00 5.076509000675551997e-01 1.000000000000000000e+00
4.536792234645263378e+00 -4.920006167274624254e+00 5.150705940421514972e-01 1.000000000000000000e+00
4.551103882073166851e+00 -5.037567678657843828e+00 5.224245112854417616e-01 1.000000000000000000e+00
4.565415529501069436e+00 -5.154485870970877848e+00 5.297117126705477297e-01 1.000000000000000000e+00
4.579727176928972909e+00 -5.270745813257453172e+00 5.369312675904952536e-01 1.000000000000000000e+00
4.594038824356875494e+00 -5.386332658622643876e+00 5.440822540770532401e-01 1.000000000000000000e+00
4.608350471784778968e+00 -5.501231646128913688e+00 5.511637589184756880e-01 1.000000000000000000e+00
4.622662119212681553e+00 -5.615428102681114808e+00 5.581748777761208480e-01 1.000000000000000000e+00
4.636973766640585026e+00 -5.728907444900348089e+00 5.651147152999411727e-01 1.000000000000000000e+00
4.651285414068487611e+00 -5.841655180986276008e+00 5.719823852428205235e-01 1.000000000000000000e+00
4.665597061496391085e+00 -5.953656912567838688e+00 5.787770105737549686e-01 1.000000000000000000e+00
4.679908708924293670e+00 -6.064898336541935997e+00 5.854977235898507493e-01 1.000000000000000000e+00
4.694220356352197143e+00 -6.175365246900042848e+00 5.921436660271356400e-01 1.000000000000000000e+00
4.708532003780099728e+00 -6.285043536542338494e+00 5.987139891701609429e-01 1.000000000000000000e+00
4.722843651208003202e+00 -6.393919199079277860e+00 6.052078539603887863e-01 1.000000000000000000e+00
4.737155298635905787e+00 -6.501978330620231894e+00 6.116244311033404157e-01 1.000000000000000000e+00
4.751466946063809260e+00 -6.609207131549112546e+00 6.179629011745034761e-01 1.000000000000000000e+00
4.765778593491711845e+00 -6.715591908286608458e+00 6.242224547239735299e-01 1.000000000000000000e+00
4.780090240919615319e+00 -6.821119075038943436e+00 6.304022923798270339e-01 1.000000000000000000e+00
4.794401888347517904e+00 -6.925775155532811311e+00 6.365016249502019052e-01 1.000000000000000000e+00
4.808713535775421377e+00 -7.029546784736385057e+00 6.425196735240823465e-01 1.000000000000000000e+00
4.823025183203323962e+00 -7.132420710566059086e+00 6.484556695707685003e-01 1.000000000000000000e+00
4.837336830631227436e+00 -7.234383795578827048e+00 6.543088550380218305e-01 1.000000000000000000e+00
4.851648478059130021e+00 -7.335423018649957605e+00 6.600784824488703517e-01 1.000000000000000000e+00
4.865960125487033494e+00 -7.435525476635885589e+00 6.657638149970664943e-01 1.000000000000000000e+00
4.880271772914936079e+00 -7.534678386021949947e+00 6.713641266411781716e-01 1.000000000000000000e+00
4.894583420342839553e+00 -7.632869084554962491e+00 6.768787021973097229e-01 1.000000000000000000e+00
4.908895067770743026e+00 -7.730085032860178451e+00 6.823068374304319672e-01 1.000000000000000000e+00
4.923206715198645611e+00 -7.826313816042661742e+00 6.876478391443174853e-01 1.000000000000000000e+00
4.937518362626549084e+00 -7.921543145272714526e+00 6.929010252700640304e-01 1.000000000000000000e+00
4.951830010054451670e+00 -8.015760859355195223e+00 6.980657249531978525e-01 1.000000000000000000e+00
4.966141657482355143e+00 -8.108954926282590847e+00 7.031412786393448355e-01 1.000000000000000000e+00
4.980453304910257728e+00 -8.201113444771507943e+00 7.081270381584581219e-01 1.000000000000000000e+00
4.994764952338161201e+00 -8.292224645782573234e+00 7.130223668075924559e-01 1.000000000000000000e+00
5.009076599766063786e+00 -8.382276894023336311e+00 7.178266394322136978e-01 1.000000000000000000e+00
5.023388247193967260e+00 -8.471258689434197464e+00 7.225392425060340740e-01 1.000000000000000000e+00
5.037699894621869845e+00 -8.559158668656964508e+00 7.271595742093618364e-01 1.000000000000000000e+00
5.052011542049773318e+00 -8.645965606486052835e+00 7.316870445059564521e-01 1.000000000000000000e+00
5.066323189477675903e+00 -8.731668417301946761e+00 7.361210752183779960e-01 1.000000000000000000e+00
5.080634836905579377e+00 -8.816256156486909745e+00 7.404611001018246430e-01 1.000000000000000000e+00
5.094946484333481962e+00 -8.899718021822655700e+00 7.447065649164423817e-01 1.000000000000000000e+00
5.109258131761385435e+00 -8.982043354869825080e+00 7.488569274981055068e-01 1.000000000000000000e+00
5.123569779189288020e+00 -9.063221642329120087e+00 7.529116578276521254e-01 1.000000000000000000e+00
5.137881426617191494e+00 -9.143242517383917800e+00 7.568702380985715683e-01 1.000000000000000000e+00
5.152193074045094079e+00 -9.222095761024126759e+00 7.607321627831283850e-01 1.000000000000000000e+00
5.166504721472997552e+00 -9.299771303351205276e+00 7.644969386969217018e-01 1.000000000000000000e+00
5.180816368900900137e+00 -9.376259224864146091e+00 7.681640850618665084e-01 1.000000000000000000e+00
5.195128016328803611e+00 -9.451549757726242618e+00 7.717331335675922110e-01 1.000000000000000000e+00
5.209439663756706196e+00 -9.525633287012443162e+00 7.752036284312456837e-01 1.000000000000000000e+00
5.223751311184609669e+00 -9.598500351937280684e+00 7.785751264556995954e-01 1.000000000000000000e+00
5.238062958612512254e+00 -9.670141647062981960e+00 7.818471970861468057e-01 1.000000000000000000e+00
5.252374606040415728e+00 -9.740548023487889395e+00 7.850194224650881569e-01 1.000000000000000000e+00
5.266686253468318313e+00 -9.809710490014749595e+00 7.880913974856919024e-01 1.000000000000000000e+00
5.280997900896221786e+00 -9.877620214298984180e+00 7.910627298435288779e-01 1.000000000000000000e+00
5.295309548324124371e+00 -9.944268523976553809e+00 7.939330400866703163e-01 1.000000000000000000e+00
5.309621195752027845e+00 -1.000964690777152377e+01 7.967019616641469737e-01 1.000000000000000000e+00
5.323932843179930430e+00 -1.007374701658294214e+01 7.993691409727580188e-01 1.000000000000000000e+00
5.338244490607833903e+00 -1.013656066455109261e+01 8.019342374022289111e-01 1.000000000000000000e+00
5.352556138035736488e+00 -1.019807983010280950e+01 8.043969233787066075e-01 1.000000000000000000e+00
5.366867785463639962e+00 -1.025829665697593818e+01 8.067568844065952094e-01 1.000000000000000000e+00
5.381179432891542547e+00 -1.031720345522255045e+01 8.090138191087156150e-01 1.000000000000000000e+00
5.395491080319446020e+00 -1.037479270219104421e+01 8.111674392647949539e-01 1.000000000000000000e+00
5.409802727747348605e+00 -1.043105704348673868e+01 8.132174698482711461e-01 1.000000000000000000e+00
5.424114375175252079e+00 -1.048598929391114964e+01 8.151636490614175834e-01 1.000000000000000000e+00
5.438426022603154664e+00 -1.053958243837950448e+01 8.170057283687733873e-01 1.000000000000000000e+00
5.452737670031058137e+00 -1.059182963281664946e+01 8.187434725288850190e-01 1.000000000000000000e+00
5.467049317458960722e+00 -1.064272420503100491e+01 8.203766596243444731e-01 1.000000000000000000e+00
5.481360964886864195e+00 -1.069225965556670310e+01 8.219050810901323834e-01 1.000000000000000000e+00
5.495672612314766781e+00 -1.074042965853354303e+01 8.233285417402500528e-01 1.000000000000000000e+00
5.509984259742670254e+00 -1.078722806241487220e+01 8.246468597926475130e-01 1.000000000000000000e+00
5.524295907170573727e+00 -1.083264889085311999e+01 8.258598668924361785e-01 1.000000000000000000e+00
5.538607554598476312e+00 -1.087668634341304141e+01 8.269674081333894256e-01 1.000000000000000000e+00
5.552919202026379786e+00 -1.091933479632245252e+01 8.279693420777252122e-01 1.000000000000000000e+00
5.567230849454282371e+00 -1.096058880319038131e+01 8.288655407741671866e-01 1.000000000000000000e+00
5.581542496882185844e+00 -1.100044309570263401e+01 8.296558897742852823e-01 1.000000000000000000e+00
5.595854144310088429e+00 -1.103889258429455289e+01 8.303402881471110275e-01 1.000000000000000000e+00
5.610165791737991903e+00 -1.107593235880099058e+01 8.309186484920274562e-01 1.000000000000000000e+00
5.624477439165894488e+00 -1.111155768908335517e+01 8.313908969499294033e-01 1.000000000000000000e+00
5.638789086593797961e+00 -1.114576402563366564e+01 8.317569732126568471e-01 1.000000000000000000e+00
5.653100734021700546e+00 -1.117854700015554315e+01 8.320168305306955281e-01 1.000000000000000000e+00
5.667412381449604020e+00 -1.120990242612207766e+01 8.321704357191478385e-01 1.000000000000000000e+00
5.681724028877506605e+00 -1.123982629931043853e+01 8.322177691619702111e-01 1.000000000000000000e+00
5.696035676305410078e+00 -1.126831479831325744e+01 8.321588248144782263e-01 1.000000000000000000e+00
5.710347323733312663e+00 -1.129536428502661671e+01 8.319936102041188830e-01 1.000000000000000000e+00
5.724658971161216137e+00 -1.132097130511466432e+01 8.317221464295088129e-01 1.000000000000000000e+00
5.738970618589118722e+00 -1.134513258845074191e+01 8.313444681577401019e-01 1.000000000000000000e+00
5.753282266017022195e+00 -1.136784504953499741e+01 8.308606236199533868e-01 1.000000000000000000e+00
5.767593913444924780e+00 -1.138910578788841477e+01 8.302706746051781161e-01 1.000000000000000000e+00
5.781905560872828254e+00 -1.140891208842322158e+01 8.295746964524421951e-01 1.000000000000000000e+00
5.796217208300730839e+00 -1.142726142178960025e+01 8.287727780411506817e-01 1.000000000000000000e+00
5.810528855728634312e+00 -1.144415144469872914e+01 8.278650217797354216e-01 1.000000000000000000e+00
5.824840503156536897e+00 -1.145958000022199030e+01 8.268515435925772872e-01 1.000000000000000000e+00
5.839152150584440371e+00 -1.147354511806646293e+01 8.257324729052020196e-01 1.000000000000000000e+00
5.853463798012342956e+00 -1.148604501482649631e+01 8.245079526277520054e-01 1.000000000000000000e+00
5.867775445440246429e+00 -1.149707809421148852e+01 8.231781391367357648e-01 1.000000000000000000e+00
5.882087092868149014e+00 -1.150664294724971981e+01 8.217432022550588133e-01 1.000000000000000000e+00
5.896398740296052488e+00 -1.151473835246830468e+01 8.202033252303356781e-01 1.000000000000000000e+00
5.910710387723955073e+00 -1.152136327604915422e+01 8.185587047114889492e-01 1.000000000000000000e+00
5.925022035151858546e+00 -1.152651687196102159e+01 8.168095507236354802e-01 1.000000000000000000e+00
5.939333682579761131e+00 -1.153019848206753473e+01 8.149560866412670634e-01 1.000000000000000000e+00
5.953645330007664604e+00 -1.153240763621123577e+01 8.129985491597224723e-01 1.000000000000000000e+00
5.967956977435567190e+00 -1.153314405227363615e+01 8.109371882649621943e-01 1.000000000000000000e+00
5.982268624863470663e+00 -1.153240763621123577e+01 8.087722672016419700e-01 1.000000000000000000e+00
5.996580272291373248e+00 -1.153019848206753650e+01 8.065040624394987923e-01 1.000000000000000000e+00
6.010891919719276721e+00 -1.152651687196102159e+01 8.041328636380407069e-01 1.000000000000000000e+00
6.025203567147179307e+00 -1.152136327604915422e+01 8.016589736095586227e-01 1.000000000000000000e+00
6.039515214575082780e+00 -1.151473835246830468e+01 7.990827082804541348e-01 1.000000000000000000e+00
6.053826862002985365e+00 -1.150664294724972159e+01 7.964043966508969064e-01 1.000000000000000000e+00
6.068138509430888838e+00 -1.149707809421148852e+01 7.936243807528066130e-01 1.000000000000000000e+00
6.082450156858791424e+00 -1.148604501482649809e+01 7.907430156061768800e-01 1.000000000000000000e+00
6.096761804286694897e+00 -1.147354511806646293e+01 7.877606691737355504e-01 1.000000000000000000e+00
6.111073451714598370e+00 -1.145958000022199208e+01 7.846777223139556057e-01 1.000000000000000000e+00
6.125385099142500955e+00 -1.144415144469872914e+01 7.814945687324182932e-01 1.000000000000000000e+00
6.139696746570404429e+00 -1.142726142178960203e+01 7.782116149315327913e-01 1.000000000000000000e+00
6.154008393998307014e+00 -1.140891208842322335e+01 7.748292801586275091e-01 1.000000000000000000e+00
6.168320041426210487e+00 -1.138910578788841832e+01 7.713479963524066951e-01 1.000000000000000000e+00
6.182631688854113072e+00 -1.136784504953499741e+01 7.677682080877941129e-01 1.000000000000000000e+00
6.196943336282016546e+00 -1.134513258845074368e+01 7.640903725191551255e-01 1.000000000000000000e+00
6.211254983709919131e+00 -1.132097130511466609e+01 7.603149593219186153e-01 1.000000000000000000e+00
6.225566631137822604e+00 -1.129536428502662027e+01 7.564424506325951869e-01 1.000000000000000000e+00
6.239878278565725189e+00 -1.126831479831325922e+01 7.524733409872101930e-01 1.000000000000000000e+00
6.254189925993628663e+00 -1.123982629931044386e+01 7.484081372581440350e-01 1.000000000000000000e+00
6.268501573421531248e+00 -1.120990242612208121e+01 7.442473585894068266e-01 1.000000000000000000e+00
6.282813220849434721e+00 -1.117854700015554315e+01 7.399915363303383176e-01 1.000000000000000000e+00
6.297124868277337306e+00 -1.114576402563366742e+01 7.356412139677559470e-01 1.000000000000000000e+00
6.311436515705240780e+00 -1.111155768908335695e+01 7.311969470565445883e-01 1.000000000000000000e+00
6.325748163133143365e+00 -1.107593235880099769e+01 7.266593031487142973e-01 1.000000000000000000e+00
6.340059810561046838e+00 -1.103889258429455289e+01 7.220288617209170701e-01 1.000000000000000000e+00
6.354371457988949423e+00 -1.100044309570263579e+01 7.173062141004503678e-01 1.000000000000000000e+00
6.368683105416852896e+00 -1.096058880319038487e+01 7.124919633897368598e-01 1.000000000000000000e+00
6.382994752844755482e+00 -1.091933479632245607e+01 7.075867243893096958e-01 1.000000000000000000e+00
6.397306400272658955e+00 -1.087668634341304319e+01 7.025911235192959792e-01 1.000000000000000000e+00
6.411618047700561540e+00 -1.083264889085312177e+01 6.975057987394257530e-01 1.000000000000000000e+00
6.425929695128465013e+00 -1.078722806241487397e+01 6.923313994675551752e-01 1.000000000000000000e+00
6.440241342556367599e+00 -1.074042965853355192e+01 6.870685864967385204e-01 1.000000000000000000e+00
6.454552989984271072e+00 -1.069225965556670843e+01 6.817180319108377962e-01 1.000000000000000000e+00
6.468864637412173657e+00 -1.064272420503101202e+01 6.762804189986997283e-01 1.000000000000000000e+00
6.483176284840077130e+00 -1.059182963281665124e+01 6.707564421668911203e-01 1.000000000000000000e+00
6.497487932267979716e+00 -1.053958243837951692e+01 6.651468068510248965e-01 1.000000000000000000e+00
6.511799579695883189e+00 -1.048598929391115320e+01 6.594522294256689454e-01 1.000000000000000000e+00
6.526111227123785774e+00 -1.043105704348674578e+01 6.536734371128670729e-01 1.000000000000000000e+00
6.540422874551689247e+00 -1.037479270219104421e+01 6.478111678892636283e-01 1.000000000000000000e+00
6.554734521979591833e+00 -1.031720345522256466e+01 6.418661703918657757e-01 1.000000000000000000e+00
6.569046169407495306e+00 -1.025829665697594528e+01 6.358392038224354170e-01 1.000000000000000000e+00
6.583357816835397891e+00 -1.019807983010281660e+01 6.297310378505392991e-01 1.000000000000000000e+00
6.597669464263301364e+00 -1.013656066455109439e+01 6.235424525152564179e-01 1.000000000000000000e+00
6.611981111691203949e+00 -1.007374701658295457e+01 6.172742381255653665e-01 1.000000000000000000e+00
6.626292759119107423e+00 -1.000964690777153088e+01 6.109271951594160699e-01 1.000000000000000000e+00
6.640604406547010008e+00 -9.944268523976560914e+00 6.045021341615082200e-01 1.000000000000000000e+00
6.654916053974913481e+00 -9.877620214298987733e+00 5.979998756397796322e-01 1.000000000000000000e+00
6.669227701402816066e+00 -9.809710490014762030e+00 5.914212499606245066e-01 1.000000000000000000e+00
6.683539348830719540e+00 -9.740548023487896501e+00 5.847670972428500313e-01 1.000000000000000000e+00
6.697850996258622125e+00 -9.670141647062990842e+00 5.780382672503929786e-01 1.000000000000000000e+00
6.712162643686525598e+00 -9.598500351937284236e+00 5.712356192837987345e-01 1.000000000000000000e+00
6.726474291114429072e+00 -9.525633287012452044e+00 5.643600220704858561e-01 1.000000000000000000e+00
6.740785938542331657e+00 -9.451549757726253276e+00 5.574123536538059254e-01 1.000000000000000000e+00
6.755097585970235130e+00 -9.376259224864149644e+00 5.503935012809112459e-01 1.000000000000000000e+00
6.769409233398137715e+00 -9.299771303351208829e+00 5.433043612894555840e-01 1.000000000000000000e+00
6.783720880826041189e+00 -9.222095761024126759e+00 5.361458389931201829e-01 1.000000000000000000e+00
6.798032528253943774e+00 -9.143242517383926682e+00 5.289188485660076822e-01 1.000000000000000000e+00
6.812344175681847247e+00 -9.063221642329123640e+00 5.216243129258931743e-01 1.000000000000000000e+00
6.826655823109749832e+00 -8.982043354869828633e+00 5.142631636163699227e-01 1.000000000000000000e+00
6.840967470537653305e+00 -8.899718021822659253e+00 5.068363406878795274e-01 1.000000000000000000e+00
6.855279117965555891e+00 -8.816256156486920403e+00 4.993447925776701712e-01 1.000000000000000000e+00
6.869590765393459364e+00 -8.731668417301946761e+00 4.917894759886712319e-01 1.000000000000000000e+00
6.883902412821361949e+00 -8.645965606486058164e+00 4.841713557673255619e-01 1.000000000000000000e+00
6.898214060249265422e+00 -8.559158668656971614e+00 4.764914047803657238e-01 1.000000000000000000e+00
6.912525707677168008e+00 -8.471258689434206346e+00 4.687506037905824208e-01 1.000000000000000000e+00
6.926837355105071481e+00 -8.382276894023339864e+00 4.609499413315703009e-01 1.000000000000000000e+00
6.941149002532974066e+00 -8.292224645782578563e+00 4.530904135814955991e-01 1.000000000000000000e+00
6.955460649960877539e+00 -8.201113444771513272e+00 4.451730242358711842e-01 1.000000000000000000e+00
6.969772297388780125e+00 -8.108954926282599729e+00 4.371987843793876394e-01 1.000000000000000000e+00
6.984083944816683598e+00 -8.015760859355207657e+00 4.291687123567883289e-01 1.000000000000000000e+00
6.998395592244586183e+00 -7.921543145272722519e+00 4.210838336428259221e-01 1.000000000000000000e+00
7.012707239672489656e+00 -7.826313816042669735e+00 4.129451807113030393e-01 1.000000000000000000e+00
7.027018887100392242e+00 -7.730085032860189997e+00 4.047537929032218318e-01 1.000000000000000000e+00
7.041330534528295715e+00 -7.632869084554971373e+00 3.965107162940532670e-01 1.000000000000000000e+00
7.055642181956198300e+00 -7.534678386021959717e+00 3.882170035601524294e-01 1.000000000000000000e+00
7.069953829384101773e+00 -7.435525476635890918e+00 3.798737138443248895e-01 1.000000000000000000e+00
7.084265476812004358e+00 -7.335423018649973592e+00 3.714819126205708422e-01 1.000000000000000000e+00
7.098577124239907832e+00 -7.234383795578839482e+00 3.630426715580167274e-01 1.000000000000000000e+00
7.112888771667810417e+00 -7.132420710566070632e+00 3.545570683840625903e-01 1.000000000000000000e+00
7.127200419095713890e+00 -7.029546784736392162e+00 3.460261867467488983e-01 1.000000000000000000e+00
7.141512066523616475e+00 -6.925775155532826410e+00 3.374511160763714601e-01 1.000000000000000000e+00
7.155823713951519949e+00 -6.821119075038954982e+00 3.288329514463536052e-01 1.000000000000000000e+00
7.170135361379422534e+00 -6.715591908286620004e+00 3.201727934334049896e-01 1.000000000000000000e+00
7.184447008807326007e+00 -6.609207131549120540e+00 3.114717479769701369e-01 1.000000000000000000e+00
7.198758656235228592e+00 -6.501978330620246993e+00 3.027309262379967447e-01 1.000000000000000000e+00
7.213070303663132066e+00 -6.393919199079288518e+00 2.939514444570329732e-01 1.000000000000000000e+00
7.227381951091034651e+00 -6.285043536542350040e+00 2.851344238116828023e-01 1.000000000000000000e+00
7.241693598518938124e+00 -6.175365246900050842e+00 2.762809902734238432e-01 1.000000000000000000e+00
7.256005245946840709e+00 -6.064898336541952872e+00 2.673922744638176918e-01 1.000000000000000000e+00
7.270316893374744183e+00 -5.953656912567849346e+00 2.584694115101217049e-01 1.000000000000000000e+00
7.284628540802646768e+00 -5.841655180986288443e+00 2.495135409003325644e-01 1.000000000000000000e+00
7.298940188230550241e+00 -5.728907444900356083e+00 2.405258063376659317e-01 1.000000000000000000e+00
7.313251835658452826e+00 -5.615428102681132572e+00 2.315073555945020845e-01 1.000000000000000000e+00
7.327563483086356300e+00 -5.501231646128927011e+00 2.224593403658077229e-01 1.000000000000000000e+00
7.341875130514259773e+00 -5.386332658622648317e+00 2.133829161220628101e-01 1.000000000000000000e+00
7.356186777942162358e+00 -5.270745813257462942e+00 2.042792419617029953e-01 1.000000000000000000e+00
7.370498425370065831e+00 -5.154485870970886729e+00 1.951494804630912738e-01 1.000000000000000000e+00
7.384810072797968417e+00 -5.037567678657857151e+00 1.859947975360596306e-01 1.000000000000000000e+00
7.399121720225871890e+00 -4.920006167274627806e+00 1.768163622730099804e-01 1.000000000000000000e+00
7.413433367653774475e+00 -4.801816349932128247e+00 1.676153467996248647e-01 1.000000000000000000e+00
7.427745015081677948e+00 -4.683013319978598155e+00 1.583929261251717791e-01 1.000000000000000000e+00
7.442056662509580534e+00 -4.563612249072213523e+00 1.491502779924581967e-01 1.000000000000000000e+00
7.456368309937484007e+00 -4.443628385243516554e+00 1.398885827274220783e-01 1.000000000000000000e+00
7.470679957365386592e+00 -4.323077050948241684e+00 1.306090230884043024e-01 1.000000000000000000e+00
7.484991604793290065e+00 -4.201973641110532398e+00 1.213127841151025316e-01 1.000000000000000000e+00
7.499303252221192650e+00 -4.080333621156966295e+00 1.120010529772378777e-01 1.000000000000000000e+00
7.513614899649096124e+00 -3.958172525041512735e+00 1.026750188229453298e-01 1.000000000000000000e+00
7.527926547076998709e+00 -3.835505953261836520e+00 9.333587262691885045e-02 1.000000000000000000e+00
7.542238194504902182e+00 -3.712349570867013782e+00 8.398480703831578964e-02 1.000000000000000000e+00
7.556549841932804767e+00 -3.588719105457050418e+00 7.462301622845197990e-02 1.000000000000000000e+00
7.570861489360708241e+00 -3.464630345174365633e+00 6.525169573829793512e-02 1.000000000000000000e+00
7.585173136788610826e+00 -3.340099136687635362e+00 5.587204232580757213e-02 1.000000000000000000e+00
7.599484784216514299e+00 -3.215141383168063083e+00 4.648525381308412502e-02 1.000000000000000000e+00
7.613796431644416884e+00 -3.089773042258502134e+00 3.709252893341454665e-02 1.000000000000000000e+00
7.628108079072320358e+00 -2.964010124035550753e+00 2.769506717818318031e-02 1.000000000000000000e+00
7.642419726500222943e+00 -2.837868688965056840e+00 1.829406864369598554e-02 1.000000000000000000e+00
7.656731373928126416e+00 -2.711364845851090610e+00 8.890733877920112965e-03 1.000000000000000000e+00
7.671043021356029001e+00 -2.584514749778796361e+00 -5.137362728297598579e-04 1.000000000000000000e+00
7.685354668783932475e+00 -2.457334600051284568e+00 -9.918140817247626112e-03 1.000000000000000000e+00
7.699666316211835060e+00 -2.329840638120965313e+00 -1.932127877240346833e-02 1.000000000000000000e+00
7.713977963639738533e+00 -2.202049145515407869e+00 -2.872194931711691962e-02 1.000000000000000000e+00
7.728289611067641118e+00 -2.073976441758139444e+00 -3.811895194530579012e-02 1.000000000000000000e+00
7.742601258495544592e+00 -1.945638882284530746e+00 -4.751108661929884236e-02 1.000000000000000000e+00
7.756912905923447177e+00 -1.817052856353198020e+00 -5.689715392308131170e-02 1.000000000000000000e+00
7.771224553351350650e+00 -1.688234784952983292e+00 -6.627595521546846002e-02 1.000000000000000000e+00
7.785536200779253235e+00 -1.559201118705942468e+00 -7.564629278317575034e-02 1.000000000000000000e+00
7.799847848207156709e+00 -1.429968335766492293e+00 -8.500696999377489738e-02 1.000000000000000000e+00
7.814159495635059294e+00 -1.300552939717136924e+00 -9.435679144850456224e-02 1.000000000000000000e+00
7.828471143062962767e+00 -1.170971457460852072e+00 -1.036945631349309449e-01 1.000000000000000000e+00
7.842782790490865352e+00 -1.041240437110545036e+00 -1.130190925794267165e-01 1.000000000000000000e+00
7.857094437918768826e+00 -9.113764458757519504e-01 -1.223291889994580217e-01 1.000000000000000000e+00
7.871406085346671411e+00 -7.813960679469934556e-01 -1.316236634556482155e-01 1.000000000000000000e+00
7.885717732774574884e+00 -6.513159023778615220e-01 -1.409013290036132959e-01 1.000000000000000000e+00
7.900029380202477469e+00 -5.211525609652689628e-01 -1.501610008455385170e-01 1.000000000000000000e+00
7.914341027630380943e+00 -3.909226661280116311e-01 -1.594014964814849666e-01 1.000000000000000000e+00
7.928652675058283528e+00 -2.606428487840748986e-01 -1.686216358603956078e-01 1.000000000000000000e+00
7.942964322486187001e+00 -1.303297462267523632e-01 -1.778202415307957029e-01 1.000000000000000000e+00
7.957275969914090474e+00 -2.824805589544448850e-15 -1.869961387911578121e-01 1.000000000000000000e+00
