0.000000000000000000e+00 0.000000000000000000e+00 4.332802495260391851e+00 1.000000000000000000e+00
1.432844687025723422e-02 1.804365682527935832e-01 4.321474630734396527e+00 1.000000000000000000e+00
2.865689374051446844e-02 3.608365096387272097e-01 4.309269548926608628e+00 1.000000000000000000e+00
4.298534061077170093e-02 5.411632047258382316e-01 4.296189727349823073e+00 1.000000000000000000e+00
5.731378748102893689e-02 7.213800489504499369e-01 4.282237821080491003e+00 1.000000000000000000e+00
7.164223435128616591e-02 9.014504600475408136e-01 4.267416662219767787e+00 1.000000000000000000e+00
8.597068122154340186e-02 1.081337885476589156e+00 4.251729259318621779e+00 1.000000000000000000e+00
1.002991280918006378e-01 1.261005809841382774e+00 4.235178796767131715e+00 1.000000000000000000e+00
1.146275749620578738e-01 1.440417762302288018e+00 4.217768634148080231e+00 1.000000000000000000e+00
1.289560218323151097e-01 1.619537323979476584e+00 4.199502305554996262e+00 1.000000000000000000e+00
1.432844687025723318e-01 1.798328135345601986e+00 4.180383518874768001e+00 1.000000000000000000e+00
1.576129155728295816e-01 1.976753903606432994e+00 4.160416155034974750e+00 1.000000000000000000e+00
1.719413624430868037e-01 2.154778410067931915e+00 4.139604267216101086e+00 1.000000000000000000e+00
1.862698093133440536e-01 2.332365517488301787e+00 4.117952080028776329e+00 1.000000000000000000e+00
2.005982561836012756e-01 2.509479177413493467e+00 4.095463988656221410e+00 1.000000000000000000e+00
2.149267030538585255e-01 2.686083437494691140e+00 4.072144557962070976e+00 1.000000000000000000e+00
2.292551499241157476e-01 2.862142448786284543e+00 4.047998521563748398e+00 1.000000000000000000e+00
2.435835967943729696e-01 3.037620473022863976e+00 4.023030780871587275e+00 1.000000000000000000e+00
2.579120436646302195e-01 3.212481889873735952e+00 3.997246404093895311e+00 1.000000000000000000e+00
2.722404905348874693e-01 3.386691204173501113e+00 3.970650625208155482e+00 1.000000000000000000e+00
2.865689374051446636e-01 3.560213053127231575e+00 3.943248842898579465e+00 1.000000000000000000e+00
3.008973842754019135e-01 3.733012213488774211e+00 3.915046619460228250e+00 1.000000000000000000e+00
3.152258311456591633e-01 3.905053608710721047e+00 3.886049679669919321e+00 1.000000000000000000e+00
3.295542780159164131e-01 4.076302316064614573e+00 3.856263909624153108e+00 1.000000000000000000e+00
3.438827248861736074e-01 4.246723573729913603e+00 3.825695355544295850e+00 1.000000000000000000e+00
3.582111717564308573e-01 4.416282787850314584e+00 3.794350222549247142e+00 1.000000000000000000e+00
3.725396186266881071e-01 4.584945539555956628e+00 3.762234873395872814e+00 1.000000000000000000e+00
3.868680654969453014e-01 4.752677591950122959e+00 3.729355827187414985e+00 1.000000000000000000e+00
4.011965123672025513e-01 4.919444897059003452e+00 3.695719758050187043e+00 1.000000000000000000e+00
4.155249592374598011e-01 5.085213602743084316e+00 3.661333493778787140e+00 1.000000000000000000e+00
4.298534061077170509e-01 5.249950059568824656e+00 3.626204014450123303e+00 1.000000000000000000e+00
4.441818529779742453e-01 5.413620827639144650e+00 3.590338451006523268e+00 1.000000000000000000e+00
4.585102998482314951e-01 5.576192683381413495e+00 3.553744083808227039e+00 1.000000000000000000e+00
4.728387467184887449e-01 5.737632626291502724e+00 3.516428341155539261e+00 1.000000000000000000e+00
4.871671935887459393e-01 5.897907885632569069e+00 3.478398797780963392e+00 1.000000000000000000e+00
5.014956404590031891e-01 6.056985927087199961e+00 3.439663173311593880e+00 1.000000000000000000e+00
5.158240873292604389e-01 6.214834459361556540e+00 3.400229330702122521e+00 1.000000000000000000e+00
5.301525341995176888e-01 6.371421440740191677e+00 3.360105274638721440e+00 1.000000000000000000e+00
5.444809810697749386e-01 6.526715085590215182e+00 3.319299149914175739e+00 1.000000000000000000e+00
5.588094279400321884e-01 6.680683870813457936e+00 3.277819239774569127e+00 1.000000000000000000e+00
5.731378748102893272e-01 6.833296542245358651e+00 3.235673964237867128e+00 1.000000000000000000e+00
5.874663216805465771e-01 6.984522120999257844e+00 3.192871878384727857e+00 1.000000000000000000e+00
6.017947685508038269e-01 7.134329909754799637e+00 3.149421670621918690e+00 1.000000000000000000e+00
6.161232154210610767e-01 7.282689498989202370e+00 3.105332160918639062e+00 1.000000000000000000e+00
6.304516622913183266e-01 7.429570773150086183e+00 3.060612299016161053e+00 1.000000000000000000e+00
6.447801091615755764e-01 7.574943916768644314e+00 3.015271162611116385e+00 1.000000000000000000e+00
6.591085560318328262e-01 7.718779420511878264e+00 2.969317955512813079e+00 1.000000000000000000e+00
6.734370029020899651e-01 7.861048087172730625e+00 2.922762005774951710e+00 1.000000000000000000e+00
6.877654497723472149e-01 8.001721037596809083e+00 2.875612763802120941e+00 1.000000000000000000e+00
7.020938966426044647e-01 8.140769716544584256e+00 2.827879800431457369e+00 1.000000000000000000e+00
7.164223435128617146e-01 8.278165898487831242e+00 2.779572804989859147e+00 1.000000000000000000e+00
7.307507903831189644e-01 8.413881693339121171e+00 2.730701583327147741e+00 1.000000000000000000e+00
7.450792372533762142e-01 8.547889552113252520e+00 2.681276055825573490e+00 1.000000000000000000e+00
7.594076841236334641e-01 8.680162272519421407e+00 2.631306255386076653e+00 1.000000000000000000e+00
7.737361309938906029e-01 8.810673004483017934e+00 2.580802325391706287e+00 1.000000000000000000e+00
7.880645778641478527e-01 8.939395255595936618e+00 2.529774517648609944e+00 1.000000000000000000e+00
8.023930247344051025e-01 9.066302896494276453e+00 2.478233190305019651e+00 1.000000000000000000e+00
8.167214716046623524e-01 9.191370166162339927e+00 2.426188805748647592e+00 1.000000000000000000e+00
8.310499184749196022e-01 9.314571677161875840e+00 2.373651928482920503e+00 1.000000000000000000e+00
8.453783653451768521e-01 9.435882420785482338e+00 2.320633222982494637e+00 1.000000000000000000e+00
8.597068122154341019e-01 9.555277772133125680e+00 2.267143451528464748e+00 1.000000000000000000e+00
8.740352590856912407e-01 9.672733495110762192e+00 2.213193472023729846e+00 1.000000000000000000e+00
8.883637059559484905e-01 9.788225747350020711e+00 2.158794235788941140e+00 1.000000000000000000e+00
9.026921528262057404e-01 9.901731085047982717e+00 2.103956785339495816e+00 1.000000000000000000e+00
9.170205996964629902e-01 1.001322646772603164e+01 2.048692252144008297e+00 1.000000000000000000e+00
9.313490465667202400e-01 1.012268926290685656e+01 1.993011854364734381e+00 1.000000000000000000e+00
9.456774934369774899e-01 1.023009725070862785e+01 1.936926894580391245e+00 1.000000000000000000e+00
9.600059403072347397e-01 1.033542862835540177e+01 1.880448757491844702e+00 1.000000000000000000e+00
9.743343871774918785e-01 1.043866201460288501e+01 1.823588907611126242e+00 1.000000000000000000e+00
9.886628340477491284e-01 1.053977645407861985e+01 1.766358886934248806e+00 1.000000000000000000e+00
1.002991280918006378e+00 1.063875142153570685e+01 1.708770312598292040e+00 1.000000000000000000e+00
1.017319727788263739e+00 1.073556682601924628e+01 1.650834874523239071e+00 1.000000000000000000e+00
1.031648174658520878e+00 1.083020301494459225e+01 1.592564333039033997e+00 1.000000000000000000e+00
1.045976621528778017e+00 1.092264077808665057e+01 1.533970516498356806e+00 1.000000000000000000e+00
1.060305068399035378e+00 1.101286135147935852e+01 1.475065318875565135e+00 1.000000000000000000e+00
1.074633515269292516e+00 1.110084642122458121e+01 1.415860697352359532e+00 1.000000000000000000e+00
1.088961962139549877e+00 1.118657812720968003e+01 1.356368669890562595e+00 1.000000000000000000e+00
1.103290409009807016e+00 1.127003906673290068e+01 1.296601312792619920e+00 1.000000000000000000e+00
1.117618855880064377e+00 1.135121229803599086e+01 1.236570758250197244e+00 1.000000000000000000e+00
1.131947302750321516e+00 1.143008134374319340e+01 1.176289191881495944e+00 1.000000000000000000e+00
1.146275749620578654e+00 1.150663019420599475e+01 1.115768850257659262e+00 1.000000000000000000e+00
1.160604196490836015e+00 1.158084331075293427e+01 1.055022018418892316e+00 1.000000000000000000e+00
1.174932643361093154e+00 1.165270562884379046e+01 9.940610273807041208e-01 1.000000000000000000e+00
1.189261090231350515e+00 1.172220256112755088e+01 9.328982516308443884e-01 1.000000000000000000e+00
1.203589537101607654e+00 1.178932000040349592e+01 8.715461066173818550e-01 1.000000000000000000e+00
1.217917983971865015e+00 1.185404432248481577e+01 8.100170462285170014e-01 1.000000000000000000e+00
1.232246430842122153e+00 1.191636238896420430e+01 7.483235602645347262e-01 1.000000000000000000e+00
1.246574877712379292e+00 1.197626154988081204e+01 6.864781719025255802e-01 1.000000000000000000e+00
1.260903324582636653e+00 1.203372964628806940e+01 6.244934351542734685e-01 1.000000000000000000e+00
1.275231771452893792e+00 1.208875501272184572e+01 5.623819323179434226e-01 1.000000000000000000e+00
1.289560218323151153e+00 1.214132647956840927e+01 5.001562714239666807e-01 1.000000000000000000e+00
1.303888665193408292e+00 1.219143337533174964e+01 4.378290836757645077e-01 1.000000000000000000e+00
1.318217112063665652e+00 1.223906552879981646e+01 3.754130208857058282e-01 1.000000000000000000e+00
1.332545558933922791e+00 1.228421327110912742e+01 3.129207529069432669e-01 1.000000000000000000e+00
1.346874005804179930e+00 1.232686743770750049e+01 2.503649650615254463e-01 1.000000000000000000e+00
1.361202452674437291e+00 1.236701937021434006e+01 1.877583555654291914e-01 1.000000000000000000e+00
1.375530899544694430e+00 1.240466091817821237e+01 1.251136329509238698e-01 1.000000000000000000e+00
1.389859346414951791e+00 1.243978444073131229e+01 6.244351348687283282e-02 1.000000000000000000e+00
1.404187793285208929e+00 1.247238280814047329e+01 -2.392814025473502049e-04 1.000000000000000000e+00
1.418516240155466290e+00 1.250244940325445597e+01 -6.292202772017214951e-02 1.000000000000000000e+00
1.432844687025723429e+00 1.252997812284713497e+01 -1.255920014786966188e-01 1.000000000000000000e+00
1.447173133895980568e+00 1.255496337885641545e+01 -1.882364812835190804e-01 1.000000000000000000e+00
1.461501580766237929e+00 1.257740009951855420e+01 -2.508427509150700230e-01 1.000000000000000000e+00
1.475830027636495068e+00 1.259728373039767213e+01 -3.133981019100595122e-01 1.000000000000000000e+00
1.490158474506752428e+00 1.261461023531025916e+01 -3.758898361412006950e-01 1.000000000000000000e+00
1.504486921377009567e+00 1.262937609714448861e+01 -4.383052683947770145e-01 1.000000000000000000e+00
1.518815368247266928e+00 1.264157831857414749e+01 -5.006317289456382325e-01 1.000000000000000000e+00
1.533143815117524067e+00 1.265121442266707419e+01 -5.628565661290216848e-01 1.000000000000000000e+00
1.547472261987781206e+00 1.265828245338793678e+01 -6.249671489087190723e-01 1.000000000000000000e+00
1.561800708858038567e+00 1.266278097599530739e+01 -6.869508694410538796e-01 1.000000000000000000e+00
1.576129155728295705e+00 1.266470907733289053e+01 -7.487951456341509493e-01 1.000000000000000000e+00
1.590457602598553066e+00 1.266406636601488067e+01 -8.104874237019780159e-01 1.000000000000000000e+00
1.604786049468810205e+00 1.266085297250541686e+01 -8.720151807126432786e-01 1.000000000000000000e+00
1.619114496339067566e+00 1.265506954909210791e+01 -9.333659271304275418e-01 1.000000000000000000e+00
1.633442943209324705e+00 1.264671726975359789e+01 -9.945272093510387768e-01 1.000000000000000000e+00
1.647771390079581844e+00 1.263579782992129452e+01 -1.055486612229572962e+00 1.000000000000000000e+00
1.662099836949839204e+00 1.262231344613517692e+01 -1.116231761600666950e+00 1.000000000000000000e+00
1.676428283820096343e+00 1.260626685559389237e+01 -1.176750326790334311e+00 1.000000000000000000e+00
1.690756730690353704e+00 1.258766131559911372e+01 -1.237030023118970812e+00 1.000000000000000000e+00
1.705085177560610843e+00 1.256650060289433846e+01 -1.297058614395027121e+00 1.000000000000000000e+00
1.719413624430868204e+00 1.254278901289825043e+01 -1.356823915398833957e+00 1.000000000000000000e+00
1.733742071301125343e+00 1.251653135883279866e+01 -1.416313794356084399e+00 1.000000000000000000e+00
1.748070518171382481e+00 1.248773297074614419e+01 -1.475516175400466645e+00 1.000000000000000000e+00
1.762398965041639842e+00 1.245639969443072559e+01 -1.534419041024947417e+00 1.000000000000000000e+00
1.776727411911896981e+00 1.242253789023661703e+01 -1.593010434521200613e+00 1.000000000000000000e+00
1.791055858782154342e+00 1.238615443178043130e+01 -1.651278462406724046e+00 1.000000000000000000e+00
1.805384305652411481e+00 1.234725670455005897e+01 -1.709211296839070915e+00 1.000000000000000000e+00
1.819712752522668842e+00 1.230585260440546413e+01 -1.766797178016817460e+00 1.000000000000000000e+00
1.834041199392925980e+00 1.226195053597592377e+01 -1.824024416566658147e+00 1.000000000000000000e+00
1.848369646263183119e+00 1.221555941095395603e+01 -1.880881395916262688e+00 1.000000000000000000e+00
1.862698093133440480e+00 1.216668864628633351e+01 -1.937356574652307151e+00 1.000000000000000000e+00
1.877026540003697619e+00 1.211534816226254385e+01 -1.993438488863276570e+00 1.000000000000000000e+00
1.891354986873954980e+00 1.206154838050105838e+01 -2.049115754466526163e+00 1.000000000000000000e+00
1.905683433744212119e+00 1.200530022183385270e+01 -2.104377069519142829e+00 1.000000000000000000e+00
1.920011880614469479e+00 1.194661510408957561e+01 -2.159211216512116227e+00 1.000000000000000000e+00
1.934340327484726618e+00 1.188550493977584566e+01 -2.213607064647408418e+00 1.000000000000000000e+00
1.948668774354983757e+00 1.182198213366113571e+01 -2.267553572097368519e+00 1.000000000000000000e+00
1.962997221225241118e+00 1.175605958025670361e+01 -2.321039788246142876e+00 1.000000000000000000e+00
1.977325668095498257e+00 1.168775066119916062e+01 -2.374054855912519635e+00 1.000000000000000000e+00
1.991654114965755618e+00 1.161706924253410733e+01 -2.426588013553853784e+00 1.000000000000000000e+00
2.005982561836012756e+00 1.154402967190146789e+01 -2.478628597450533100e+00 1.000000000000000000e+00
2.020311008706269895e+00 1.146864677562306767e+01 -2.530166043870630155e+00 1.000000000000000000e+00
2.034639455576527478e+00 1.139093585569301403e+01 -2.581189891214222598e+00 1.000000000000000000e+00
2.048967902446784617e+00 1.131091268667156591e+01 -2.631689782136998890e+00 1.000000000000000000e+00
2.063296349317041756e+00 1.122859351248303561e+01 -2.681655465652704962e+00 1.000000000000000000e+00
2.077624796187298895e+00 1.114399504311842648e+01 -2.731076799213984607e+00 1.000000000000000000e+00
2.091953243057556033e+00 1.105713445124348304e+01 -2.779943750771231237e+00 1.000000000000000000e+00
2.106281689927813616e+00 1.096802936871278256e+01 -2.828246400808982930e+00 1.000000000000000000e+00
2.120610136798070755e+00 1.087669788299068507e+01 -2.875974944359491303e+00 1.000000000000000000e+00
2.134938583668327894e+00 1.078315853347969799e+01 -2.923119692993039198e+00 1.000000000000000000e+00
2.149267030538585033e+00 1.068743030775720193e+01 -2.969671076784593744e+00 1.000000000000000000e+00
2.163595477408842171e+00 1.058953263772112230e+01 -3.015619646256409769e+00 1.000000000000000000e+00
2.177923924279099754e+00 1.048948539564547211e+01 -3.060956074296181662e+00 1.000000000000000000e+00
2.192252371149356893e+00 1.038730889014647829e+01 -3.105671158050350211e+00 1.000000000000000000e+00
2.206580818019614032e+00 1.028302386206008556e+01 -3.149755820792202510e+00 1.000000000000000000e+00
2.220909264889871171e+00 1.017665148023182198e+01 -3.193201113764351451e+00 1.000000000000000000e+00
2.235237711760128754e+00 1.006821333721968337e+01 -3.235998217995253778e+00 1.000000000000000000e+00
2.249566158630385893e+00 9.957731444911100738e+00 -3.278138446089364777e+00 1.000000000000000000e+00
2.263894605500643031e+00 9.845228230054701157e+00 -3.319613243990604534e+00 1.000000000000000000e+00
2.278223052370900170e+00 9.730726529707915518e+00 -3.360414192718743642e+00 1.000000000000000000e+00
2.292551499241157309e+00 9.614249586601275155e+00 -3.400533010078373941e+00 1.000000000000000000e+00
2.306879946111414892e+00 9.495821044420356571e+00 -3.439961552340119244e+00 1.000000000000000000e+00
2.321208392981672031e+00 9.375464943006369012e+00 -3.478691815893723671e+00 1.000000000000000000e+00
2.335536839851929169e+00 9.253205713476257088e+00 -3.516715938872710279e+00 1.000000000000000000e+00
2.349865286722186308e+00 9.129068173263467756e+00 -3.554026202750270258e+00 1.000000000000000000e+00
2.364193733592443447e+00 9.003077521080221857e+00 -3.590615033906040310e+00 1.000000000000000000e+00
2.378522180462701030e+00 8.875259331802421769e+00 -3.626475005163481313e+00 1.000000000000000000e+00
2.392850627332958169e+00 8.745639551278230783e+00 -3.661598837297505682e+00 1.000000000000000000e+00
2.407179074203215308e+00 8.614244491061283426e+00 -3.695979400512114932e+00 1.000000000000000000e+00
2.421507521073472446e+00 8.481100823069711581e+00 -3.729609715887661547e+00 1.000000000000000000e+00
2.435835967943730029e+00 8.346235574172000682e+00 -3.762482956797503331e+00 1.000000000000000000e+00
2.450164414813987168e+00 8.209676120700811097e+00 -3.794592450293746033e+00 1.000000000000000000e+00
2.464492861684244307e+00 8.071450182895828718e+00 -3.825931678461787389e+00 1.000000000000000000e+00
2.478821308554501446e+00 7.931585819276842919e+00 -3.856494279743388098e+00 1.000000000000000000e+00
2.493149755424758585e+00 7.790111420948126586e+00 -3.886274050228004651e+00 1.000000000000000000e+00
2.507478202295016168e+00 7.647055705835330564e+00 -3.915264944912124623e+00 1.000000000000000000e+00
2.521806649165273306e+00 7.502447712856028517e+00 -3.943461078926345120e+00 1.000000000000000000e+00
2.536135096035530445e+00 7.356316796025068605e+00 -3.970856728729944329e+00 1.000000000000000000e+00
2.550463542905787584e+00 7.208692618496031379e+00 -3.997446333272698826e+00 1.000000000000000000e+00
2.564791989776044723e+00 7.059605146539879250e+00 -4.023224495123726818e+00 1.000000000000000000e+00
2.579120436646302306e+00 6.909084643462092501e+00 -4.048185981567117508e+00 1.000000000000000000e+00
2.593448883516559444e+00 6.757161663459538836e+00 -4.072325725664113882e+00 1.000000000000000000e+00
2.607777330386816583e+00 6.603867045418217785e+00 -4.095638827281658401e+00 1.000000000000000000e+00
2.622105777257073722e+00 6.449231906653323243e+00 -4.118120554087067120e+00 1.000000000000000000e+00
2.636434224127331305e+00 6.293287636592692635e+00 -4.139766342508654162e+00 1.000000000000000000e+00
2.650762670997588444e+00 6.136065890405088652e+00 -4.160571798662082266e+00 1.000000000000000000e+00
2.665091117867845583e+00 5.977598582574478847e+00 -4.180532699242287542e+00 1.000000000000000000e+00
2.679419564738102721e+00 5.817917880421713761e+00 -4.199644992380766162e+00 1.000000000000000000e+00
2.693748011608359860e+00 5.657056197574891421e+00 -4.217904798468063987e+00 1.000000000000000000e+00
2.708076458478617443e+00 5.495046187389682757e+00 -4.235308410941299506e+00 1.000000000000000000e+00
2.722404905348874582e+00 5.331920736321052345e+00 -4.251852297036556649e+00 1.000000000000000000e+00
2.736733352219131721e+00 5.167712957247584171e+00 -4.267533098506009814e+00 1.000000000000000000e+00
2.751061799089388860e+00 5.002456182749912550e+00 -4.282347632299608797e+00 1.000000000000000000e+00
2.765390245959645998e+00 4.836183958344537182e+00 -4.296292891211208165e+00 1.000000000000000000e+00
2.779718692829903581e+00 4.668930035674398127e+00 -4.309366044489001624e+00 1.000000000000000000e+00
2.794047139700160720e+00 4.500728365657643337e+00 -4.321564438410136155e+00 1.000000000000000000e+00
2.808375586570417859e+00 4.331613091595891696e+00 -4.332885596819394891e+00 1.000000000000000000e+00
2.822704033440674998e+00 4.161618542243482821e+00 -4.343327221631827939e+00 1.000000000000000000e+00
2.837032480310932581e+00 3.990779224839088091e+00 -4.352887193299245006e+00 1.000000000000000000e+00
2.851360927181189719e+00 3.819129818101083984e+00 -4.361563571240460568e+00 1.000000000000000000e+00
2.865689374051446858e+00 3.646705165188077746e+00 -4.369354594235214329e+00 1.000000000000000000e+00
2.880017820921703997e+00 3.473540266626113482e+00 -4.376258680781681676e+00 1.000000000000000000e+00
2.894346267791961136e+00 3.299670273203880289e+00 -4.382274429417503114e+00 1.000000000000000000e+00
2.908674714662218719e+00 3.125130478837473191e+00 -4.387400619004266922e+00 1.000000000000000000e+00
2.923003161532475858e+00 2.949956313406065345e+00 -4.391636208975389088e+00 1.000000000000000000e+00
2.937331608402732996e+00 2.774183335559967656e+00 -4.394980339547337245e+00 1.000000000000000000e+00
2.951660055272990135e+00 2.597847225502590618e+00 -4.397432331894160384e+00 1.000000000000000000e+00
2.965988502143247274e+00 2.420983777747687693e+00 -4.398991688285279089e+00 1.000000000000000000e+00
2.980316949013504857e+00 2.243628893853440331e+00 -4.399658092186529146e+00 1.000000000000000000e+00
2.994645395883761996e+00 2.065818575134792834e+00 -4.399431408324403492e+00 1.000000000000000000e+00
3.008973842754019135e+00 1.887588915355511654e+00 -4.398311682713520021e+00 1.000000000000000000e+00
3.023302289624276273e+00 1.708976093401525453e+00 -4.396299142647277947e+00 1.000000000000000000e+00
3.037630736494533856e+00 1.530016365936931910e+00 -4.393394196651718708e+00 1.000000000000000000e+00
3.051959183364790995e+00 1.350746060044304642e+00 -4.389597434402602083e+00 1.000000000000000000e+00
3.066287630235048134e+00 1.171201565850592097e+00 -4.384909626605701938e+00 1.000000000000000000e+00
3.080616077105305273e+00 9.914193291403045061e-01 -4.379331724840367812e+00 1.000000000000000000e+00
3.094944523975562412e+00 8.114358439573738924e-01 -4.372864861366360323e+00 1.000000000000000000e+00
3.109272970845819994e+00 6.312876451971908276e-01 -4.365510348894008352e+00 1.000000000000000000e+00
3.123601417716077133e+00 4.510113011904323121e-01 -4.357269680317752858e+00 1.000000000000000000e+00
3.137929864586334272e+00 2.706434062799906171e-01 -4.348144528413093290e+00 1.000000000000000000e+00
3.152258311456591411e+00 9.022057339270563026e-02 -4.338136745497035207e+00 1.000000000000000000e+00
3.166586758326848550e+00 -9.022057339270252163e-02 -4.327248363052088820e+00 1.000000000000000000e+00
3.180915205197106133e+00 -2.706434062799931151e-01 -4.315481591313894860e+00 1.000000000000000000e+00
3.195243652067363271e+00 -4.510113011904349212e-01 -4.302838818822571021e+00 1.000000000000000000e+00
3.209572098937620410e+00 -6.312876451971932701e-01 -4.289322611937858021e+00 1.000000000000000000e+00
3.223900545807877549e+00 -8.114358439573710058e-01 -4.274935714318177205e+00 1.000000000000000000e+00
3.238228992678135132e+00 -9.914193291403069486e-01 -4.259681046363695600e+00 1.000000000000000000e+00
3.252557439548392271e+00 -1.171201565850594761e+00 -4.243561704623506792e+00 1.000000000000000000e+00
3.266885886418649410e+00 -1.350746060044307306e+00 -4.226580961167066164e+00 1.000000000000000000e+00
3.281214333288906548e+00 -1.530016365936934353e+00 -4.208742262919994204e+00 1.000000000000000000e+00
3.295542780159163687e+00 -1.708976093401522567e+00 -4.190049230964381088e+00 1.000000000000000000e+00
3.309871227029421270e+00 -1.887588915355514096e+00 -4.170505659803743548e+00 1.000000000000000000e+00
3.324199673899678409e+00 -2.065818575134795498e+00 -4.150115516592772558e+00 1.000000000000000000e+00
3.338528120769935548e+00 -2.243628893853442552e+00 -4.128882940332051277e+00 1.000000000000000000e+00
3.352856567640192686e+00 -2.420983777747684584e+00 -4.106812241027868460e+00 1.000000000000000000e+00
3.367185014510449825e+00 -2.597847225502587953e+00 -4.083907898817330739e+00 1.000000000000000000e+00
3.381513461380707408e+00 -2.774183335559970320e+00 -4.060174563058938091e+00 1.000000000000000000e+00
3.395841908250964547e+00 -2.949956313406068009e+00 -4.035617051388813437e+00 1.000000000000000000e+00
3.410170355121221686e+00 -3.125130478837475856e+00 -4.010240348742768468e+00 1.000000000000000000e+00
3.424498801991478825e+00 -3.299670273203877624e+00 -3.984049606344403305e+00 1.000000000000000000e+00
3.438827248861736408e+00 -3.473540266626114814e+00 -3.957050140659463366e+00 1.000000000000000000e+00
3.453155695731993546e+00 -3.646705165188084408e+00 -3.929247432316657296e+00 1.000000000000000000e+00
3.467484142602250685e+00 -3.819129818101086649e+00 -3.900647124995124670e+00 1.000000000000000000e+00
3.481812589472507824e+00 -3.990779224839090311e+00 -3.871255024278835943e+00 1.000000000000000000e+00
3.496141036342764963e+00 -4.161618542243479268e+00 -3.841077096478112463e+00 1.000000000000000000e+00
3.510469483213022546e+00 -4.331613091595893472e+00 -3.810119467418525474e+00 1.000000000000000000e+00
3.524797930083279685e+00 -4.500728365657651331e+00 -3.778388421197413471e+00 1.000000000000000000e+00
3.539126376953536823e+00 -4.668930035674400791e+00 -3.745890398908265251e+00 1.000000000000000000e+00
3.553454823823793962e+00 -4.836183958344534517e+00 -3.712631997333244893e+00 1.000000000000000000e+00
3.567783270694051101e+00 -5.002456182749908997e+00 -3.678619967604114027e+00 1.000000000000000000e+00
3.582111717564308684e+00 -5.167712957247587724e+00 -3.643861213831812496e+00 1.000000000000000000e+00
3.596440164434565823e+00 -5.331920736321058563e+00 -3.608362791704986083e+00 1.000000000000000000e+00
3.610768611304822961e+00 -5.495046187389686310e+00 -3.572131907057765066e+00 1.000000000000000000e+00
3.625097058175080100e+00 -5.657056197574888756e+00 -3.535175914407030717e+00 1.000000000000000000e+00
3.639425505045337683e+00 -5.817917880421714649e+00 -3.497502315459540601e+00 1.000000000000000000e+00
3.653753951915594822e+00 -5.977598582574481512e+00 -3.459118757589136006e+00 1.000000000000000000e+00
3.668082398785851961e+00 -6.136065890405094869e+00 -3.420033032284413466e+00 1.000000000000000000e+00
3.682410845656109100e+00 -6.293287636592696188e+00 -3.380253073567125899e+00 1.000000000000000000e+00
3.696739292526366238e+00 -6.449231906653321467e+00 -3.339786956381643801e+00 1.000000000000000000e+00
3.711067739396623821e+00 -6.603867045418220449e+00 -3.298642894955828186e+00 1.000000000000000000e+00
3.725396186266880960e+00 -6.757161663459538836e+00 -3.256829241133625708e+00 1.000000000000000000e+00
3.739724633137138099e+00 -6.909084643462097830e+00 -3.214354482679721681e+00 1.000000000000000000e+00
3.754053080007395238e+00 -7.059605146539875697e+00 -3.171227241556601406e+00 1.000000000000000000e+00
3.768381526877652821e+00 -7.208692618496034044e+00 -3.127456272174379048e+00 1.000000000000000000e+00
3.782709973747909959e+00 -7.356316796025071270e+00 -3.083050459613744465e+00 1.000000000000000000e+00
3.797038420618167098e+00 -7.502447712856031181e+00 -3.038018817822373485e+00 1.000000000000000000e+00
3.811366867488424237e+00 -7.647055705835335893e+00 -2.992370487785177335e+00 1.000000000000000000e+00
3.825695314358681376e+00 -7.790111420948125698e+00 -2.946114735668781570e+00 1.000000000000000000e+00
3.840023761228938959e+00 -7.931585819276843807e+00 -2.899260950940573789e+00 1.000000000000000000e+00
3.854352208099196098e+00 -8.071450182895830494e+00 -2.851818644462758012e+00 1.000000000000000000e+00
3.868680654969453236e+00 -8.209676120700812874e+00 -2.803797446561706597e+00 1.000000000000000000e+00
3.883009101839710375e+00 -8.346235574172004235e+00 -2.755207105073119056e+00 1.000000000000000000e+00
3.897337548709967514e+00 -8.481100823069708028e+00 -2.706057483363311977e+00 1.000000000000000000e+00
3.911665995580225097e+00 -8.614244491061283426e+00 -2.656358558327028163e+00 1.000000000000000000e+00
3.925994442450482236e+00 -8.745639551278232560e+00 -2.606120418362253943e+00 1.000000000000000000e+00
3.940322889320739375e+00 -8.875259331802423546e+00 -2.555353261322340863e+00 1.000000000000000000e+00
3.954651336190996513e+00 -9.003077521080220080e+00 -2.504067392445970430e+00 1.000000000000000000e+00
3.968979783061254096e+00 -9.129068173263467756e+00 -2.452273222265273223e+00 1.000000000000000000e+00
3.983308229931511235e+00 -9.253205713476258865e+00 -2.399981264492593525e+00 1.000000000000000000e+00
3.997636676801768374e+00 -9.375464943006369012e+00 -2.347202133886309827e+00 1.000000000000000000e+00
4.011965123672025513e+00 -9.495821044420358348e+00 -2.293946544096148177e+00 1.000000000000000000e+00
4.026293570542282652e+00 -9.614249586601273379e+00 -2.240225305488413365e+00 1.000000000000000000e+00
4.040622017412539790e+00 -9.730726529707911965e+00 -2.186049322951579388e+00 1.000000000000000000e+00
4.054950464282796929e+00 -9.845228230054702934e+00 -2.131429593682710788e+00 1.000000000000000000e+00
4.069278911153054956e+00 -9.957731444911106067e+00 -2.076377204955145661e+00 1.000000000000000000e+00
4.083607358023312095e+00 -1.006821333721968514e+01 -2.020903331867881736e+00 1.000000000000000000e+00
4.097935804893569234e+00 -1.017665148023182198e+01 -1.965019235077126503e+00 1.000000000000000000e+00
4.112264251763826373e+00 -1.028302386206008556e+01 -1.908736258510521422e+00 1.000000000000000000e+00
4.126592698634083511e+00 -1.038730889014648184e+01 -1.852065827064404369e+00 1.000000000000000000e+00
4.140921145504340650e+00 -1.048948539564547389e+01 -1.795019444284696730e+00 1.000000000000000000e+00
4.155249592374597789e+00 -1.058953263772111519e+01 -1.737608690031769987e+00 1.000000000000000000e+00
4.169578039244854928e+00 -1.068743030775720015e+01 -1.679845218129857543e+00 1.000000000000000000e+00
4.183906486115112067e+00 -1.078315853347969622e+01 -1.621740754001452567e+00 1.000000000000000000e+00
4.198234932985369205e+00 -1.087669788299068685e+01 -1.563307092287136602e+00 1.000000000000000000e+00
4.212563379855627232e+00 -1.096802936871278611e+01 -1.504556094451407144e+00 1.000000000000000000e+00
4.226891826725884371e+00 -1.105713445124347949e+01 -1.445499686374905890e+00 1.000000000000000000e+00
4.241220273596141510e+00 -1.114399504311842826e+01 -1.386149855933568320e+00 1.000000000000000000e+00
4.255548720466398649e+00 -1.122859351248303561e+01 -1.326518650565229107e+00 1.000000000000000000e+00
4.269877167336655788e+00 -1.131091268667157124e+01 -1.266618174824078569e+00 1.000000000000000000e+00
4.284205614206912927e+00 -1.139093585569301403e+01 -1.206460587923586569e+00 1.000000000000000000e+00
4.298534061077170065e+00 -1.146864677562306412e+01 -1.146058101268274676e+00 1.000000000000000000e+00
4.312862507947427204e+00 -1.154402967190146789e+01 -1.085422975974929871e+00 1.000000000000000000e+00
4.327190954817684343e+00 -1.161706924253410556e+01 -1.024567520383730113e+00 1.000000000000000000e+00
4.341519401687942370e+00 -1.168775066119916595e+01 -9.635040875597390420e-01 1.000000000000000000e+00
4.355847848558199509e+00 -1.175605958025670539e+01 -9.022450727854014474e-01 1.000000000000000000e+00
4.370176295428456648e+00 -1.182198213366113571e+01 -8.408029110443709930e-01 1.000000000000000000e+00
4.384504742298713786e+00 -1.188550493977584743e+01 -7.791900744973563331e-01 1.000000000000000000e+00
4.398833189168970925e+00 -1.194661510408957561e+01 -7.174190699504019442e-01 1.000000000000000000e+00
4.413161636039228064e+00 -1.200530022183385270e+01 -6.555024363161010559e-01 1.000000000000000000e+00
4.427490082909485203e+00 -1.206154838050105838e+01 -5.934527420683494148e-01 1.000000000000000000e+00
4.441818529779742342e+00 -1.211534816226254030e+01 -5.312825826910407834e-01 1.000000000000000000e+00
4.456146976649999480e+00 -1.216668864628633351e+01 -4.690045781213169063e-01 1.000000000000000000e+00
4.470475423520257507e+00 -1.221555941095395603e+01 -4.066313701878519482e-01 1.000000000000000000e+00
4.484803870390514646e+00 -1.226195053597592732e+01 -3.441756200446720038e-01 1.000000000000000000e+00
4.499132317260771785e+00 -1.230585260440546413e+01 -2.816500056010723951e-01 1.000000000000000000e+00
4.513460764131028924e+00 -1.234725670455005897e+01 -2.190672189481132071e-01 1.000000000000000000e+00
4.527789211001286063e+00 -1.238615443178043130e+01 -1.564399637822566635e-01 1.000000000000000000e+00
4.542117657871543202e+00 -1.242253789023661703e+01 -9.378095282665190047e-02 1.000000000000000000e+00
4.556446104741800340e+00 -1.245639969443072559e+01 -3.110290525054859589e-02 1.000000000000000000e+00
4.570774551612057479e+00 -1.248773297074614419e+01 3.158145591253930934e-02 1.000000000000000000e+00
4.585102998482314618e+00 -1.251653135883279688e+01 9.425940634751288350e-02 1.000000000000000000e+00
4.599431445352571757e+00 -1.254278901289825043e+01 1.569182230405885836e-01 1.000000000000000000e+00
4.613759892222829784e+00 -1.256650060289433846e+01 2.195451868619384128e-01 1.000000000000000000e+00
4.628088339093086923e+00 -1.258766131559911372e+01 2.821275851475611995e-01 1.000000000000000000e+00
4.642416785963344061e+00 -1.260626685559389237e+01 3.446527142798215815e-01 1.000000000000000000e+00
4.656745232833601200e+00 -1.262231344613517692e+01 4.071078822661730601e-01 1.000000000000000000e+00
4.671073679703858339e+00 -1.263579782992129452e+01 4.694804113155003344e-01 1.000000000000000000e+00
4.685402126574115478e+00 -1.264671726975359611e+01 5.317576404115762490e-01 1.000000000000000000e+00
4.699730573444372617e+00 -1.265506954909210791e+01 5.939269278831519339e-01 1.000000000000000000e+00
4.714059020314629755e+00 -1.266085297250541686e+01 6.559756539700623001e-01 1.000000000000000000e+00
4.728387467184886894e+00 -1.266406636601488067e+01 7.178912233849411573e-01 1.000000000000000000e+00
4.742715914055144921e+00 -1.266470907733289053e+01 7.796610678699340546e-01 1.000000000000000000e+00
4.757044360925402060e+00 -1.266278097599530739e+01 8.412726487479059712e-01 1.000000000000000000e+00
4.771372807795659199e+00 -1.265828245338793678e+01 9.027134594677203028e-01 1.000000000000000000e+00
4.785701254665916338e+00 -1.265121442266707064e+01 9.639710281429010319e-01 1.000000000000000000e+00
4.800029701536173476e+00 -1.264157831857414749e+01 1.025032920083334798e+00 1.000000000000000000e+00
4.814358148406430615e+00 -1.262937609714448861e+01 1.085886740319380150e+00 1.000000000000000000e+00
4.828686595276687754e+00 -1.261461023531025916e+01 1.146520136117915589e+00 1.000000000000000000e+00
4.843015042146944893e+00 -1.259728373039767213e+01 1.206920799489849205e+00 1.000000000000000000e+00
4.857343489017202032e+00 -1.257740009951855420e+01 1.267076469688490858e+00 1.000000000000000000e+00
4.871671935887460059e+00 -1.255496337885641545e+01 1.326974935698395308e+00 1.000000000000000000e+00
4.886000382757717198e+00 -1.252997812284713319e+01 1.386604038714051690e+00 1.000000000000000000e+00
4.900328829627974336e+00 -1.250244940325445597e+01 1.445951674608016102e+00 1.000000000000000000e+00
4.914657276498231475e+00 -1.247238280814047329e+01 1.505005796387939965e+00 1.000000000000000000e+00
4.928985723368488614e+00 -1.243978444073130873e+01 1.563754416641969236e+00 1.000000000000000000e+00
4.943314170238745753e+00 -1.240466091817821059e+01 1.622185609972099263e+00 1.000000000000000000e+00
4.957642617109002892e+00 -1.236701937021434006e+01 1.680287515414886856e+00 1.000000000000000000e+00
4.971971063979260030e+00 -1.232686743770750226e+01 1.738048338849135233e+00 1.000000000000000000e+00
4.986299510849517169e+00 -1.228421327110912742e+01 1.795456355389975167e+00 1.000000000000000000e+00
5.000627957719774308e+00 -1.223906552879981646e+01 1.852499911768890950e+00 1.000000000000000000e+00
5.014956404590032335e+00 -1.219143337533174787e+01 1.909167428699250380e+00 1.000000000000000000e+00
5.029284851460289474e+00 -1.214132647956840394e+01 1.965447403226743273e+00 1.000000000000000000e+00
5.043613298330546613e+00 -1.208875501272184572e+01 2.021328411064416297e+00 1.000000000000000000e+00
5.057941745200803751e+00 -1.203372964628806763e+01 2.076799108911666636e+00 1.000000000000000000e+00
5.072270192071060890e+00 -1.197626154988081204e+01 2.131848236756814785e+00 1.000000000000000000e+00
5.086598638941318029e+00 -1.191636238896420430e+01 2.186464620162801076e+00 1.000000000000000000e+00
5.100927085811575168e+00 -1.185404432248481577e+01 2.240637172535462351e+00 1.000000000000000000e+00
5.115255532681832307e+00 -1.178932000040349770e+01 2.294354897374022872e+00 1.000000000000000000e+00
5.129583979552089446e+00 -1.172220256112755088e+01 2.347606890503269650e+00 1.000000000000000000e+00
5.143912426422347473e+00 -1.165270562884379046e+01 2.400382342286986770e+00 1.000000000000000000e+00
5.158240873292604611e+00 -1.158084331075292894e+01 2.452670539822213502e+00 1.000000000000000000e+00
5.172569320162861750e+00 -1.150663019420599475e+01 2.504460869113859012e+00 1.000000000000000000e+00
5.186897767033118889e+00 -1.143008134374319340e+01 2.555742817229241570e+00 1.000000000000000000e+00
5.201226213903376028e+00 -1.135121229803598730e+01 2.606505974432112183e+00 1.000000000000000000e+00
5.215554660773633167e+00 -1.127003906673290068e+01 2.656740036295716312e+00 1.000000000000000000e+00
5.229883107643890305e+00 -1.118657812720967648e+01 2.706434805794514897e+00 1.000000000000000000e+00
5.244211554514147444e+00 -1.110084642122458298e+01 2.755580195374057073e+00 1.000000000000000000e+00
5.258540001384404583e+00 -1.101286135147936029e+01 2.804166228998676846e+00 1.000000000000000000e+00
5.272868448254662610e+00 -1.092264077808664524e+01 2.852183044176525240e+00 1.000000000000000000e+00
5.287196895124919749e+00 -1.083020301494459048e+01 2.899620893961537327e+00 1.000000000000000000e+00
5.301525341995176888e+00 -1.073556682601923917e+01 2.946470148932009092e+00 1.000000000000000000e+00
5.315853788865434026e+00 -1.063875142153570508e+01 2.992721299145239211e+00 1.000000000000000000e+00
5.330182235735691165e+00 -1.053977645407861985e+01 3.038364956067978628e+00 1.000000000000000000e+00
5.344510682605948304e+00 -1.043866201460288501e+01 3.083391854482201655e+00 1.000000000000000000e+00
5.358839129476205443e+00 -1.033542862835540355e+01 3.127792854365847308e+00 1.000000000000000000e+00
5.373167576346462582e+00 -1.023009725070862608e+01 3.171558942748176069e+00 1.000000000000000000e+00
5.387496023216719720e+00 -1.012268926290685656e+01 3.214681235539288640e+00 1.000000000000000000e+00
5.401824470086976859e+00 -1.001322646772603520e+01 3.257150979333535812e+00 1.000000000000000000e+00
5.416152916957234886e+00 -9.901731085047975611e+00 3.298959553186361582e+00 1.000000000000000000e+00
5.430481363827492025e+00 -9.788225747350020711e+00 3.340098470364257111e+00 1.000000000000000000e+00
5.444809810697749164e+00 -9.672733495110756863e+00 3.380559380067518660e+00 1.000000000000000000e+00
5.459138257568006303e+00 -9.555277772133125680e+00 3.420334069125344989e+00 1.000000000000000000e+00
5.473466704438263442e+00 -9.435882420785484115e+00 3.459414463663055272e+00 1.000000000000000000e+00
5.487795151308520580e+00 -9.314571677161874064e+00 3.497792630740996334e+00 1.000000000000000000e+00
5.502123598178777719e+00 -9.191370166162341704e+00 3.535460779964846090e+00 1.000000000000000000e+00
5.516452045049034858e+00 -9.066302896494274677e+00 3.572411265067005015e+00 1.000000000000000000e+00
5.530780491919291997e+00 -8.939395255595940171e+00 3.608636585458695478e+00 1.000000000000000000e+00
5.545108938789550024e+00 -8.810673004483014381e+00 3.644129387752523375e+00 1.000000000000000000e+00
5.559437385659807163e+00 -8.680162272519412525e+00 3.678882467255133459e+00 1.000000000000000000e+00
5.573765832530064301e+00 -8.547889552113250744e+00 3.712888769429695035e+00 1.000000000000000000e+00
5.588094279400321440e+00 -8.413881693339114065e+00 3.746141391327912018e+00 1.000000000000000000e+00
5.602422726270578579e+00 -8.278165898487829466e+00 3.778633582991238971e+00 1.000000000000000000e+00
5.616751173140835718e+00 -8.140769716544589585e+00 3.810358748821072172e+00 1.000000000000000000e+00
5.631079620011092857e+00 -8.001721037596807307e+00 3.841310448917584885e+00 1.000000000000000000e+00
5.645408066881349995e+00 -7.861048087172735066e+00 3.871482400386959455e+00 1.000000000000000000e+00
5.659736513751607134e+00 -7.718779420511877376e+00 3.900868478616765778e+00 1.000000000000000000e+00
5.674064960621865161e+00 -7.574943916768637209e+00 3.929462718519185493e+00 1.000000000000000000e+00
5.688393407492122300e+00 -7.429570773150086183e+00 3.957259315741873618e+00 1.000000000000000000e+00
5.702721854362379439e+00 -7.282689498989197929e+00 3.984252627846188055e+00 1.000000000000000000e+00
5.717050301232636578e+00 -7.134329909754799637e+00 4.010437175452540970e+00 1.000000000000000000e+00
5.731378748102893717e+00 -6.984522120999252515e+00 4.035807643352669949e+00 1.000000000000000000e+00
5.745707194973150855e+00 -6.833296542245358651e+00 4.060358881588562063e+00 1.000000000000000000e+00
5.760035641843407994e+00 -6.680683870813462377e+00 4.084085906497854523e+00 1.000000000000000000e+00
5.774364088713665133e+00 -6.526715085590214294e+00 4.106983901725469011e+00 1.000000000000000000e+00
5.788692535583922272e+00 -6.371421440740197006e+00 4.129048219201276737e+00 1.000000000000000000e+00
5.803020982454180299e+00 -6.214834459361544994e+00 4.150274380083621928e+00 1.000000000000000000e+00
5.817349429324437438e+00 -6.056985927087195520e+00 4.170658075668472797e+00 1.000000000000000000e+00
5.831677876194694576e+00 -5.897907885632569958e+00 4.190195168264055248e+00 1.000000000000000000e+00
5.846006323064951715e+00 -5.737632626291497395e+00 4.208881692030761457e+00 1.000000000000000000e+00
5.860334769935208854e+00 -5.576192683381412607e+00 4.226713853786173480e+00 1.000000000000000000e+00
5.874663216805465993e+00 -5.413620827639139321e+00 4.243688033775046442e+00 1.000000000000000000e+00
5.888991663675723132e+00 -5.249950059568824656e+00 4.259800786404080775e+00 1.000000000000000000e+00
5.903320110545980270e+00 -5.085213602743090533e+00 4.275048840941344963e+00 1.000000000000000000e+00
5.917648557416237409e+00 -4.919444897059003452e+00 4.289429102180204012e+00 1.000000000000000000e+00
5.931977004286494548e+00 -4.752677591950130065e+00 4.302938651067613307e+00 1.000000000000000000e+00
5.946305451156752575e+00 -4.584945539555945970e+00 4.315574745296661519e+00 1.000000000000000000e+00
5.960633898027009714e+00 -4.416282787850310143e+00 4.327334819863225768e+00 1.000000000000000000e+00
5.974962344897266853e+00 -4.246723573729914492e+00 4.338216487586651127e+00 1.000000000000000000e+00
5.989290791767523991e+00 -4.076302316064609244e+00 4.348217539594321224e+00 1.000000000000000000e+00
6.003619238637781130e+00 -3.905053608710721935e+00 4.357335945770032914e+00 1.000000000000000000e+00
6.017947685508038269e+00 -3.733012213488770215e+00 4.365569855166100410e+00 1.000000000000000000e+00
6.032276132378295408e+00 -3.560213053127233795e+00 4.372917596379068073e+00 1.000000000000000000e+00
6.046604579248552547e+00 -3.386691204173507330e+00 4.379377677888999898e+00 1.000000000000000000e+00
6.060933026118809686e+00 -3.212481889873737728e+00 4.384948788362235561e+00 1.000000000000000000e+00
6.075261472989067713e+00 -3.037620473022860423e+00 4.389629796917581039e+00 1.000000000000000000e+00
6.089589919859324851e+00 -2.862142448786274773e+00 4.393419753355869872e+00 1.000000000000000000e+00
6.103918366729581990e+00 -2.686083437494686699e+00 4.396317888352836434e+00 1.000000000000000000e+00
6.118246813599839129e+00 -2.509479177413495687e+00 4.398323613615291450e+00 1.000000000000000000e+00
6.132575260470096268e+00 -2.332365517488297790e+00 4.399436522000530481e+00 1.000000000000000000e+00
6.146903707340353407e+00 -2.154778410067933692e+00 4.399656387598985141e+00 1.000000000000000000e+00
6.161232154210610545e+00 -1.976753903606429219e+00 4.398983165780079752e+00 1.000000000000000000e+00
6.175560601080867684e+00 -1.798328135345604206e+00 4.397416993201289870e+00 1.000000000000000000e+00
6.189889047951124823e+00 -1.619537323979484356e+00 4.394958187780401815e+00 1.000000000000000000e+00
6.204217494821382850e+00 -1.440417762302278915e+00 4.391607248630981175e+00 1.000000000000000000e+00
6.218545941691639989e+00 -1.261005809841379444e+00 4.387364855961054744e+00 1.000000000000000000e+00
6.232874388561897128e+00 -1.081337885476580496e+00 4.382231870935036966e+00 1.000000000000000000e+00
6.247202835432154266e+00 -9.014504600475377050e-01 4.376209335498918662e+00 1.000000000000000000e+00
6.261531282302411405e+00 -7.213800489504524904e-01 4.369298472168766878e+00 1.000000000000000000e+00
6.275859729172668544e+00 -5.411632047258354561e-01 4.361500683782560728e+00 1.000000000000000000e+00
6.290188176042925683e+00 -3.608365096387300963e-01 4.352817553215436064e+00 1.000000000000000000e+00
6.304516622913182822e+00 -1.804365682527909742e-01 4.343250843058369171e+00 1.000000000000000000e+00
6.318845069783439961e+00 -3.101978764283827297e-15 4.332802495260392739e+00 1.000000000000000000e+00
