0.000000000000000000e+00 0.000000000000000000e+00 -7.500000000000000000e-01 1.000000000000000000e+00
1.436287959397336035e-02 9.909738028407064081e-02 -7.498526811697541206e-01 1.000000000000000000e+00
2.872575918794672070e-02 1.981558301410908940e-01 -7.494107825532501099e-01 1.000000000000000000e+00
4.308863878192008279e-02 2.971364344378370492e-01 -7.486744777504541482e-01 1.000000000000000000e+00
5.745151837589344140e-02 3.960003086227302793e-01 -7.476440560188656326e-01 1.000000000000000000e+00
7.181439796986680002e-02 4.947086140016411226e-01 -7.463199221598822986e-01 1.000000000000000000e+00
8.617727756384016558e-02 5.932225729956792648e-01 -7.447025963597739828e-01 1.000000000000000000e+00
1.005401571578135173e-01 6.915034843749726656e-01 -7.427927139853274241e-01 1.000000000000000000e+00
1.149030367517868828e-01 7.895127384624550659e-01 -7.405910253342420368e-01 1.000000000000000000e+00
1.292659163457602345e-01 8.872118323016852104e-01 -7.380983953403756903e-01 1.000000000000000000e+00
1.436287959397336000e-01 9.845623847827417174e-01 -7.353158032339546235e-01 1.000000000000000000e+00
1.579916755337069656e-01 1.081526151720250795e+00 -7.322443421568832767e-01 1.000000000000000000e+00
1.723545551276803312e-01 1.178065040877621428e+00 -7.288852187333032528e-01 1.000000000000000000e+00
1.867174347216536967e-01 1.274141126931589874e+00 -7.252397525955702751e-01 1.000000000000000000e+00
2.010803143156270345e-01 1.369716666371190605e+00 -7.213093758658364330e-01 1.000000000000000000e+00
2.154431939096004001e-01 1.464754112325302948e+00 -7.170956325934412234e-01 1.000000000000000000e+00
2.298060735035737656e-01 1.559216129312946508e+00 -7.126001781483308761e-01 1.000000000000000000e+00
2.441689530975471312e-01 1.653065607910533918e+00 -7.078247785707463269e-01 1.000000000000000000e+00
2.585318326915204690e-01 1.746265679330315512e+00 -7.027713098774331923e-01 1.000000000000000000e+00
2.728947122854938345e-01 1.838779729904289839e+00 -6.974417573246491919e-01 1.000000000000000000e+00
2.872575918794672001e-01 1.930571415467892127e+00 -6.918382146282551215e-01 1.000000000000000000e+00
3.016204714734405656e-01 2.021604675637806547e+00 -6.859628831411983541e-01 1.000000000000000000e+00
3.159833510674139312e-01 2.111843747978294772e+00 -6.798180709887110540e-01 1.000000000000000000e+00
3.303462306613872967e-01 2.201253182050477264e+00 -6.734061921615618340e-01 1.000000000000000000e+00
3.447091102553606623e-01 2.289797853339046618e+00 -6.667297655677204560e-01 1.000000000000000000e+00
3.590719898493340279e-01 2.377442977050940431e+00 -6.597914140428025043e-01 1.000000000000000000e+00
3.734348694433073934e-01 2.464154121780552043e+00 -6.525938633196898264e-01 1.000000000000000000e+00
3.877977490372807035e-01 2.549897223036118987e+00 -6.451399409577238675e-01 1.000000000000000000e+00
4.021606286312540690e-01 2.634638596621965867e+00 -6.374325752318994454e-01 1.000000000000000000e+00
4.165235082252274346e-01 2.718344951871345838e+00 -6.294747939824916205e-01 1.000000000000000000e+00
4.308863878192008001e-01 2.800983404724685766e+00 -6.212697234255668555e-01 1.000000000000000000e+00
4.452492674131741657e-01 2.882521490648099594e+00 -6.128205869248493087e-01 1.000000000000000000e+00
4.596121470071475312e-01 2.962927177387083333e+00 -6.041307037254212142e-01 1.000000000000000000e+00
4.739750266011208968e-01 3.042168877550396999e+00 -5.952034876497571680e-01 1.000000000000000000e+00
4.883379061950942623e-01 3.120215461019172132e+00 -5.860424457566026923e-01 1.000000000000000000e+00
5.027007857890676279e-01 3.197036267176394109e+00 -5.766511769632258755e-01 1.000000000000000000e+00
5.170636653830409379e-01 3.272601116951923128e+00 -5.670333706315819899e-01 1.000000000000000000e+00
5.314265449770143590e-01 3.346880324678357610e+00 -5.571928051189464215e-01 1.000000000000000000e+00
5.457894245709876690e-01 3.419844709753044221e+00 -5.471333462935865644e-01 1.000000000000000000e+00
5.601523041649610901e-01 3.491465608101695928e+00 -5.368589460160544391e-01 1.000000000000000000e+00
5.745151837589344002e-01 3.561714883439066615e+00 -5.263736405866981105e-01 1.000000000000000000e+00
5.888780633529078212e-01 3.630564938322311530e+00 -5.156815491599986423e-01 1.000000000000000000e+00
6.032409429468811313e-01 3.697988724992632648e+00 -5.047868721263616409e-01 1.000000000000000000e+00
6.176038225408544413e-01 3.763959756001011403e+00 -4.936938894619906648e-01 1.000000000000000000e+00
6.319667021348278624e-01 3.828452114613797530e+00 -4.824069590474993063e-01 1.000000000000000000e+00
6.463295817288011724e-01 3.891440464994110560e+00 -4.709305149559163683e-01 1.000000000000000000e+00
6.606924613227745935e-01 3.952900062155023875e+00 -4.592690657107587615e-01 1.000000000000000000e+00
6.750553409167479035e-01 4.012806761680639767e+00 -4.474271925148581852e-01 1.000000000000000000e+00
6.894182205107213246e-01 4.071137029211233660e+00 -4.354095474506333163e-01 1.000000000000000000e+00
7.037811001046946346e-01 4.127867949688721616e+00 -4.232208516525197695e-01 1.000000000000000000e+00
7.181439796986680557e-01 4.182977236358855322e+00 -4.108658934522695372e-01 1.000000000000000000e+00
7.325068592926413658e-01 4.236443239526572313e+00 -3.983495264978558215e-01 1.000000000000000000e+00
7.468697388866147868e-01 4.288244955061088604e+00 -3.856766678467148379e-01 1.000000000000000000e+00
7.612326184805880969e-01 4.338362032647370192e+00 -3.728522960340796555e-01 1.000000000000000000e+00
7.755954980745614069e-01 4.386774783780762910e+00 -3.598814491171611341e-01 1.000000000000000000e+00
7.899583776685348280e-01 4.433464189501624020e+00 -3.467692226959461221e-01 1.000000000000000000e+00
8.043212572625081380e-01 4.478411907866926889e+00 -3.335207679113901258e-01 1.000000000000000000e+00
8.186841368564815591e-01 4.521600281155891743e+00 -3.201412894217900984e-01 1.000000000000000000e+00
8.330470164504548691e-01 4.563012342806830546e+00 -3.066360433581341027e-01 1.000000000000000000e+00
8.474098960444282902e-01 4.602631824082462408e+00 -2.930103352592279276e-01 1.000000000000000000e+00
8.617727756384016002e-01 4.640443160461089178e+00 -2.792695179874141176e-01 1.000000000000000000e+00
8.761356552323750213e-01 4.676431497751123878e+00 -2.654189896256983761e-01 1.000000000000000000e+00
8.904985348263483314e-01 4.710582697926560591e+00 -2.514641913571112886e-01 1.000000000000000000e+00
9.048614144203217524e-01 4.742883344681102287e+00 -2.374106053271387573e-01 1.000000000000000000e+00
9.192242940142950625e-01 4.773320748698759886e+00 -2.232637524900603632e-01 1.000000000000000000e+00
9.335871736082683725e-01 4.801882952638852231e+00 -2.090291904400401468e-01 1.000000000000000000e+00
9.479500532022417936e-01 4.828558735833449411e+00 -1.947125112278253745e-01 1.000000000000000000e+00
9.623129327962151036e-01 4.853337618695413802e+00 -1.803193391639085208e-01 1.000000000000000000e+00
9.766758123901885247e-01 4.876209866835310436e+00 -1.658553286090147516e-01 1.000000000000000000e+00
9.910386919841618347e-01 4.897166494885564880e+00 -1.513261617527856540e-01 1.000000000000000000e+00
1.005401571578135256e+00 4.916199270030362278e+00 -1.367375463815296288e-01 1.000000000000000000e+00
1.019764451172108677e+00 4.933300715239915313e+00 -1.220952136359172574e-01 1.000000000000000000e+00
1.034127330766081876e+00 4.948464112207809684e+00 -1.074049157595012571e-01 1.000000000000000000e+00
1.048490210360055297e+00 4.961683503990307997e+00 -9.267242383894533364e-02 1.000000000000000000e+00
1.062853089954028718e+00 4.972953697346516932e+00 -7.790352553685352122e-02 1.000000000000000000e+00
1.077215969548001917e+00 4.982270264778562385e+00 -6.310402281808405456e-02 1.000000000000000000e+00
1.091578849141975338e+00 4.989629546270939464e+00 -4.827972967044690672e-02 1.000000000000000000e+00
1.105941728735948759e+00 4.995028650728334796e+00 -3.343646982067721707e-02 1.000000000000000000e+00
1.120304608329922180e+00 4.998465457111410437e+00 -1.858007444658342500e-02 1.000000000000000000e+00
1.134667487923895379e+00 4.999938615270039577e+00 -3.716379886267691304e-03 1.000000000000000000e+00
1.149030367517868800e+00 4.999447546473728465e+00 1.114877465468179507e-02 1.000000000000000000e+00
1.163393247111842221e+00 4.996992443638956338e+00 2.600954939712263672e-02 1.000000000000000000e+00
1.177756126705815642e+00 4.992574271253398699e+00 4.086010628251705162e-02 1.000000000000000000e+00
1.192119006299788841e+00 4.986194764997020634e+00 5.569461126641443716e-02 1.000000000000000000e+00
1.206481885893762263e+00 4.977856431060220466e+00 7.050723661035807055e-02 1.000000000000000000e+00
1.220844765487735684e+00 4.967562545159270648e+00 8.529216317131138592e-02 1.000000000000000000e+00
1.235207645081708883e+00 4.955317151249451157e+00 1.000435826877112411e-01 1.000000000000000000e+00
1.249570524675682304e+00 4.941125059936378072e+00 1.147557000612439704e-01 1.000000000000000000e+00
1.263933404269655725e+00 4.924991846586161515e+00 1.294227356334513024e-01 1.000000000000000000e+00
1.278296283863629146e+00 4.906923849135117699e+00 1.440389274562699773e-01 1.000000000000000000e+00
1.292659163457602345e+00 4.886928165599913498e+00 1.585985335556143183e-01 1.000000000000000000e+00
1.307022043051575766e+00 4.865012651289100987e+00 1.730958341871133011e-01 1.000000000000000000e+00
1.321384922645549187e+00 4.841185915717169053e+00 1.875251340831110280e-01 1.000000000000000000e+00
1.335747802239522608e+00 4.815457319222286259e+00 2.018807646900560027e-01 1.000000000000000000e+00
1.350110681833495807e+00 4.787836969289090305e+00 2.161570863953918842e-01 1.000000000000000000e+00
1.364473561427469228e+00 4.758335716577963836e+00 2.303484907430823347e-01 1.000000000000000000e+00
1.378836441021442649e+00 4.726965150662346460e+00 2.444494026368922435e-01 1.000000000000000000e+00
1.393199320615415848e+00 4.693737595475771407e+00 2.584542825305664038e-01 1.000000000000000000e+00
1.407562200209389269e+00 4.658666104470404079e+00 2.723576286040422234e-01 1.000000000000000000e+00
1.421925079803362690e+00 4.621764455488991175e+00 2.861539789248392363e-01 1.000000000000000000e+00
1.436287959397336111e+00 4.583047145352230345e+00 2.998379135937818685e-01 1.000000000000000000e+00
1.450650838991309310e+00 4.542529384163696449e+00 3.134040568742069155e-01 1.000000000000000000e+00
1.465013718585282732e+00 4.500227089334541297e+00 3.268470793038238953e-01 1.000000000000000000e+00
1.479376598179256153e+00 4.456156879330340104e+00 3.401616997883945004e-01 1.000000000000000000e+00
1.493739477773229574e+00 4.410336067142522687e+00 3.533426876764126368e-01 1.000000000000000000e+00
1.508102357367202773e+00 4.362782653486966922e+00 3.663848648139649278e-01 1.000000000000000000e+00
1.522465236961176194e+00 4.313515319732397657e+00 3.792831075789732109e-01 1.000000000000000000e+00
1.536828116555149615e+00 4.262553420561426165e+00 3.920323488940062884e-01 1.000000000000000000e+00
1.551190996149122814e+00 4.209916976367046537e+00 4.046275802168856073e-01 1.000000000000000000e+00
1.565553875743096235e+00 4.155626665387624818e+00 4.170638535082907827e-01 1.000000000000000000e+00
1.579916755337069656e+00 4.099703815583445099e+00 4.293362831755980213e-01 1.000000000000000000e+00
1.594279634931043077e+00 4.042170396258019771e+00 4.414400479921866682e-01 1.000000000000000000e+00
1.608642514525016276e+00 3.983049009427445331e+00 4.533703929914576491e-01 1.000000000000000000e+00
1.623005394118989697e+00 3.922362880941185015e+00 4.651226313348258978e-01 1.000000000000000000e+00
1.637368273712963118e+00 3.860135851357804793e+00 4.766921461529429194e-01 1.000000000000000000e+00
1.651731153306936539e+00 3.796392366579190103e+00 4.880743923594366152e-01 1.000000000000000000e+00
1.666094032900909738e+00 3.731157468246978581e+00 4.992648984364492781e-01 1.000000000000000000e+00
1.680456912494883159e+00 3.664456783904938675e+00 5.102592681912738737e-01 1.000000000000000000e+00
1.694819792088856580e+00 3.596316516931184371e+00 5.210531824833997128e-01 1.000000000000000000e+00
1.709182671682829779e+00 3.526763436244184646e+00 5.316424009212865620e-01 1.000000000000000000e+00
1.723545551276803200e+00 3.455824865786562672e+00 5.420227635282064416e-01 1.000000000000000000e+00
1.737908430870776622e+00 3.383528673790909824e+00 5.521901923764866993e-01 1.000000000000000000e+00
1.752271310464750043e+00 3.309903261831718790e+00 5.621406931895291947e-01 1.000000000000000000e+00
1.766634190058723242e+00 3.234977553667833572e+00 5.718703569109601093e-01 1.000000000000000000e+00
1.780997069652696663e+00 3.158780983879738713e+00 5.813753612403044224e-01 1.000000000000000000e+00
1.795359949246670084e+00 3.081343486306179713e+00 5.906519721345775409e-01 1.000000000000000000e+00
1.809722828840643505e+00 3.002695482284653661e+00 5.996965452752042181e-01 1.000000000000000000e+00
1.824085708434616704e+00 2.922867868700366856e+00 6.085055274996908903e-01 1.000000000000000000e+00
1.838448588028590125e+00 2.841892005848398295e+00 6.170754581974855491e-01 1.000000000000000000e+00
1.852811467622563546e+00 2.759799705113797685e+00 6.254029706694799184e-01 1.000000000000000000e+00
1.867174347216536745e+00 2.676623216474476319e+00 6.334847934506171452e-01 1.000000000000000000e+00
1.881537226810510166e+00 2.592395215831794442e+00 6.413177515950884144e-01 1.000000000000000000e+00
1.895900106404483587e+00 2.507148792173825580e+00 6.488987679236105643e-01 1.000000000000000000e+00
1.910262985998457008e+00 2.420917434576350669e+00 6.562248642322964232e-01 1.000000000000000000e+00
1.924625865592430207e+00 2.333735019046651260e+00 6.632931624626434708e-01 1.000000000000000000e+00
1.938988745186403628e+00 2.245635795215325636e+00 6.701008858321794159e-01 1.000000000000000000e+00
1.953351624780377049e+00 2.156654372881307680e+00 6.766453599253218210e-01 1.000000000000000000e+00
1.967714504374350470e+00 2.066825708415401142e+00 6.829240137440228953e-01 1.000000000000000000e+00
1.982077383968323669e+00 1.976185091027667928e+00 6.889343807177858992e-01 1.000000000000000000e+00
1.996440263562297091e+00 1.884768128904038109e+00 6.946740996726596951e-01 1.000000000000000000e+00
2.010803143156270512e+00 1.792610735217650575e+00 7.001409157588240895e-01 1.000000000000000000e+00
2.025166022750243933e+00 1.699749114020333129e+00 7.053326813364099168e-01 1.000000000000000000e+00
2.039528902344217354e+00 1.606219746019842631e+00 7.102473568191993714e-01 1.000000000000000000e+00
2.053891781938190331e+00 1.512059374248418742e+00 7.148830114758766285e-01 1.000000000000000000e+00
2.068254661532163752e+00 1.417304989628254352e+00 7.192378241885185597e-01 1.000000000000000000e+00
2.082617541126137173e+00 1.321993816439626768e+00 7.233100841680187854e-01 1.000000000000000000e+00
2.096980420720110594e+00 1.226163297697316246e+00 7.270981916261731737e-01 1.000000000000000000e+00
2.111343300314084015e+00 1.129851080441121480e+00 7.306006584041557783e-01 1.000000000000000000e+00
2.125706179908057436e+00 1.033095000946199216e+00 7.338161085571435205e-01 1.000000000000000000e+00
2.140069059502030857e+00 9.359330698590820896e-01 7.367432788948560241e-01 1.000000000000000000e+00
2.154431939096003834e+00 8.384034572651956063e-01 7.393810194777992173e-01 1.000000000000000000e+00
2.168794818689977255e+00 7.405444776937106788e-01 7.417282940690211879e-01 1.000000000000000000e+00
2.183157698283950676e+00 6.423945750656955278e-01 7.437841805411961049e-01 1.000000000000000000e+00
2.197520577877924097e+00 5.439923075913979389e-01 7.455478712388836637e-01 1.000000000000000000e+00
2.211883457471897518e+00 4.453763326226566899e-01 7.470186732958157272e-01 1.000000000000000000e+00
2.226246337065870939e+00 3.465853914663388213e-01 7.481960089070897046e-01 1.000000000000000000e+00
2.240609216659844360e+00 2.476582941648156622e-01 7.490794155561584233e-01 1.000000000000000000e+00
2.254972096253817782e+00 1.486339042494358442e-01 7.496685461965311159e-01 1.000000000000000000e+00
2.269334975847790759e+00 4.955112347296784098e-02 7.499631693881092520e-01 1.000000000000000000e+00
2.283697855441764180e+00 -4.955112347296217190e-02 7.499631693881092520e-01 1.000000000000000000e+00
2.298060735035737601e+00 -1.486339042494324303e-01 7.496685461965312269e-01 1.000000000000000000e+00
2.312423614629711022e+00 -2.476582941648144132e-01 7.490794155561585344e-01 1.000000000000000000e+00
2.326786494223684443e+00 -3.465853914663353241e-01 7.481960089070897046e-01 1.000000000000000000e+00
2.341149373817657864e+00 -4.453763326226531927e-01 7.470186732958157272e-01 1.000000000000000000e+00
2.355512253411631285e+00 -5.439923075913966066e-01 7.455478712388836637e-01 1.000000000000000000e+00
2.369875133005604262e+00 -6.423945750656898657e-01 7.437841805411962159e-01 1.000000000000000000e+00
2.384238012599577683e+00 -7.405444776937053497e-01 7.417282940690211879e-01 1.000000000000000000e+00
2.398600892193551104e+00 -8.384034572651900552e-01 7.393810194777994393e-01 1.000000000000000000e+00
2.412963771787524525e+00 -9.359330698590810904e-01 7.367432788948560241e-01 1.000000000000000000e+00
2.427326651381497946e+00 -1.033095000946196107e+00 7.338161085571436315e-01 1.000000000000000000e+00
2.441689530975471367e+00 -1.129851080441118372e+00 7.306006584041557783e-01 1.000000000000000000e+00
2.456052410569444788e+00 -1.226163297697315135e+00 7.270981916261731737e-01 1.000000000000000000e+00
2.470415290163417765e+00 -1.321993816439621439e+00 7.233100841680190074e-01 1.000000000000000000e+00
2.484778169757391186e+00 -1.417304989628249023e+00 7.192378241885188928e-01 1.000000000000000000e+00
2.499141049351364607e+00 -1.512059374248413413e+00 7.148830114758769616e-01 1.000000000000000000e+00
2.513503928945338028e+00 -1.606219746019841521e+00 7.102473568191993714e-01 1.000000000000000000e+00
2.527866808539311450e+00 -1.699749114020329799e+00 7.053326813364101389e-01 1.000000000000000000e+00
2.542229688133284871e+00 -1.792610735217647244e+00 7.001409157588242005e-01 1.000000000000000000e+00
2.556592567727258292e+00 -1.884768128904036999e+00 6.946740996726596951e-01 1.000000000000000000e+00
2.570955447321231713e+00 -1.976185091027664820e+00 6.889343807177861212e-01 1.000000000000000000e+00
2.585318326915204690e+00 -2.066825708415397589e+00 6.829240137440231173e-01 1.000000000000000000e+00
2.599681206509178111e+00 -2.156654372881302795e+00 6.766453599253221540e-01 1.000000000000000000e+00
2.614044086103151532e+00 -2.245635795215322972e+00 6.701008858321796380e-01 1.000000000000000000e+00
2.628406965697124953e+00 -2.333735019046648596e+00 6.632931624626436928e-01 1.000000000000000000e+00
2.642769845291098374e+00 -2.420917434576347560e+00 6.562248642322965342e-01 1.000000000000000000e+00
2.657132724885071795e+00 -2.507148792173824248e+00 6.488987679236106754e-01 1.000000000000000000e+00
2.671495604479045216e+00 -2.592395215831791777e+00 6.413177515950887475e-01 1.000000000000000000e+00
2.685858484073018193e+00 -2.676623216474471878e+00 6.334847934506175893e-01 1.000000000000000000e+00
2.700221363666991614e+00 -2.759799705113793244e+00 6.254029706694803625e-01 1.000000000000000000e+00
2.714584243260965035e+00 -2.841892005848395630e+00 6.170754581974858821e-01 1.000000000000000000e+00
2.728947122854938456e+00 -2.922867868700363747e+00 6.085055274996911123e-01 1.000000000000000000e+00
2.743310002448911877e+00 -3.002695482284650552e+00 5.996965452752045511e-01 1.000000000000000000e+00
2.757672882042885298e+00 -3.081343486306179713e+00 5.906519721345776519e-01 1.000000000000000000e+00
2.772035761636858719e+00 -3.158780983879736048e+00 5.813753612403046445e-01 1.000000000000000000e+00
2.786398641230831696e+00 -3.234977553667828243e+00 5.718703569109606644e-01 1.000000000000000000e+00
2.800761520824805118e+00 -3.309903261831714794e+00 5.621406931895297499e-01 1.000000000000000000e+00
2.815124400418778539e+00 -3.383528673790907604e+00 5.521901923764870324e-01 1.000000000000000000e+00
2.829487280012751960e+00 -3.455824865786561340e+00 5.420227635282066636e-01 1.000000000000000000e+00
2.843850159606725381e+00 -3.526763436244180649e+00 5.316424009212872281e-01 1.000000000000000000e+00
2.858213039200698802e+00 -3.596316516931183926e+00 5.210531824833997128e-01 1.000000000000000000e+00
2.872575918794672223e+00 -3.664456783904936454e+00 5.102592681912740957e-01 1.000000000000000000e+00
2.886938798388645644e+00 -3.731157468246976805e+00 4.992648984364496112e-01 1.000000000000000000e+00
2.901301677982618621e+00 -3.796392366579187883e+00 4.880743923594369482e-01 1.000000000000000000e+00
2.915664557576592042e+00 -3.860135851357803016e+00 4.766921461529431969e-01 1.000000000000000000e+00
2.930027437170565463e+00 -3.922362880941182794e+00 4.651226313348262309e-01 1.000000000000000000e+00
2.944390316764538884e+00 -3.983049009427441778e+00 4.533703929914582043e-01 1.000000000000000000e+00
2.958753196358512305e+00 -4.042170396258017107e+00 4.414400479921870013e-01 1.000000000000000000e+00
2.973116075952485726e+00 -4.099703815583444211e+00 4.293362831755981324e-01 1.000000000000000000e+00
2.987478955546459147e+00 -4.155626665387623042e+00 4.170638535082908938e-01 1.000000000000000000e+00
3.001841835140432124e+00 -4.209916976367042984e+00 4.046275802168862734e-01 1.000000000000000000e+00
3.016204714734405545e+00 -4.262553420561422612e+00 3.920323488940069545e-01 1.000000000000000000e+00
3.030567594328378966e+00 -4.313515319732394104e+00 3.792831075789738771e-01 1.000000000000000000e+00
3.044930473922352387e+00 -4.362782653486964257e+00 3.663848648139653164e-01 1.000000000000000000e+00
3.059293353516325809e+00 -4.410336067142522687e+00 3.533426876764126923e-01 1.000000000000000000e+00
3.073656233110299230e+00 -4.456156879330338327e+00 3.401616997883948890e-01 1.000000000000000000e+00
3.088019112704272651e+00 -4.500227089334538633e+00 3.268470793038242839e-01 1.000000000000000000e+00
3.102381992298245628e+00 -4.542529384163694672e+00 3.134040568742073596e-01 1.000000000000000000e+00
3.116744871892219049e+00 -4.583047145352229457e+00 2.998379135937822570e-01 1.000000000000000000e+00
3.131107751486192470e+00 -4.621764455488988510e+00 2.861539789248397914e-01 1.000000000000000000e+00
3.145470631080165891e+00 -4.658666104470401415e+00 2.723576286040427785e-01 1.000000000000000000e+00
3.159833510674139312e+00 -4.693737595475768742e+00 2.584542825305671254e-01 1.000000000000000000e+00
3.174196390268112733e+00 -4.726965150662344683e+00 2.444494026368927986e-01 1.000000000000000000e+00
3.188559269862086154e+00 -4.758335716577963836e+00 2.303484907430824180e-01 1.000000000000000000e+00
3.202922149456059575e+00 -4.787836969289090305e+00 2.161570863953921062e-01 1.000000000000000000e+00
3.217285029050032552e+00 -4.815457319222283594e+00 2.018807646900567798e-01 1.000000000000000000e+00
3.231647908644005973e+00 -4.841185915717168164e+00 1.875251340831119440e-01 1.000000000000000000e+00
3.246010788237979394e+00 -4.865012651289099210e+00 1.730958341871135509e-01 1.000000000000000000e+00
3.260373667831952815e+00 -4.886928165599911722e+00 1.585985335556147346e-01 1.000000000000000000e+00
3.274736547425926236e+00 -4.906923849135116811e+00 1.440389274562701993e-01 1.000000000000000000e+00
3.289099427019899657e+00 -4.924991846586160626e+00 1.294227356334517187e-01 1.000000000000000000e+00
3.303462306613873078e+00 -4.941125059936378072e+00 1.147557000612445532e-01 1.000000000000000000e+00
3.317825186207846055e+00 -4.955317151249450269e+00 1.000435826877117962e-01 1.000000000000000000e+00
3.332188065801819477e+00 -4.967562545159270648e+00 8.529216317131196878e-02 1.000000000000000000e+00
3.346550945395792898e+00 -4.977856431060220466e+00 7.050723661035866729e-02 1.000000000000000000e+00
3.360913824989766319e+00 -4.986194764997018858e+00 5.569461126641518656e-02 1.000000000000000000e+00
3.375276704583739740e+00 -4.992574271253397811e+00 4.086010628251764837e-02 1.000000000000000000e+00
3.389639584177713161e+00 -4.996992443638956338e+00 2.600954939712273040e-02 1.000000000000000000e+00
3.404002463771686582e+00 -4.999447546473729354e+00 1.114877465468205354e-02 1.000000000000000000e+00
3.418365343365659559e+00 -4.999938615270039577e+00 -3.716379886266767130e-03 1.000000000000000000e+00
3.432728222959632980e+00 -4.998465457111410437e+00 -1.858007444658266866e-02 1.000000000000000000e+00
3.447091102553606401e+00 -4.995028650728335684e+00 -3.343646982067695339e-02 1.000000000000000000e+00
3.461453982147579822e+00 -4.989629546270939464e+00 -4.827972967044648345e-02 1.000000000000000000e+00
3.475816861741553243e+00 -4.982270264778563273e+00 -6.310402281808362435e-02 1.000000000000000000e+00
3.490179741335526664e+00 -4.972953697346516932e+00 -7.790352553685310488e-02 1.000000000000000000e+00
3.504542620929500085e+00 -4.961683503990307997e+00 -9.267242383894491731e-02 1.000000000000000000e+00
3.518905500523473506e+00 -4.948464112207811461e+00 -1.074049157595006743e-01 1.000000000000000000e+00
3.533268380117446483e+00 -4.933300715239915313e+00 -1.220952136359168411e-01 1.000000000000000000e+00
3.547631259711419904e+00 -4.916199270030364055e+00 -1.367375463815290459e-01 1.000000000000000000e+00
3.561994139305393325e+00 -4.897166494885566657e+00 -1.513261617527849046e-01 1.000000000000000000e+00
3.576357018899366746e+00 -4.876209866835312212e+00 -1.658553286090140300e-01 1.000000000000000000e+00
3.590719898493340168e+00 -4.853337618695413802e+00 -1.803193391639084653e-01 1.000000000000000000e+00
3.605082778087313589e+00 -4.828558735833449411e+00 -1.947125112278252912e-01 1.000000000000000000e+00
3.619445657681287010e+00 -4.801882952638853119e+00 -2.090291904400398693e-01 1.000000000000000000e+00
3.633808537275259987e+00 -4.773320748698762550e+00 -2.232637524900594750e-01 1.000000000000000000e+00
3.648171416869233408e+00 -4.742883344681104063e+00 -2.374106053271385630e-01 1.000000000000000000e+00
3.662534296463206829e+00 -4.710582697926562368e+00 -2.514641913571109000e-01 1.000000000000000000e+00
3.676897176057180250e+00 -4.676431497751124766e+00 -2.654189896256979320e-01 1.000000000000000000e+00
3.691260055651153671e+00 -4.640443160461090066e+00 -2.792695179874137290e-01 1.000000000000000000e+00
3.705622935245127092e+00 -4.602631824082463297e+00 -2.930103352592274835e-01 1.000000000000000000e+00
3.719985814839100513e+00 -4.563012342806832322e+00 -3.066360433581335476e-01 1.000000000000000000e+00
3.734348694433073490e+00 -4.521600281155893519e+00 -3.201412894217895988e-01 1.000000000000000000e+00
3.748711574027046911e+00 -4.478411907866928665e+00 -3.335207679113894597e-01 1.000000000000000000e+00
3.763074453621020332e+00 -4.433464189501626684e+00 -3.467692226959454560e-01 1.000000000000000000e+00
3.777437333214993753e+00 -4.386774783780765574e+00 -3.598814491171604679e-01 1.000000000000000000e+00
3.791800212808967174e+00 -4.338362032647370192e+00 -3.728522960340796000e-01 1.000000000000000000e+00
3.806163092402940595e+00 -4.288244955061089492e+00 -3.856766678467147269e-01 1.000000000000000000e+00
3.820525971996914016e+00 -4.236443239526573201e+00 -3.983495264978557104e-01 1.000000000000000000e+00
3.834888851590886993e+00 -4.182977236358858875e+00 -4.108658934522688155e-01 1.000000000000000000e+00
3.849251731184860414e+00 -4.127867949688723392e+00 -4.232208516525194364e-01 1.000000000000000000e+00
3.863614610778833836e+00 -4.071137029211235436e+00 -4.354095474506330943e-01 1.000000000000000000e+00
3.877977490372807257e+00 -4.012806761680643319e+00 -4.474271925148577411e-01 1.000000000000000000e+00
3.892340369966780678e+00 -3.952900062155026095e+00 -4.592690657107584284e-01 1.000000000000000000e+00
3.906703249560754099e+00 -3.891440464994112780e+00 -4.709305149559159798e-01 1.000000000000000000e+00
3.921066129154727520e+00 -3.828452114613800639e+00 -4.824069590474989178e-01 1.000000000000000000e+00
3.935429008748700941e+00 -3.763959756001011403e+00 -4.936938894619906648e-01 1.000000000000000000e+00
3.949791888342673918e+00 -3.697988724992636200e+00 -5.047868721263610858e-01 1.000000000000000000e+00
3.964154767936647339e+00 -3.630564938322314195e+00 -5.156815491599981982e-01 1.000000000000000000e+00
3.978517647530620760e+00 -3.561714883439070611e+00 -5.263736405866974444e-01 1.000000000000000000e+00
3.992880527124594181e+00 -3.491465608101696372e+00 -5.368589460160543281e-01 1.000000000000000000e+00
4.007243406718567158e+00 -3.419844709753049106e+00 -5.471333462935858982e-01 1.000000000000000000e+00
4.021606286312541023e+00 -3.346880324678359386e+00 -5.571928051189461994e-01 1.000000000000000000e+00
4.035969165906514000e+00 -3.272601116951928901e+00 -5.670333706315813238e-01 1.000000000000000000e+00
4.050332045500487865e+00 -3.197036267176395441e+00 -5.766511769632257645e-01 1.000000000000000000e+00
4.064694925094460842e+00 -3.120215461019174352e+00 -5.860424457566024703e-01 1.000000000000000000e+00
4.079057804688434707e+00 -3.042168877550395223e+00 -5.952034876497572791e-01 1.000000000000000000e+00
4.093420684282407684e+00 -2.962927177387086886e+00 -6.041307037254209922e-01 1.000000000000000000e+00
4.107783563876380661e+00 -2.882521490648103590e+00 -6.128205869248489757e-01 1.000000000000000000e+00
4.122146443470354527e+00 -2.800983404724689763e+00 -6.212697234255665224e-01 1.000000000000000000e+00
4.136509323064327504e+00 -2.718344951871349835e+00 -6.294747939824912875e-01 1.000000000000000000e+00
4.150872202658301369e+00 -2.634638596621966311e+00 -6.374325752318994454e-01 1.000000000000000000e+00
4.165235082252274346e+00 -2.549897223036123872e+00 -6.451399409577234234e-01 1.000000000000000000e+00
4.179597961846248211e+00 -2.464154121780552931e+00 -6.525938633196897154e-01 1.000000000000000000e+00
4.193960841440221188e+00 -2.377442977050941320e+00 -6.597914140428025043e-01 1.000000000000000000e+00
4.208323721034194165e+00 -2.289797853339052836e+00 -6.667297655677200119e-01 1.000000000000000000e+00
4.222686600628168030e+00 -2.201253182050479484e+00 -6.734061921615617230e-01 1.000000000000000000e+00
4.237049480222141007e+00 -2.111843747978300989e+00 -6.798180709887106099e-01 1.000000000000000000e+00
4.251412359816114872e+00 -2.021604675637809212e+00 -6.859628831411982430e-01 1.000000000000000000e+00
4.265775239410087849e+00 -1.930571415467895457e+00 -6.918382146282548995e-01 1.000000000000000000e+00
4.280138119004061714e+00 -1.838779729904289173e+00 -6.974417573246493030e-01 1.000000000000000000e+00
4.294500998598034691e+00 -1.746265679330319509e+00 -7.027713098774329703e-01 1.000000000000000000e+00
4.308863878192007668e+00 -1.653065607910538137e+00 -7.078247785707461048e-01 1.000000000000000000e+00
4.323226757785981533e+00 -1.559216129312950949e+00 -7.126001781483306541e-01 1.000000000000000000e+00
4.337589637379954510e+00 -1.464754112325308055e+00 -7.170956325934410014e-01 1.000000000000000000e+00
4.351952516973928375e+00 -1.369716666371191716e+00 -7.213093758658364330e-01 1.000000000000000000e+00
4.366315396567901352e+00 -1.274141126931595203e+00 -7.252397525955699420e-01 1.000000000000000000e+00
4.380678276161875218e+00 -1.178065040877622982e+00 -7.288852187333032528e-01 1.000000000000000000e+00
4.395041155755848195e+00 -1.081526151720252793e+00 -7.322443421568832767e-01 1.000000000000000000e+00
4.409404035349822060e+00 -9.845623847827441599e-01 -7.353158032339545125e-01 1.000000000000000000e+00
4.423766914943795037e+00 -8.872118323016878749e-01 -7.380983953403756903e-01 1.000000000000000000e+00
4.438129794537768014e+00 -7.895127384624623934e-01 -7.405910253342419258e-01 1.000000000000000000e+00
4.452492674131741879e+00 -6.915034843749759963e-01 -7.427927139853274241e-01 1.000000000000000000e+00
4.466855553725714856e+00 -5.932225729956829285e-01 -7.447025963597739828e-01 1.000000000000000000e+00
4.481218433319688721e+00 -4.947086140016407896e-01 -7.463199221598822986e-01 1.000000000000000000e+00
4.495581312913661698e+00 -3.960003086227346092e-01 -7.476440560188655216e-01 1.000000000000000000e+00
4.509944192507635563e+00 -2.971364344378372713e-01 -7.486744777504541482e-01 1.000000000000000000e+00
4.524307072101608540e+00 -1.981558301410958900e-01 -7.494107825532501099e-01 1.000000000000000000e+00
4.538669951695581517e+00 -9.909738028407598376e-02 -7.498526811697541206e-01 1.000000000000000000e+00
4.553032831289555382e+00 -1.224646799147353059e-15 -7.500000000000000000e-01 1.000000000000000000e+00
