0.000000000000000000e+00 0.000000000000000000e+00 -6.133981458229171846e-01 1.000000000000000000e+00
1.432229806095575153e-02 1.109838162968018876e-01 -6.132334664502157029e-01 1.000000000000000000e+00
2.864459612191150306e-02 2.219553804232174132e-01 -6.130010885502129581e-01 1.000000000000000000e+00
4.296689418286725459e-02 3.329024415614509902e-01 -6.127010377765016447e-01 1.000000000000000000e+00
5.728919224382300612e-02 4.438127515987389526e-01 -6.123333472534897570e-01 1.000000000000000000e+00
7.161149030477875765e-02 5.546740664794928000e-01 -6.118980575727437365e-01 1.000000000000000000e+00
8.593378836573450918e-02 6.654741475569933007e-01 -6.113952167885068345e-01 1.000000000000000000e+00
1.002560864266902607e-01 7.762007629444894752e-01 -6.108248804123950215e-01 1.000000000000000000e+00
1.145783844876460122e-01 8.868416888655484831e-01 -6.101871114072680014e-01 1.000000000000000000e+00
1.289006825486017638e-01 9.973847110035131136e-01 -6.094819801802784376e-01 1.000000000000000000e+00
1.432229806095575153e-01 1.107817625849913279e+00 -6.087095645750999484e-01 1.000000000000000000e+00
1.575452786705132668e-01 1.218128242051683463e+00 -6.078699498633324261e-01 1.000000000000000000e+00
1.718675767314690184e-01 1.328304381757041464e+00 -6.069632287350891220e-01 1.000000000000000000e+00
1.861898747924247699e-01 1.438333881959873439e+00 -6.059895012887641652e-01 1.000000000000000000e+00
2.005121728533805214e-01 1.548204595842480380e+00 -6.049488750199812914e-01 1.000000000000000000e+00
2.148344709143362730e-01 1.657904394116541003e+00 -6.038414648097275572e-01 1.000000000000000000e+00
2.291567689752920245e-01 1.767421166362133977e+00 -6.026673929116704853e-01 1.000000000000000000e+00
2.434790670362477760e-01 1.876742822364680707e+00 -6.014267889386620825e-01 1.000000000000000000e+00
2.578013650972035276e-01 1.985857293449658112e+00 -6.001197898484295079e-01 1.000000000000000000e+00
2.721236631581592791e-01 2.094752533814931095e+00 -5.987465399284563894e-01 1.000000000000000000e+00
2.864459612191150306e-01 2.203416521860559918e+00 -5.973071907800531211e-01 1.000000000000000000e+00
3.007682592800707821e-01 2.311837261515939268e+00 -5.958019013016213616e-01 1.000000000000000000e+00
3.150905573410265337e-01 2.420002783564114690e+00 -5.942308376711119555e-01 1.000000000000000000e+00
3.294128554019822852e-01 2.527901146963137169e+00 -5.925941733276796075e-01 1.000000000000000000e+00
3.437351534629380367e-01 2.635520440164305978e+00 -5.908920889525359765e-01 1.000000000000000000e+00
3.580574515238937883e-01 2.742848782427158127e+00 -5.891247724490032978e-01 1.000000000000000000e+00
3.723797495848495398e-01 2.849874325131050767e+00 -5.872924189217698654e-01 1.000000000000000000e+00
3.867020476458052913e-01 2.956585253083204190e+00 -5.853952306553527052e-01 1.000000000000000000e+00
4.010243457067610429e-01 3.062969785823052682e+00 -5.834334170917644391e-01 1.000000000000000000e+00
4.153466437677167944e-01 3.169016178922760663e+00 -5.814071948073931129e-01 1.000000000000000000e+00
4.296689418286725459e-01 3.274712725283755343e+00 -5.793167874890922109e-01 1.000000000000000000e+00
4.439912398896282975e-01 3.380047756429150674e+00 -5.771624259094870757e-01 1.000000000000000000e+00
4.583135379505840490e-01 3.485009643791898259e+00 -5.749443479014980651e-01 1.000000000000000000e+00
4.726358360115398005e-01 3.589586799998531585e+00 -5.726627983320848880e-01 1.000000000000000000e+00
4.869581340724955520e-01 3.693767680148368093e+00 -5.703180290752145609e-01 1.000000000000000000e+00
5.012804321334513036e-01 3.797540783088023897e+00 -5.679102989840550952e-01 1.000000000000000000e+00
5.156027301944070551e-01 3.900894652681089259e+00 -5.654398738623993559e-01 1.000000000000000000e+00
5.299250282553628066e-01 4.003817879072841812e+00 -5.629070264353213116e-01 1.000000000000000000e+00
5.442473263163185582e-01 4.106299099949852760e+00 -5.603120363190685627e-01 1.000000000000000000e+00
5.585696243772743097e-01 4.208327001794335054e+00 -5.576551899901933673e-01 1.000000000000000000e+00
5.728919224382300612e-01 4.309890321133115876e+00 -5.549367807539269393e-01 1.000000000000000000e+00
5.872142204991858128e-01 4.410977845781076212e+00 -5.521571087118000154e-01 1.000000000000000000e+00
6.015365185601415643e-01 4.511578416078933174e+00 -5.493164807285123574e-01 1.000000000000000000e+00
6.158588166210973158e-01 4.611680926125215407e+00 -5.464152103980566277e-01 1.000000000000000000e+00
6.301811146820530674e-01 4.711274325002323238e+00 -5.434536180090983049e-01 1.000000000000000000e+00
6.445034127430088189e-01 4.810347617996494129e+00 -5.404320305096174115e-01 1.000000000000000000e+00
6.588257108039645704e-01 4.908889867811579322e+00 -5.373507814708150532e-01 1.000000000000000000e+00
6.731480088649203219e-01 5.006890195776477981e+00 -5.342102110502877643e-01 1.000000000000000000e+00
6.874703069258760735e-01 5.104337783046100085e+00 -5.310106659544763241e-01 1.000000000000000000e+00
7.017926049868318250e-01 5.201221871795720375e+00 -5.277524994003895964e-01 1.000000000000000000e+00
7.161149030477875765e-01 5.297531766408600795e+00 -5.244360710766122757e-01 1.000000000000000000e+00
7.304372011087433281e-01 5.393256834656749987e+00 -5.210617471035955406e-01 1.000000000000000000e+00
7.447594991696990796e-01 5.488386508874661729e+00 -5.176298999932389400e-01 1.000000000000000000e+00
7.590817972306548311e-01 5.582910287125969262e+00 -5.141409086077672885e-01 1.000000000000000000e+00
7.734040952916105827e-01 5.676817734362791690e+00 -5.105951581179050125e-01 1.000000000000000000e+00
7.877263933525663342e-01 5.770098483577734250e+00 -5.069930399603551630e-01 1.000000000000000000e+00
8.020486914135220857e-01 5.862742236948365715e+00 -5.033349517945866491e-01 1.000000000000000000e+00
8.163709894744778373e-01 5.954738766974053910e+00 -4.996212974589333000e-01 1.000000000000000000e+00
8.306932875354335888e-01 6.046077917605036767e+00 -4.958524869260129142e-01 1.000000000000000000e+00
8.450155855963893403e-01 6.136749605363615245e+00 -4.920289362574670200e-01 1.000000000000000000e+00
8.593378836573450918e-01 6.226743820457332212e+00 -4.881510675580299496e-01 1.000000000000000000e+00
8.736601817183008434e-01 6.316050627884002289e+00 -4.842193089289294483e-01 1.000000000000000000e+00
8.879824797792565949e-01 6.404660168528507391e+00 -4.802340944206268114e-01 1.000000000000000000e+00
9.023047778402123464e-01 6.492562660251197215e+00 -4.761958639848987707e-01 1.000000000000000000e+00
9.166270759011680980e-01 6.579748398967802281e+00 -4.721050634262690671e-01 1.000000000000000000e+00
9.309493739621238495e-01 6.666207759720722770e+00 -4.679621443527930413e-01 1.000000000000000000e+00
9.452716720230796010e-01 6.751931197741591006e+00 -4.637675641262022919e-01 1.000000000000000000e+00
9.595939700840353526e-01 6.836909249504965480e+00 -4.595217858114132858e-01 1.000000000000000000e+00
9.739162681449911041e-01 6.921132533773079132e+00 -4.552252781254071401e-01 1.000000000000000000e+00
9.882385662059468556e-01 7.004591752631477597e+00 -4.508785153854853456e-01 1.000000000000000000e+00
1.002560864266902607e+00 7.087277692515485228e+00 -4.464819774569064315e-01 1.000000000000000000e+00
1.016883162327858248e+00 7.169181225227333698e+00 -4.420361496999115070e-01 1.000000000000000000e+00
1.031205460388814110e+00 7.250293308943886572e+00 -4.375415229161415120e-01 1.000000000000000000e+00
1.045527758449769973e+00 7.330604989214819511e+00 -4.329985932944555582e-01 1.000000000000000000e+00
1.059850056510725613e+00 7.410107399951145979e+00 -4.284078623561533572e-01 1.000000000000000000e+00
1.074172354571681254e+00 7.488791764404018281e+00 -4.237698368996088982e-01 1.000000000000000000e+00
1.088494652632637116e+00 7.566649396133626304e+00 -4.190850289443223131e-01 1.000000000000000000e+00
1.102816950693592979e+00 7.643671699968153099e+00 -4.143539556743950913e-01 1.000000000000000000e+00
1.117139248754548619e+00 7.719850172952646972e+00 -4.095771393814346406e-01 1.000000000000000000e+00
1.131461546815504260e+00 7.795176405287718602e+00 -4.047551074068954646e-01 1.000000000000000000e+00
1.145783844876460122e+00 7.869642081257943289e+00 -3.998883920838631201e-01 1.000000000000000000e+00
1.160106142937415985e+00 7.943238980149884831e+00 -3.949775306782862261e-01 1.000000000000000000e+00
1.174428440998371626e+00 8.015958977159625576e+00 -3.900230653296650196e-01 1.000000000000000000e+00
1.188750739059327266e+00 8.087794044289719153e+00 -3.850255429912008420e-01 1.000000000000000000e+00
1.203073037120283129e+00 8.158736251235447767e+00 -3.799855153694148835e-01 1.000000000000000000e+00
1.217395335181238991e+00 8.228777766260291671e+00 -3.749035388632419585e-01 1.000000000000000000e+00
1.231717633242194632e+00 8.297910857060523782e+00 -3.697801745026064180e-01 1.000000000000000000e+00
1.246039931303150272e+00 8.366127891618830859e+00 -3.646159878864865256e-01 1.000000000000000000e+00
1.260362229364106135e+00 8.433421339046848431e+00 -3.594115491204744051e-01 1.000000000000000000e+00
1.274684527425061997e+00 8.499783770416547313e+00 -3.541674327538393285e-01 1.000000000000000000e+00
1.289006825486017638e+00 8.565207859580350913e+00 -3.488842177160988989e-01 1.000000000000000000e+00
1.303329123546973278e+00 8.629686383979922937e+00 -3.435624872531082841e-01 1.000000000000000000e+00
1.317651421607929141e+00 8.693212225443504693e+00 -3.382028288626715007e-01 1.000000000000000000e+00
1.331973719668885003e+00 8.755778370971723845e+00 -3.328058342296849048e-01 1.000000000000000000e+00
1.346296017729840644e+00 8.817377913511815990e+00 -3.273720991608166098e-01 1.000000000000000000e+00
1.360618315790796284e+00 8.878004052720122274e+00 -3.219022235187325442e-01 1.000000000000000000e+00
1.374940613851752147e+00 8.937650095712838194e+00 -3.163968111558730922e-01 1.000000000000000000e+00
1.389262911912708010e+00 8.996309457804857246e+00 -3.108564698477914168e-01 1.000000000000000000e+00
1.403585209973663650e+00 9.053975663236714766e+00 -3.052818112260568539e-01 1.000000000000000000e+00
1.417907508034619291e+00 9.110642345889473859e+00 -2.996734507107326473e-01 1.000000000000000000e+00
1.432229806095575153e+00 9.166303249987524993e+00 -2.940320074424369601e-01 1.000000000000000000e+00
1.446552104156531016e+00 9.220952230789194459e+00 -2.883581042139918282e-01 1.000000000000000000e+00
1.460874402217486656e+00 9.274583255265108406e+00 -2.826523674016692689e-01 1.000000000000000000e+00
1.475196700278442297e+00 9.327190402764198751e+00 -2.769154268960422050e-01 1.000000000000000000e+00
1.489518998339398159e+00 9.378767865667340331e+00 -2.711479160324460902e-01 1.000000000000000000e+00
1.503841296400354022e+00 9.429309950028471832e+00 -2.653504715210624476e-01 1.000000000000000000e+00
1.518163594461309662e+00 9.478811076203186303e+00 -2.595237333766282628e-01 1.000000000000000000e+00
1.532485892522265303e+00 9.527265779464718420e+00 -2.536683448477799474e-01 1.000000000000000000e+00
1.546808190583221165e+00 9.574668710607204147e+00 -2.477849523460425862e-01 1.000000000000000000e+00
1.561130488644177028e+00 9.621014636536232345e+00 -2.418742053744679099e-01 1.000000000000000000e+00
1.575452786705132668e+00 9.666298440846542661e+00 -2.359367564559320118e-01 1.000000000000000000e+00
1.589775084766088309e+00 9.710515124386869701e+00 -2.299732610610994155e-01 1.000000000000000000e+00
1.604097382827044171e+00 9.753659805811812689e+00 -2.239843775360614020e-01 1.000000000000000000e+00
1.618419680888000034e+00 9.795727722120735947e+00 -2.179707670296576472e-01 1.000000000000000000e+00
1.632741978948955675e+00 9.836714229183566971e+00 -2.119330934204882999e-01 1.000000000000000000e+00
1.647064277009911315e+00 9.876614802253502745e+00 -2.058720232436233588e-01 1.000000000000000000e+00
1.661386575070867178e+00 9.915425036466521291e+00 -1.997882256170208370e-01 1.000000000000000000e+00
1.675708873131823040e+00 9.953140647327652246e+00 -1.936823721676585730e-01 1.000000000000000000e+00
1.690031171192778681e+00 9.989757471183979831e+00 -1.875551369573890126e-01 1.000000000000000000e+00
1.704353469253734321e+00 1.002527146568428407e+01 -1.814071964085259836e-01 1.000000000000000000e+00
1.718675767314690184e+00 1.005967871022531313e+01 -1.752392292291695131e-01 1.000000000000000000e+00
1.732998065375646046e+00 1.009297540638458379e+01 -1.690519163382801504e-01 1.000000000000000000e+00
1.747320363436601687e+00 1.012515787833972603e+01 -1.628459407905079592e-01 1.000000000000000000e+00
1.761642661497557327e+00 1.015622257327427747e+01 -1.566219877007852812e-01 1.000000000000000000e+00
1.775964959558513190e+00 1.018616606176989059e+01 -1.503807441686936808e-01 1.000000000000000000e+00
1.790287257619469052e+00 1.021498503818494719e+01 -1.441228992026105105e-01 1.000000000000000000e+00
1.804609555680424693e+00 1.024267632101946113e+01 -1.378491436436452000e-01 1.000000000000000000e+00
1.818931853741380333e+00 1.026923685326632096e+01 -1.315601700893732351e-01 1.000000000000000000e+00
1.833254151802336196e+00 1.029466370274877285e+01 -1.252566728173756527e-01 1.000000000000000000e+00
1.847576449863292058e+00 1.031895406244411006e+01 -1.189393477085943229e-01 1.000000000000000000e+00
1.861898747924247699e+00 1.034210525079356202e+01 -1.126088921705090395e-01 1.000000000000000000e+00
1.876221045985203340e+00 1.036411471199833478e+01 -1.062660050601467177e-01 1.000000000000000000e+00
1.890543344046159202e+00 1.038498001630174805e+01 -9.991138660692963636e-02 1.000000000000000000e+00
1.904865642107115065e+00 1.040469886025748103e+01 -9.354573833537441208e-02 1.000000000000000000e+00
1.919187940168070705e+00 1.042326906698385791e+01 -8.716976298764508857e-02 1.000000000000000000e+00
1.933510238229026346e+00 1.044068858640416586e+01 -8.078416444597349977e-02 1.000000000000000000e+00
1.947832536289982208e+00 1.045695549547298597e+01 -7.438964765495405251e-02 1.000000000000000000e+00
1.962154834350938071e+00 1.047206799838847324e+01 -6.798691854372015952e-02 1.000000000000000000e+00
1.976477132411893711e+00 1.048602442679062285e+01 -6.157668394801264072e-02 1.000000000000000000e+00
1.990799430472849352e+00 1.049882323994543931e+01 -5.515965153214792693e-02 1.000000000000000000e+00
2.005121728533805214e+00 1.051046302491502793e+01 -4.873652971089418445e-02 1.000000000000000000e+00
2.019444026594761077e+00 1.052094249671358384e+01 -4.230802757126640029e-02 1.000000000000000000e+00
2.033766324655716495e+00 1.053026049844924117e+01 -3.587485479424484813e-02 1.000000000000000000e+00
2.048088622716672358e+00 1.053841600145179846e+01 -2.943772157642925505e-02 1.000000000000000000e+00
2.062410920777628220e+00 1.054540810538627049e+01 -2.299733855163661744e-02 1.000000000000000000e+00
2.076733218838584083e+00 1.055123603835229318e+01 -1.655441671244951493e-02 1.000000000000000000e+00
2.091055516899539946e+00 1.055589915696931769e+01 -1.010966733172535825e-02 1.000000000000000000e+00
2.105377814960495364e+00 1.055939694644766469e+01 -3.663801884075542324e-03 1.000000000000000000e+00
2.119700113021451227e+00 1.056172902064533581e+01 2.782468032680570236e-03 1.000000000000000000e+00
2.134022411082407089e+00 1.056289512211064618e+01 9.228430776070477987e-03 1.000000000000000000e+00
2.148344709143362508e+00 1.056289512211064618e+01 1.567337473753293783e-02 1.000000000000000000e+00
2.162667007204318370e+00 1.056172902064533581e+01 2.211658842097644420e-02 1.000000000000000000e+00
2.176989305265274233e+00 1.055939694644766469e+01 2.855736052132485520e-02 1.000000000000000000e+00
2.191311603326230095e+00 1.055589915696931769e+01 3.499498000304322037e-02 1.000000000000000000e+00
2.205633901387185958e+00 1.055123603835229318e+01 4.142873617863320618e-02 1.000000000000000000e+00
2.219956199448141376e+00 1.054540810538627049e+01 4.785791878708940683e-02 1.000000000000000000e+00
2.234278497509097239e+00 1.053841600145179846e+01 5.428181807231131917e-02 1.000000000000000000e+00
2.248600795570053101e+00 1.053026049844924117e+01 6.069972486145489010e-02 1.000000000000000000e+00
2.262923093631008520e+00 1.052094249671358384e+01 6.711093064322426471e-02 1.000000000000000000e+00
2.277245391691964382e+00 1.051046302491502793e+01 7.351472764608829591e-02 1.000000000000000000e+00
2.291567689752920245e+00 1.049882323994543931e+01 7.991040891641508492e-02 1.000000000000000000e+00
2.305889987813876107e+00 1.048602442679062285e+01 8.629726839651737091e-02 1.000000000000000000e+00
2.320212285874831970e+00 1.047206799838847147e+01 9.267460100259840294e-02 1.000000000000000000e+00
2.334534583935787388e+00 1.045695549547298597e+01 9.904170270258966235e-02 1.000000000000000000e+00
2.348856881996743251e+00 1.044068858640416408e+01 1.053978705938751759e-01 1.000000000000000000e+00
2.363179180057699114e+00 1.042326906698385791e+01 1.117424029808864877e-01 1.000000000000000000e+00
2.377501478118654532e+00 1.040469886025748103e+01 1.180745994525688874e-01 1.000000000000000000e+00
2.391823776179610395e+00 1.038498001630174805e+01 1.243937609597037391e-01 1.000000000000000000e+00
2.406146074240566257e+00 1.036411471199833478e+01 1.306991898920800976e-01 1.000000000000000000e+00
2.420468372301522120e+00 1.034210525079356202e+01 1.369901901555085899e-01 1.000000000000000000e+00
2.434790670362477982e+00 1.031895406244411006e+01 1.432660672486673337e-01 1.000000000000000000e+00
2.449112968423433401e+00 1.029466370274877285e+01 1.495261283397719132e-01 1.000000000000000000e+00
2.463435266484389263e+00 1.026923685326632096e+01 1.557696823430618494e-01 1.000000000000000000e+00
2.477757564545345126e+00 1.024267632101945935e+01 1.619960399950929886e-01 1.000000000000000000e+00
2.492079862606300544e+00 1.021498503818494719e+01 1.682045139308291914e-01 1.000000000000000000e+00
2.506402160667256407e+00 1.018616606176989059e+01 1.743944187595266038e-01 1.000000000000000000e+00
2.520724458728212269e+00 1.015622257327427569e+01 1.805650711403953002e-01 1.000000000000000000e+00
2.535046756789168132e+00 1.012515787833972603e+01 1.867157898580394382e-01 1.000000000000000000e+00
2.549369054850123995e+00 1.009297540638458202e+01 1.928458958976598803e-01 1.000000000000000000e+00
2.563691352911079413e+00 1.005967871022531313e+01 1.989547125200148148e-01 1.000000000000000000e+00
2.578013650972035276e+00 1.002527146568428407e+01 2.050415653361294666e-01 1.000000000000000000e+00
2.592335949032991138e+00 9.989757471183978055e+00 2.111057823817454049e-01 1.000000000000000000e+00
2.606658247093946557e+00 9.953140647327652246e+00 2.171466941915023430e-01 1.000000000000000000e+00
2.620980545154902419e+00 9.915425036466521291e+00 2.231636338728462676e-01 1.000000000000000000e+00
2.635302843215858282e+00 9.876614802253502745e+00 2.291559371796493827e-01 1.000000000000000000e+00
2.649625141276814144e+00 9.836714229183566971e+00 2.351229425855417277e-01 1.000000000000000000e+00
2.663947439337770007e+00 9.795727722120735947e+00 2.410639913569407045e-01 1.000000000000000000e+00
2.678269737398725425e+00 9.753659805811812689e+00 2.469784276257722955e-01 1.000000000000000000e+00
2.692592035459681288e+00 9.710515124386869701e+00 2.528655984618770058e-01 1.000000000000000000e+00
2.706914333520637150e+00 9.666298440846542661e+00 2.587248539450900942e-01 1.000000000000000000e+00
2.721236631581592569e+00 9.621014636536232345e+00 2.645555472369897076e-01 1.000000000000000000e+00
2.735558929642548431e+00 9.574668710607204147e+00 2.703570346523072598e-01 1.000000000000000000e+00
2.749881227703504294e+00 9.527265779464718420e+00 2.761286757299853400e-01 1.000000000000000000e+00
2.764203525764460156e+00 9.478811076203184527e+00 2.818698333038836545e-01 1.000000000000000000e+00
2.778525823825416019e+00 9.429309950028470055e+00 2.875798735731183164e-01 1.000000000000000000e+00
2.792848121886371437e+00 9.378767865667340331e+00 2.932581661720322086e-01 1.000000000000000000e+00
2.807170419947327300e+00 9.327190402764198751e+00 2.989040842397847619e-01 1.000000000000000000e+00
2.821492718008283163e+00 9.274583255265108406e+00 3.045170044895538219e-01 1.000000000000000000e+00
2.835815016069238581e+00 9.220952230789194459e+00 3.100963072773446627e-01 1.000000000000000000e+00
2.850137314130194444e+00 9.166303249987524993e+00 3.156413766703963786e-01 1.000000000000000000e+00
2.864459612191150306e+00 9.110642345889473859e+00 3.211516005151781594e-01 1.000000000000000000e+00
2.878781910252106169e+00 9.053975663236714766e+00 3.266263705049686772e-01 1.000000000000000000e+00
2.893104208313062031e+00 8.996309457804857246e+00 3.320650822470107011e-01 1.000000000000000000e+00
2.907426506374017450e+00 8.937650095712838194e+00 3.374671353292336695e-01 1.000000000000000000e+00
2.921748804434973312e+00 8.878004052720122274e+00 3.428319333865366136e-01 1.000000000000000000e+00
2.936071102495929175e+00 8.817377913511814214e+00 3.481588841666248824e-01 1.000000000000000000e+00
2.950393400556884593e+00 8.755778370971725622e+00 3.534473995953916758e-01 1.000000000000000000e+00
2.964715698617840456e+00 8.693212225443504693e+00 3.586968958418405018e-01 1.000000000000000000e+00
2.979037996678796318e+00 8.629686383979924713e+00 3.639067933825360091e-01 1.000000000000000000e+00
2.993360294739752181e+00 8.565207859580347360e+00 3.690765170655825878e-01 1.000000000000000000e+00
3.007682592800708044e+00 8.499783770416543760e+00 3.742054961741171915e-01 1.000000000000000000e+00
3.022004890861663462e+00 8.433421339046848431e+00 3.792931644893159926e-01 1.000000000000000000e+00
3.036327188922619325e+00 8.366127891618830859e+00 3.843389603529021592e-01 1.000000000000000000e+00
3.050649486983575187e+00 8.297910857060523782e+00 3.893423267291496459e-01 1.000000000000000000e+00
3.064971785044530606e+00 8.228777766260289894e+00 3.943027112663788358e-01 1.000000000000000000e+00
3.079294083105486468e+00 8.158736251235445991e+00 3.992195663579334863e-01 1.000000000000000000e+00
3.093616381166442331e+00 8.087794044289719153e+00 4.040923492026346486e-01 1.000000000000000000e+00
3.107938679227398193e+00 8.015958977159623799e+00 4.089205218647032347e-01 1.000000000000000000e+00
3.122260977288354056e+00 7.943238980149883055e+00 4.137035513331465131e-01 1.000000000000000000e+00
3.136583275349309474e+00 7.869642081257946842e+00 4.184409095805998735e-01 1.000000000000000000e+00
3.150905573410265337e+00 7.795176405287717714e+00 4.231320736216199752e-01 1.000000000000000000e+00
3.165227871471221199e+00 7.719850172952644307e+00 4.277765255704184533e-01 1.000000000000000000e+00
3.179550169532176618e+00 7.643671699968153099e+00 4.323737526980360180e-01 1.000000000000000000e+00
3.193872467593132480e+00 7.566649396133626304e+00 4.369232474889455098e-01 1.000000000000000000e+00
3.208194765654088343e+00 7.488791764404019169e+00 4.414245076970786386e-01 1.000000000000000000e+00
3.222517063715044205e+00 7.410107399951145979e+00 4.458770364012730192e-01 1.000000000000000000e+00
3.236839361776000068e+00 7.330604989214815070e+00 4.502803420601296791e-01 1.000000000000000000e+00
3.251161659836955486e+00 7.250293308943886572e+00 4.546339385662767074e-01 1.000000000000000000e+00
3.265483957897911349e+00 7.169181225227333698e+00 4.589373453000354930e-01 1.000000000000000000e+00
3.279806255958867212e+00 7.087277692515485228e+00 4.631900871824772281e-01 1.000000000000000000e+00
3.294128554019822630e+00 7.004591752631477597e+00 4.673916947278705658e-01 1.000000000000000000e+00
3.308450852080778493e+00 6.921132533773076467e+00 4.715417040955110495e-01 1.000000000000000000e+00
3.322773150141734355e+00 6.836909249504964592e+00 4.756396571409270968e-01 1.000000000000000000e+00
3.337095448202690218e+00 6.751931197741590118e+00 4.796851014664572088e-01 1.000000000000000000e+00
3.351417746263646080e+00 6.666207759720721882e+00 4.836775904711930751e-01 1.000000000000000000e+00
3.365740044324601499e+00 6.579748398967804057e+00 4.876166834002823025e-01 1.000000000000000000e+00
3.380062342385557361e+00 6.492562660251194551e+00 4.915019453935868810e-01 1.000000000000000000e+00
3.394384640446513224e+00 6.404660168528504727e+00 4.953329475336880616e-01 1.000000000000000000e+00
3.408706938507468642e+00 6.316050627884004065e+00 4.991092668932392007e-01 1.000000000000000000e+00
3.423029236568424505e+00 6.226743820457332212e+00 5.028304865816543012e-01 1.000000000000000000e+00
3.437351534629380367e+00 6.136749605363615245e+00 5.064961957911309209e-01 1.000000000000000000e+00
3.451673832690336230e+00 6.046077917605036767e+00 5.101059898420021721e-01 1.000000000000000000e+00
3.465996130751292092e+00 5.954738766974050357e+00 5.136594702274113189e-01 1.000000000000000000e+00
3.480318428812247511e+00 5.862742236948367491e+00 5.171562446573054750e-01 1.000000000000000000e+00
3.494640726873203374e+00 5.770098483577734250e+00 5.205959271017434054e-01 1.000000000000000000e+00
3.508963024934159236e+00 5.676817734362790802e+00 5.239781378335106599e-01 1.000000000000000000e+00
3.523285322995114655e+00 5.582910287125967486e+00 5.273025034700409286e-01 1.000000000000000000e+00
3.537607621056070517e+00 5.488386508874661729e+00 5.305686570146352921e-01 1.000000000000000000e+00
3.551929919117026380e+00 5.393256834656747323e+00 5.337762378969773680e-01 1.000000000000000000e+00
3.566252217177982242e+00 5.297531766408599907e+00 5.369248920129394698e-01 1.000000000000000000e+00
3.580574515238938105e+00 5.201221871795717711e+00 5.400142717636731149e-01 1.000000000000000000e+00
3.594896813299893523e+00 5.104337783046101862e+00 5.430440360939832178e-01 1.000000000000000000e+00
3.609219111360849386e+00 5.006890195776477093e+00 5.460138505299800826e-01 1.000000000000000000e+00
3.623541409421805248e+00 4.908889867811576657e+00 5.489233872160017569e-01 1.000000000000000000e+00
3.637863707482760667e+00 4.810347617996495018e+00 5.517723249508101890e-01 1.000000000000000000e+00
3.652186005543716529e+00 4.711274325002324126e+00 5.545603492230495313e-01 1.000000000000000000e+00
3.666508303604672392e+00 4.611680926125216295e+00 5.572871522459670324e-01 1.000000000000000000e+00
3.680830601665628254e+00 4.511578416078933174e+00 5.599524329913916354e-01 1.000000000000000000e+00
3.695152899726584117e+00 4.410977845781076212e+00 5.625558972229658394e-01 1.000000000000000000e+00
3.709475197787539535e+00 4.309890321133115876e+00 5.650972575286289379e-01 1.000000000000000000e+00
3.723797495848495398e+00 4.208327001794335054e+00 5.675762333523457492e-01 1.000000000000000000e+00
3.738119793909451261e+00 4.106299099949851872e+00 5.699925510250788419e-01 1.000000000000000000e+00
3.752442091970406679e+00 4.003817879072845365e+00 5.723459437950003670e-01 1.000000000000000000e+00
3.766764390031362542e+00 3.900894652681087482e+00 5.746361518569412796e-01 1.000000000000000000e+00
3.781086688092318404e+00 3.797540783088022120e+00 5.768629223810711748e-01 1.000000000000000000e+00
3.795408986153274267e+00 3.693767680148366761e+00 5.790260095408116259e-01 1.000000000000000000e+00
3.809731284214230129e+00 3.589586799998528921e+00 5.811251745399725888e-01 1.000000000000000000e+00
3.824053582275185548e+00 3.485009643791900036e+00 5.831601856391159799e-01 1.000000000000000000e+00
3.838375880336141410e+00 3.380047756429152006e+00 5.851308181811384346e-01 1.000000000000000000e+00
3.852698178397097273e+00 3.274712725283751347e+00 5.870368546160716905e-01 1.000000000000000000e+00
3.867020476458052691e+00 3.169016178922761551e+00 5.888780845251003759e-01 1.000000000000000000e+00
3.881342774519008554e+00 3.062969785823053570e+00 5.906543046437908728e-01 1.000000000000000000e+00
3.895665072579964416e+00 2.956585253083204190e+00 5.923653188845307005e-01 1.000000000000000000e+00
3.909987370640920279e+00 2.849874325131050767e+00 5.940109383581765323e-01 1.000000000000000000e+00
3.924309668701876141e+00 2.742848782427157239e+00 5.955909813949060716e-01 1.000000000000000000e+00
3.938631966762831560e+00 2.635520440164305978e+00 5.971052735642737863e-01 1.000000000000000000e+00
3.952954264823787423e+00 2.527901146963136281e+00 5.985536476944678386e-01 1.000000000000000000e+00
3.967276562884743285e+00 2.420002783564113358e+00 5.999359438907645448e-01 1.000000000000000000e+00
3.981598860945698704e+00 2.311837261515941933e+00 6.012520095531806996e-01 1.000000000000000000e+00
3.995921159006654566e+00 2.203416521860558142e+00 6.025016993933194343e-01 1.000000000000000000e+00
4.010243457067610429e+00 2.094752533814928874e+00 6.036848754504097192e-01 1.000000000000000000e+00
4.024565755128565847e+00 1.985857293449660332e+00 6.048014071065371811e-01 1.000000000000000000e+00
4.038888053189522154e+00 1.876742822364677821e+00 6.058511711010627909e-01 1.000000000000000000e+00
4.053210351250477572e+00 1.767421166362135310e+00 6.068340515442312011e-01 1.000000000000000000e+00
4.067532649311432991e+00 1.657904394116542113e+00 6.077499399299641780e-01 1.000000000000000000e+00
4.081854947372389297e+00 1.548204595842476827e+00 6.085987351478392426e-01 1.000000000000000000e+00
4.096177245433344716e+00 1.438333881959873883e+00 6.093803434942516306e-01 1.000000000000000000e+00
4.110499543494301022e+00 1.328304381757037245e+00 6.100946786827595725e-01 1.000000000000000000e+00
4.124821841555256441e+00 1.218128242051683463e+00 6.107416618536088970e-01 1.000000000000000000e+00
4.139144139616211859e+00 1.107817625849912835e+00 6.113212215824398443e-01 1.000000000000000000e+00
4.153466437677168166e+00 9.973847110035125585e-01 6.118332938881710925e-01 1.000000000000000000e+00
4.167788735738123584e+00 8.868416888655474839e-01 6.122778222400639958e-01 1.000000000000000000e+00
4.182111033799079891e+00 7.762007629444834800e-01 6.126547575639625931e-01 1.000000000000000000e+00
4.196433331860035310e+00 6.654741475569919684e-01 6.129640582477112742e-01 1.000000000000000000e+00
4.210755629920990728e+00 5.546740664794955755e-01 6.132056901457491049e-01 1.000000000000000000e+00
4.225077927981947035e+00 4.438127515987367877e-01 6.133796265828789229e-01 1.000000000000000000e+00
4.239400226042902453e+00 3.329024415614484922e-01 6.134858483572120935e-01 1.000000000000000000e+00
4.253722524103857872e+00 2.219553804232193561e-01 6.135243437422887025e-01 1.000000000000000000e+00
4.268044822164814178e+00 1.109838162967988068e-01 6.134951084883719652e-01 1.000000000000000000e+00
4.282367120225769597e+00 1.293599421252042817e-15 6.133981458229171846e-01 1.000000000000000000e+00
4.296689418286725015e+00 -1.109838162968009023e-01 6.132334664502157029e-01 1.000000000000000000e+00
4.311011716347681322e+00 -2.219553804232167471e-01 6.130010885502129581e-01 1.000000000000000000e+00
4.325334014408636740e+00 -3.329024415614505461e-01 6.127010377765016447e-01 1.000000000000000000e+00
4.339656312469593047e+00 -4.438127515987436156e-01 6.123333472534897570e-01 1.000000000000000000e+00
4.353978610530548465e+00 -5.546740664794929110e-01 6.118980575727437365e-01 1.000000000000000000e+00
4.368300908591503884e+00 -6.654741475569893039e-01 6.113952167885068345e-01 1.000000000000000000e+00
4.382623206652460190e+00 -7.762007629444902523e-01 6.108248804123950215e-01 1.000000000000000000e+00
4.396945504713415609e+00 -8.868416888655495933e-01 6.101871114072680014e-01 1.000000000000000000e+00
4.411267802774371916e+00 -9.973847110035193309e-01 6.094819801802784376e-01 1.000000000000000000e+00
4.425590100835327334e+00 -1.107817625849914833e+00 6.087095645750998374e-01 1.000000000000000000e+00
4.439912398896282753e+00 -1.218128242051680798e+00 6.078699498633324261e-01 1.000000000000000000e+00
4.454234696957239059e+00 -1.328304381757044128e+00 6.069632287350891220e-01 1.000000000000000000e+00
4.468556995018194478e+00 -1.438333881959875882e+00 6.059895012887640542e-01 1.000000000000000000e+00
4.482879293079149896e+00 -1.548204595842478604e+00 6.049488750199812914e-01 1.000000000000000000e+00
4.497201591140106203e+00 -1.657904394116544777e+00 6.038414648097275572e-01 1.000000000000000000e+00
4.511523889201061621e+00 -1.767421166362132867e+00 6.026673929116705963e-01 1.000000000000000000e+00
4.525846187262017040e+00 -1.876742822364679819e+00 6.014267889386620825e-01 1.000000000000000000e+00
4.540168485322973346e+00 -1.985857293449657890e+00 6.001197898484295079e-01 1.000000000000000000e+00
4.554490783383928765e+00 -2.094752533814931095e+00 5.987465399284563894e-01 1.000000000000000000e+00
4.568813081444885071e+00 -2.203416521860564803e+00 5.973071907800530100e-01 1.000000000000000000e+00
4.583135379505840490e+00 -2.311837261515939712e+00 5.958019013016212506e-01 1.000000000000000000e+00
4.597457677566795908e+00 -2.420002783564110693e+00 5.942308376711119555e-01 1.000000000000000000e+00
4.611779975627752215e+00 -2.527901146963138057e+00 5.925941733276796075e-01 1.000000000000000000e+00
4.626102273688707633e+00 -2.635520440164308198e+00 5.908920889525359765e-01 1.000000000000000000e+00
4.640424571749663940e+00 -2.742848782427164345e+00 5.891247724490031867e-01 1.000000000000000000e+00
4.654746869810619359e+00 -2.849874325131052100e+00 5.872924189217698654e-01 1.000000000000000000e+00
4.669069167871574777e+00 -2.956585253083201525e+00 5.853952306553527052e-01 1.000000000000000000e+00
4.683391465932531084e+00 -3.062969785823055791e+00 5.834334170917644391e-01 1.000000000000000000e+00
4.697713763993486502e+00 -3.169016178922763771e+00 5.814071948073930018e-01 1.000000000000000000e+00
4.712036062054441921e+00 -3.274712725283754455e+00 5.793167874890922109e-01 1.000000000000000000e+00
4.726358360115398227e+00 -3.380047756429154671e+00 5.771624259094870757e-01 1.000000000000000000e+00
4.740680658176353646e+00 -3.485009643791897371e+00 5.749443479014980651e-01 1.000000000000000000e+00
4.755002956237309064e+00 -3.589586799998530253e+00 5.726627983320848880e-01 1.000000000000000000e+00
4.769325254298265371e+00 -3.693767680148368093e+00 5.703180290752145609e-01 1.000000000000000000e+00
4.783647552359220789e+00 -3.797540783088023897e+00 5.679102989840550952e-01 1.000000000000000000e+00
4.797969850420177096e+00 -3.900894652681093699e+00 5.654398738623992449e-01 1.000000000000000000e+00
4.812292148481132514e+00 -4.003817879072842700e+00 5.629070264353213116e-01 1.000000000000000000e+00
4.826614446542087933e+00 -4.106299099949850095e+00 5.603120363190686737e-01 1.000000000000000000e+00
4.840936744603044239e+00 -4.208327001794336830e+00 5.576551899901932563e-01 1.000000000000000000e+00
4.855259042663999658e+00 -4.309890321133117652e+00 5.549367807539268282e-01 1.000000000000000000e+00
4.869581340724955965e+00 -4.410977845781078877e+00 5.521571087117999044e-01 1.000000000000000000e+00
4.883903638785911383e+00 -4.511578416078934950e+00 5.493164807285122464e-01 1.000000000000000000e+00
4.898225936846866801e+00 -4.611680926125213631e+00 5.464152103980567388e-01 1.000000000000000000e+00
4.912548234907823108e+00 -4.711274325002325902e+00 5.434536180090980828e-01 1.000000000000000000e+00
4.926870532968778527e+00 -4.810347617996493241e+00 5.404320305096175225e-01 1.000000000000000000e+00
4.941192831029733945e+00 -4.908889867811578434e+00 5.373507814708151642e-01 1.000000000000000000e+00
4.955515129090690252e+00 -5.006890195776482422e+00 5.342102110502876533e-01 1.000000000000000000e+00
4.969837427151645670e+00 -5.104337783046100085e+00 5.310106659544763241e-01 1.000000000000000000e+00
4.984159725212601089e+00 -5.201221871795715934e+00 5.277524994003897074e-01 1.000000000000000000e+00
4.998482023273557395e+00 -5.297531766408600795e+00 5.244360710766123868e-01 1.000000000000000000e+00
5.012804321334512814e+00 -5.393256834656749987e+00 5.210617471035955406e-01 1.000000000000000000e+00
5.027126619395469120e+00 -5.488386508874667058e+00 5.176298999932387179e-01 1.000000000000000000e+00
5.041448917456424539e+00 -5.582910287125971038e+00 5.141409086077673996e-01 1.000000000000000000e+00
5.055771215517379957e+00 -5.676817734362788137e+00 5.105951581179050125e-01 1.000000000000000000e+00
5.070093513578336264e+00 -5.770098483577734250e+00 5.069930399603552740e-01 1.000000000000000000e+00
5.084415811639291682e+00 -5.862742236948367491e+00 5.033349517945866491e-01 1.000000000000000000e+00
5.098738109700247989e+00 -5.954738766974054798e+00 4.996212974589333000e-01 1.000000000000000000e+00
5.113060407761203408e+00 -6.046077917605037655e+00 4.958524869260129142e-01 1.000000000000000000e+00
5.127382705822158826e+00 -6.136749605363615245e+00 4.920289362574671310e-01 1.000000000000000000e+00
5.141705003883115133e+00 -6.226743820457334877e+00 4.881510675580299496e-01 1.000000000000000000e+00
5.156027301944070551e+00 -6.316050627884000512e+00 4.842193089289294483e-01 1.000000000000000000e+00
5.170349600005025970e+00 -6.404660168528506503e+00 4.802340944206267559e-01 1.000000000000000000e+00
5.184671898065982276e+00 -6.492562660251200768e+00 4.761958639848987707e-01 1.000000000000000000e+00
5.198994196126937695e+00 -6.579748398967802281e+00 4.721050634262690116e-01 1.000000000000000000e+00
5.213316494187893113e+00 -6.666207759720720105e+00 4.679621443527933189e-01 1.000000000000000000e+00
5.227638792248849420e+00 -6.751931197741591006e+00 4.637675641262021808e-01 1.000000000000000000e+00
5.241961090309804838e+00 -6.836909249504966368e+00 4.595217858114131193e-01 1.000000000000000000e+00
5.256283388370761145e+00 -6.921132533773083573e+00 4.552252781254070291e-01 1.000000000000000000e+00
5.270605686431716563e+00 -7.004591752631478485e+00 4.508785153854851790e-01 1.000000000000000000e+00
5.284927984492671982e+00 -7.087277692515483452e+00 4.464819774569067090e-01 1.000000000000000000e+00
5.299250282553628288e+00 -7.169181225227335474e+00 4.420361496999112849e-01 1.000000000000000000e+00
5.313572580614583707e+00 -7.250293308943887460e+00 4.375415229161412900e-01 1.000000000000000000e+00
5.327894878675540014e+00 -7.330604989214819511e+00 4.329985932944553917e-01 1.000000000000000000e+00
5.342217176736495432e+00 -7.410107399951149532e+00 4.284078623561531352e-01 1.000000000000000000e+00
5.356539474797450850e+00 -7.488791764404018281e+00 4.237698368996090648e-01 1.000000000000000000e+00
5.370861772858407157e+00 -7.566649396133628080e+00 4.190850289443221466e-01 1.000000000000000000e+00
5.385184070919362576e+00 -7.643671699968149547e+00 4.143539556743953134e-01 1.000000000000000000e+00
5.399506368980317994e+00 -7.719850172952646972e+00 4.095771393814347516e-01 1.000000000000000000e+00
5.413828667041274301e+00 -7.795176405287722154e+00 4.047551074068951316e-01 1.000000000000000000e+00
5.428150965102229719e+00 -7.869642081257943289e+00 3.998883920838631756e-01 1.000000000000000000e+00
5.442473263163185138e+00 -7.943238980149881279e+00 3.949775306782863371e-01 1.000000000000000000e+00
5.456795561224141444e+00 -8.015958977159629129e+00 3.900230653296647421e-01 1.000000000000000000e+00
5.471117859285096863e+00 -8.087794044289715600e+00 3.850255429912008975e-01 1.000000000000000000e+00
5.485440157346053169e+00 -8.158736251235451320e+00 3.799855153694144949e-01 1.000000000000000000e+00
5.499762455407008588e+00 -8.228777766260288118e+00 3.749035388632420696e-01 1.000000000000000000e+00
5.514084753467964006e+00 -8.297910857060523782e+00 3.697801745026064180e-01 1.000000000000000000e+00
5.528407051528920313e+00 -8.366127891618836188e+00 3.646159878864860260e-01 1.000000000000000000e+00
5.542729349589875731e+00 -8.433421339046848431e+00 3.594115491204744051e-01 1.000000000000000000e+00
5.557051647650832038e+00 -8.499783770416550865e+00 3.541674327538388289e-01 1.000000000000000000e+00
5.571373945711787457e+00 -8.565207859580349137e+00 3.488842177160988434e-01 1.000000000000000000e+00
5.585696243772742875e+00 -8.629686383979922937e+00 3.435624872531081730e-01 1.000000000000000000e+00
5.600018541833699182e+00 -8.693212225443502916e+00 3.382028288626715007e-01 1.000000000000000000e+00
5.614340839894654600e+00 -8.755778370971723845e+00 3.328058342296848493e-01 1.000000000000000000e+00
5.628663137955610019e+00 -8.817377913511815990e+00 3.273720991608165543e-01 1.000000000000000000e+00
5.642985436016566325e+00 -8.878004052720122274e+00 3.219022235187323222e-01 1.000000000000000000e+00
5.657307734077521744e+00 -8.937650095712839970e+00 3.163968111558729812e-01 1.000000000000000000e+00
5.671630032138477162e+00 -8.996309457804857246e+00 3.108564698477913613e-01 1.000000000000000000e+00
5.685952330199433469e+00 -9.053975663236714766e+00 3.052818112260566874e-01 1.000000000000000000e+00
5.700274628260388887e+00 -9.110642345889475635e+00 2.996734507107324808e-01 1.000000000000000000e+00
5.714596926321345194e+00 -9.166303249987524993e+00 2.940320074424367935e-01 1.000000000000000000e+00
5.728919224382300612e+00 -9.220952230789194459e+00 2.883581042139916617e-01 1.000000000000000000e+00
5.743241522443256031e+00 -9.274583255265108406e+00 2.826523674016691023e-01 1.000000000000000000e+00
5.757563820504212337e+00 -9.327190402764200527e+00 2.769154268960418719e-01 1.000000000000000000e+00
5.771886118565167756e+00 -9.378767865667340331e+00 2.711479160324458126e-01 1.000000000000000000e+00
5.786208416626124063e+00 -9.429309950028471832e+00 2.653504715210622811e-01 1.000000000000000000e+00
5.800530714687079481e+00 -9.478811076203189856e+00 2.595237333766279852e-01 1.000000000000000000e+00
5.814853012748034899e+00 -9.527265779464718420e+00 2.536683448477796143e-01 1.000000000000000000e+00
5.829175310808991206e+00 -9.574668710607205924e+00 2.477849523460422809e-01 1.000000000000000000e+00
5.843497608869946625e+00 -9.621014636536235898e+00 2.418742053744676046e-01 1.000000000000000000e+00
5.857819906930902043e+00 -9.666298440846542661e+00 2.359367564559322061e-01 1.000000000000000000e+00
5.872142204991858350e+00 -9.710515124386869701e+00 2.299732610610989714e-01 1.000000000000000000e+00
5.886464503052813768e+00 -9.753659805811812689e+00 2.239843775360614575e-01 1.000000000000000000e+00
5.900786801113769187e+00 -9.795727722120734171e+00 2.179707670296578137e-01 1.000000000000000000e+00
5.915109099174725493e+00 -9.836714229183568747e+00 2.119330934204878836e-01 1.000000000000000000e+00
5.929431397235680912e+00 -9.876614802253502745e+00 2.058720232436234143e-01 1.000000000000000000e+00
5.943753695296637218e+00 -9.915425036466521291e+00 1.997882256170203930e-01 1.000000000000000000e+00
5.958075993357592637e+00 -9.953140647327650470e+00 1.936823721676586285e-01 1.000000000000000000e+00
5.972398291418548055e+00 -9.989757471183978055e+00 1.875551369573890959e-01 1.000000000000000000e+00
5.986720589479504362e+00 -1.002527146568428762e+01 1.814071964085254007e-01 1.000000000000000000e+00
6.001042887540459780e+00 -1.005967871022531313e+01 1.752392292291694853e-01 1.000000000000000000e+00
6.015365185601416087e+00 -1.009297540638458557e+01 1.690519163382797063e-01 1.000000000000000000e+00
6.029687483662371505e+00 -1.012515787833972603e+01 1.628459407905079315e-01 1.000000000000000000e+00
6.044009781723326924e+00 -1.015622257327427569e+01 1.566219877007851979e-01 1.000000000000000000e+00
6.058332079784283231e+00 -1.018616606176989059e+01 1.503807441686936253e-01 1.000000000000000000e+00
6.072654377845238649e+00 -1.021498503818494719e+01 1.441228992026104549e-01 1.000000000000000000e+00
6.086976675906194068e+00 -1.024267632101946113e+01 1.378491436436451723e-01 1.000000000000000000e+00
6.101298973967150374e+00 -1.026923685326632096e+01 1.315601700893730408e-01 1.000000000000000000e+00
6.115621272028105793e+00 -1.029466370274877285e+01 1.252566728173754307e-01 1.000000000000000000e+00
6.129943570089061211e+00 -1.031895406244411006e+01 1.189393477085941148e-01 1.000000000000000000e+00
6.144265868150017518e+00 -1.034210525079356202e+01 1.126088921705088314e-01 1.000000000000000000e+00
6.158588166210972936e+00 -1.036411471199833478e+01 1.062660050601463707e-01 1.000000000000000000e+00
6.172910464271929243e+00 -1.038498001630174805e+01 9.991138660692945594e-02 1.000000000000000000e+00
6.187232762332884661e+00 -1.040469886025748103e+01 9.354573833537421779e-02 1.000000000000000000e+00
6.201555060393840080e+00 -1.042326906698385791e+01 8.716976298764475550e-02 1.000000000000000000e+00
6.215877358454796386e+00 -1.044068858640416586e+01 8.078416444597316670e-02 1.000000000000000000e+00
6.230199656515751805e+00 -1.045695549547298597e+01 7.438964765495371945e-02 1.000000000000000000e+00
6.244521954576708112e+00 -1.047206799838847324e+01 6.798691854371984034e-02 1.000000000000000000e+00
6.258844252637663530e+00 -1.048602442679062285e+01 6.157668394801230766e-02 1.000000000000000000e+00
6.273166550698618948e+00 -1.049882323994543931e+01 5.515965153214800326e-02 1.000000000000000000e+00
6.287488848759575255e+00 -1.051046302491502793e+01 4.873652971089385139e-02 1.000000000000000000e+00
6.301811146820530674e+00 -1.052094249671358384e+01 4.230802757126606722e-02 1.000000000000000000e+00
6.316133444881486092e+00 -1.053026049844924117e+01 3.587485479424492446e-02 1.000000000000000000e+00
6.330455742942442399e+00 -1.053841600145179846e+01 2.943772157642878667e-02 1.000000000000000000e+00
6.344778041003397817e+00 -1.054540810538627049e+01 2.299733855163669377e-02 1.000000000000000000e+00
6.359100339064353236e+00 -1.055123603835229318e+01 1.655441671244958779e-02 1.000000000000000000e+00
6.373422637125309542e+00 -1.055589915696931769e+01 1.010966733172502519e-02 1.000000000000000000e+00
6.387744935186264961e+00 -1.055939694644766469e+01 3.663801884075481175e-03 1.000000000000000000e+00
6.402067233247221267e+00 -1.056172902064533581e+01 -2.782468032681039913e-03 1.000000000000000000e+00
6.416389531308176686e+00 -1.056289512211064618e+01 -9.228430776070401659e-03 1.000000000000000000e+00
6.430711829369132104e+00 -1.056289512211064618e+01 -1.567337473753300028e-02 1.000000000000000000e+00
6.445034127430088411e+00 -1.056172902064533581e+01 -2.211658842097650318e-02 1.000000000000000000e+00
6.459356425491043829e+00 -1.055939694644766469e+01 -2.855736052132491765e-02 1.000000000000000000e+00
6.473678723552000136e+00 -1.055589915696931591e+01 -3.499498000304382406e-02 1.000000000000000000e+00
6.488001021612955554e+00 -1.055123603835229318e+01 -4.142873617863312985e-02 1.000000000000000000e+00
6.502323319673910973e+00 -1.054540810538627049e+01 -4.785791878708960806e-02 1.000000000000000000e+00
6.516645617734867280e+00 -1.053841600145179846e+01 -5.428181807231138162e-02 1.000000000000000000e+00
6.530967915795822698e+00 -1.053026049844924117e+01 -6.069972486145495255e-02 1.000000000000000000e+00
6.545290213856778117e+00 -1.052094249671358384e+01 -6.711093064322445900e-02 1.000000000000000000e+00
6.559612511917734423e+00 -1.051046302491502793e+01 -7.351472764608849020e-02 1.000000000000000000e+00
6.573934809978689842e+00 -1.049882323994543931e+01 -7.991040891641527921e-02 1.000000000000000000e+00
6.588257108039645260e+00 -1.048602442679062285e+01 -8.629726839651755133e-02 1.000000000000000000e+00
6.602579406100601567e+00 -1.047206799838847147e+01 -9.267460100259844458e-02 1.000000000000000000e+00
6.616901704161556985e+00 -1.045695549547298597e+01 -9.904170270258998154e-02 1.000000000000000000e+00
6.631224002222513292e+00 -1.044068858640416408e+01 -1.053978705938753702e-01 1.000000000000000000e+00
6.645546300283468710e+00 -1.042326906698385791e+01 -1.117424029808866820e-01 1.000000000000000000e+00
6.659868598344424129e+00 -1.040469886025748103e+01 -1.180745994525692066e-01 1.000000000000000000e+00
6.674190896405380435e+00 -1.038498001630174805e+01 -1.243937609597040583e-01 1.000000000000000000e+00
6.688513194466335854e+00 -1.036411471199833478e+01 -1.306991898920804307e-01 1.000000000000000000e+00
6.702835492527292161e+00 -1.034210525079356202e+01 -1.369901901555089230e-01 1.000000000000000000e+00
6.717157790588247579e+00 -1.031895406244410829e+01 -1.432660672486676667e-01 1.000000000000000000e+00
6.731480088649202997e+00 -1.029466370274877285e+01 -1.495261283397718299e-01 1.000000000000000000e+00
6.745802386710159304e+00 -1.026923685326632096e+01 -1.557696823430622934e-01 1.000000000000000000e+00
6.760124684771114723e+00 -1.024267632101945757e+01 -1.619960399950932939e-01 1.000000000000000000e+00
6.774446982832070141e+00 -1.021498503818494719e+01 -1.682045139308292470e-01 1.000000000000000000e+00
6.788769280893026448e+00 -1.018616606176989059e+01 -1.743944187595270756e-01 1.000000000000000000e+00
6.803091578953981866e+00 -1.015622257327427747e+01 -1.805650711403952446e-01 1.000000000000000000e+00
6.817413877014937285e+00 -1.012515787833972603e+01 -1.867157898580393272e-01 1.000000000000000000e+00
6.831736175075893591e+00 -1.009297540638458379e+01 -1.928458958976597970e-01 1.000000000000000000e+00
6.846058473136849010e+00 -1.005967871022531313e+01 -1.989547125200148980e-01 1.000000000000000000e+00
6.860380771197805316e+00 -1.002527146568428407e+01 -2.050415653361300494e-01 1.000000000000000000e+00
6.874703069258760735e+00 -9.989757471183979831e+00 -2.111057823817453216e-01 1.000000000000000000e+00
6.889025367319716153e+00 -9.953140647327652246e+00 -2.171466941915025095e-01 1.000000000000000000e+00
6.903347665380672460e+00 -9.915425036466521291e+00 -2.231636338728463509e-01 1.000000000000000000e+00
6.917669963441627878e+00 -9.876614802253502745e+00 -2.291559371796494105e-01 1.000000000000000000e+00
6.931992261502584185e+00 -9.836714229183563418e+00 -2.351229425855423105e-01 1.000000000000000000e+00
6.946314559563539603e+00 -9.795727722120735947e+00 -2.410639913569407600e-01 1.000000000000000000e+00
6.960636857624495022e+00 -9.753659805811812689e+00 -2.469784276257724898e-01 1.000000000000000000e+00
6.974959155685451329e+00 -9.710515124386869701e+00 -2.528655984618772279e-01 1.000000000000000000e+00
6.989281453746406747e+00 -9.666298440846542661e+00 -2.587248539450901497e-01 1.000000000000000000e+00
7.003603751807362165e+00 -9.621014636536232345e+00 -2.645555472369900407e-01 1.000000000000000000e+00
7.017926049868318472e+00 -9.574668710607204147e+00 -2.703570346523075929e-01 1.000000000000000000e+00
7.032248347929273891e+00 -9.527265779464718420e+00 -2.761286757299856731e-01 1.000000000000000000e+00
7.046570645990229309e+00 -9.478811076203184527e+00 -2.818698333038837101e-01 1.000000000000000000e+00
7.060892944051185616e+00 -9.429309950028470055e+00 -2.875798735731183720e-01 1.000000000000000000e+00
7.075215242112141034e+00 -9.378767865667338555e+00 -2.932581661720324862e-01 1.000000000000000000e+00
7.089537540173097341e+00 -9.327190402764198751e+00 -2.989040842397850950e-01 1.000000000000000000e+00
7.103859838234052759e+00 -9.274583255265104853e+00 -3.045170044895540995e-01 1.000000000000000000e+00
7.118182136295008178e+00 -9.220952230789198012e+00 -3.100963072773444407e-01 1.000000000000000000e+00
7.132504434355964484e+00 -9.166303249987521440e+00 -3.156413766703966561e-01 1.000000000000000000e+00
7.146826732416919903e+00 -9.110642345889470306e+00 -3.211516005151784370e-01 1.000000000000000000e+00
7.161149030477876209e+00 -9.053975663236712990e+00 -3.266263705049689547e-01 1.000000000000000000e+00
7.175471328538831628e+00 -8.996309457804853693e+00 -3.320650822470109786e-01 1.000000000000000000e+00
7.189793626599787046e+00 -8.937650095712841747e+00 -3.374671353292335030e-01 1.000000000000000000e+00
7.204115924660743353e+00 -8.878004052720120498e+00 -3.428319333865369467e-01 1.000000000000000000e+00
7.218438222721698772e+00 -8.817377913511812437e+00 -3.481588841666251044e-01 1.000000000000000000e+00
7.232760520782654190e+00 -8.755778370971725622e+00 -3.534473995953917314e-01 1.000000000000000000e+00
7.247082818843610497e+00 -8.693212225443499364e+00 -3.586968958418410014e-01 1.000000000000000000e+00
7.261405116904565915e+00 -8.629686383979926489e+00 -3.639067933825360091e-01 1.000000000000000000e+00
7.275727414965521334e+00 -8.565207859580350913e+00 -3.690765170655823657e-01 1.000000000000000000e+00
7.290049713026477640e+00 -8.499783770416547313e+00 -3.742054961741170249e-01 1.000000000000000000e+00
7.304372011087433059e+00 -8.433421339046848431e+00 -3.792931644893161036e-01 1.000000000000000000e+00
7.318694309148389365e+00 -8.366127891618827306e+00 -3.843389603529026588e-01 1.000000000000000000e+00
7.333016607209344784e+00 -8.297910857060525558e+00 -3.893423267291497014e-01 1.000000000000000000e+00
7.347338905270300202e+00 -8.228777766260291671e+00 -3.943027112663788913e-01 1.000000000000000000e+00
7.361661203331256509e+00 -8.158736251235447767e+00 -3.992195663579335418e-01 1.000000000000000000e+00
7.375983501392211927e+00 -8.087794044289719153e+00 -4.040923492026346486e-01 1.000000000000000000e+00
7.390305799453168234e+00 -8.015958977159625576e+00 -4.089205218647032347e-01 1.000000000000000000e+00
7.404628097514123652e+00 -7.943238980149883055e+00 -4.137035513331465686e-01 1.000000000000000000e+00
7.418950395575079071e+00 -7.869642081257943289e+00 -4.184409095806000400e-01 1.000000000000000000e+00
7.433272693636035378e+00 -7.795176405287718602e+00 -4.231320736216200307e-01 1.000000000000000000e+00
7.447594991696990796e+00 -7.719850172952646972e+00 -4.277765255704185088e-01 1.000000000000000000e+00
7.461917289757946214e+00 -7.643671699968149547e+00 -4.323737526980362400e-01 1.000000000000000000e+00
7.476239587818902521e+00 -7.566649396133623640e+00 -4.369232474889457318e-01 1.000000000000000000e+00
7.490561885879857940e+00 -7.488791764404015616e+00 -4.414245076970789161e-01 1.000000000000000000e+00
7.504884183940813358e+00 -7.410107399951151308e+00 -4.458770364012728527e-01 1.000000000000000000e+00
7.519206482001769665e+00 -7.330604989214815959e+00 -4.502803420601296791e-01 1.000000000000000000e+00
7.533528780062725083e+00 -7.250293308943885684e+00 -4.546339385662768739e-01 1.000000000000000000e+00
7.547851078123681390e+00 -7.169181225227330145e+00 -4.589373453000357150e-01 1.000000000000000000e+00
7.562173376184636808e+00 -7.087277692515481675e+00 -4.631900871824774502e-01 1.000000000000000000e+00
7.576495674245592227e+00 -7.004591752631481150e+00 -4.673916947278703993e-01 1.000000000000000000e+00
7.590817972306548533e+00 -6.921132533773074691e+00 -4.715417040955112715e-01 1.000000000000000000e+00
7.605140270367503952e+00 -6.836909249504961927e+00 -4.756396571409273188e-01 1.000000000000000000e+00
7.619462568428460258e+00 -6.751931197741586566e+00 -4.796851014664573754e-01 1.000000000000000000e+00
7.633784866489415677e+00 -6.666207759720720105e+00 -4.836775904711932972e-01 1.000000000000000000e+00
7.648107164550371095e+00 -6.579748398967805834e+00 -4.876166834002823025e-01 1.000000000000000000e+00
7.662429462611327402e+00 -6.492562660251192774e+00 -4.915019453935869920e-01 1.000000000000000000e+00
7.676751760672282821e+00 -6.404660168528509168e+00 -4.953329475336879506e-01 1.000000000000000000e+00
7.691074058733238239e+00 -6.316050627884004953e+00 -4.991092668932392007e-01 1.000000000000000000e+00
7.705396356794194546e+00 -6.226743820457327772e+00 -5.028304865816546343e-01 1.000000000000000000e+00
7.719718654855149964e+00 -6.136749605363617910e+00 -5.064961957911310320e-01 1.000000000000000000e+00
7.734040952916105383e+00 -6.046077917605037655e+00 -5.101059898420021721e-01 1.000000000000000000e+00
7.748363250977061689e+00 -5.954738766974054798e+00 -5.136594702274113189e-01 1.000000000000000000e+00
7.762685549038017108e+00 -5.862742236948367491e+00 -5.171562446573055860e-01 1.000000000000000000e+00
7.777007847098973414e+00 -5.770098483577727144e+00 -5.205959271017437384e-01 1.000000000000000000e+00
7.791330145159928833e+00 -5.676817734362791690e+00 -5.239781378335107709e-01 1.000000000000000000e+00
7.805652443220884251e+00 -5.582910287125969262e+00 -5.273025034700409286e-01 1.000000000000000000e+00
7.819974741281840558e+00 -5.488386508874661729e+00 -5.305686570146352921e-01 1.000000000000000000e+00
7.834297039342795976e+00 -5.393256834656747323e+00 -5.337762378969774790e-01 1.000000000000000000e+00
7.848619337403752283e+00 -5.297531766408600795e+00 -5.369248920129394698e-01 1.000000000000000000e+00
7.862941635464707701e+00 -5.201221871795717711e+00 -5.400142717636731149e-01 1.000000000000000000e+00
7.877263933525663120e+00 -5.104337783046100085e+00 -5.430440360939834399e-01 1.000000000000000000e+00
7.891586231586619427e+00 -5.006890195776477093e+00 -5.460138505299800826e-01 1.000000000000000000e+00
7.905908529647574845e+00 -4.908889867811578434e+00 -5.489233872160017569e-01 1.000000000000000000e+00
7.920230827708530263e+00 -4.810347617996493241e+00 -5.517723249508103001e-01 1.000000000000000000e+00
7.934553125769486570e+00 -4.711274325002320573e+00 -5.545603492230496423e-01 1.000000000000000000e+00
7.948875423830441989e+00 -4.611680926125212743e+00 -5.572871522459672544e-01 1.000000000000000000e+00
7.963197721891397407e+00 -4.511578416078937614e+00 -5.599524329913915244e-01 1.000000000000000000e+00
7.977520019952353714e+00 -4.410977845781073547e+00 -5.625558972229659505e-01 1.000000000000000000e+00
7.991842318013309132e+00 -4.309890321133113211e+00 -5.650972575286290489e-01 1.000000000000000000e+00
8.006164616074265439e+00 -4.208327001794331501e+00 -5.675762333523459713e-01 1.000000000000000000e+00
8.020486914135220857e+00 -4.106299099949848319e+00 -5.699925510250789529e-01 1.000000000000000000e+00
8.034809212196176276e+00 -4.003817879072846253e+00 -5.723459437950003670e-01 1.000000000000000000e+00
8.049131510257131694e+00 -3.900894652681093255e+00 -5.746361518569411686e-01 1.000000000000000000e+00
8.063453808318088889e+00 -3.797540783088018124e+00 -5.768629223810713968e-01 1.000000000000000000e+00
8.077776106379044307e+00 -3.693767680148363208e+00 -5.790260095408116259e-01 1.000000000000000000e+00
8.092098404439999726e+00 -3.589586799998525368e+00 -5.811251745399726998e-01 1.000000000000000000e+00
8.106420702500955144e+00 -3.485009643791900924e+00 -5.831601856391160910e-01 1.000000000000000000e+00
8.120743000561910563e+00 -3.380047756429154227e+00 -5.851308181811384346e-01 1.000000000000000000e+00
8.135065298622865981e+00 -3.274712725283757564e+00 -5.870368546160716905e-01 1.000000000000000000e+00
8.149387596683823176e+00 -3.169016178922753557e+00 -5.888780845251004870e-01 1.000000000000000000e+00
8.163709894744778595e+00 -3.062969785823046021e+00 -5.906543046437909839e-01 1.000000000000000000e+00
8.178032192805734013e+00 -2.956585253083205522e+00 -5.923653188845307005e-01 1.000000000000000000e+00
8.192354490866689432e+00 -2.849874325131052100e+00 -5.940109383581765323e-01 1.000000000000000000e+00
8.206676788927644850e+00 -2.742848782427159460e+00 -5.955909813949060716e-01 1.000000000000000000e+00
8.220999086988602045e+00 -2.635520440164297984e+00 -5.971052735642740084e-01 1.000000000000000000e+00
8.235321385049557463e+00 -2.527901146963137169e+00 -5.985536476944678386e-01 1.000000000000000000e+00
8.249643683110512882e+00 -2.420002783564114690e+00 -5.999359438907646558e-01 1.000000000000000000e+00
8.263965981171468300e+00 -2.311837261515938824e+00 -6.012520095531806996e-01 1.000000000000000000e+00
8.278288279232423719e+00 -2.203416521860559030e+00 -6.025016993933194343e-01 1.000000000000000000e+00
8.292610577293380913e+00 -2.094752533814920881e+00 -6.036848754504099412e-01 1.000000000000000000e+00
8.306932875354336332e+00 -1.985857293449657002e+00 -6.048014071065371811e-01 1.000000000000000000e+00
8.321255173415291750e+00 -1.876742822364679153e+00 -6.058511711010627909e-01 1.000000000000000000e+00
8.335577471476247169e+00 -1.767421166362132201e+00 -6.068340515442313121e-01 1.000000000000000000e+00
8.349899769537202587e+00 -1.657904394116548330e+00 -6.077499399299641780e-01 1.000000000000000000e+00
8.364222067598159782e+00 -1.548204595842468834e+00 -6.085987351478393537e-01 1.000000000000000000e+00
8.378544365659115201e+00 -1.438333881959870553e+00 -6.093803434942517416e-01 1.000000000000000000e+00
8.392866663720070619e+00 -1.328304381757038355e+00 -6.100946786827595725e-01 1.000000000000000000e+00
8.407188961781026038e+00 -1.218128242051679910e+00 -6.107416618536090080e-01 1.000000000000000000e+00
8.421511259841981456e+00 -1.107817625849918830e+00 -6.113212215824398443e-01 1.000000000000000000e+00
8.435833557902936874e+00 -9.973847110035185537e-01 -6.118332938881710925e-01 1.000000000000000000e+00
8.450155855963894069e+00 -8.868416888655442643e-01 -6.122778222400641068e-01 1.000000000000000000e+00
8.464478154024849488e+00 -7.762007629444848122e-01 -6.126547575639625931e-01 1.000000000000000000e+00
8.478800452085804906e+00 -6.654741475569884157e-01 -6.129640582477112742e-01 1.000000000000000000e+00
8.493122750146760325e+00 -5.546740664794967968e-01 -6.132056901457491049e-01 1.000000000000000000e+00
8.507445048207715743e+00 -4.438127515987427829e-01 -6.133796265828789229e-01 1.000000000000000000e+00
8.521767346268672938e+00 -3.329024415614451060e-01 -6.134858483572120935e-01 1.000000000000000000e+00
8.536089644329628356e+00 -2.219553804232112515e-01 -6.135243437422887025e-01 1.000000000000000000e+00
8.550411942390583775e+00 -1.109838162967954067e-01 -6.134951084883719652e-01 1.000000000000000000e+00
8.564734240451539193e+00 -2.587198842504085634e-15 -6.133981458229171846e-01 1.000000000000000000e+00
