0.000000000000000000e+00 0.000000000000000000e+00 8.472992427528647230e-01 1.000000000000000000e+00
1.433631901661543313e-02 1.162629365115651348e-01 8.862406334477577197e-01 1.000000000000000000e+00
2.867263803323086627e-02 2.324958511238089387e-01 9.249531753979846060e-01 1.000000000000000000e+00
4.300895704984630113e-02 3.486687296897897914e-01 9.634268720898518934e-01 1.000000000000000000e+00
5.734527606646173253e-02 4.647515735653238167e-01 1.001651788685282485e+00 1.000000000000000000e+00
7.168159508307717087e-02 5.807144073553599517e-01 1.039618054587231111e+00 1.000000000000000000e+00
8.601791409969260227e-02 6.965272866543500419e-01 1.077315865988511145e+00 1.000000000000000000e+00
1.003542331163080337e-01 8.121603057786195290e-01 1.114735488403374442e+00 1.000000000000000000e+00
1.146905521329234651e-01 9.275836054887364179e-01 1.151867259181190262e+00 1.000000000000000000e+00
1.290268711495388965e-01 1.042767380699888058e+00 1.188701590001576047e+00 1.000000000000000000e+00
1.433631901661543417e-01 1.157681888178275775e+00 1.225228969350332653e+00 1.000000000000000000e+00
1.576995091827697593e-01 1.272297454221535062e+00 1.261439964975547223e+00 1.000000000000000000e+00
1.720358281993852045e-01 1.386584482321202572e+00 1.297325226323229552e+00 1.000000000000000000e+00
1.863721472160006221e-01 1.500513460805249943e+00 1.332875486951848654e+00 1.000000000000000000e+00
2.007084662326160673e-01 1.614054970458711935e+00 1.368081566925155146e+00 1.000000000000000000e+00
2.150447852492314849e-01 1.727179692120435428e+00 1.402934375182659510e+00 1.000000000000000000e+00
2.293811042658469301e-01 1.839858414253998653e+00 1.437424911887165369e+00 1.000000000000000000e+00
2.437174232824623754e-01 1.952062040490832651e+00 1.471544270748744498e+00 1.000000000000000000e+00
2.580537422990777929e-01 2.063761597143610071e+00 1.505283641324556276e+00 1.000000000000000000e+00
2.723900613156932105e-01 2.174928240687947767e+00 1.538634311293916257e+00 1.000000000000000000e+00
2.867263803323086835e-01 2.285533265210502485e+00 1.571587668708028129e+00 1.000000000000000000e+00
3.010626993489241010e-01 2.395548109821535654e+00 1.604135204213797516e+00 1.000000000000000000e+00
3.153990183655395185e-01 2.504944366030018355e+00 1.636268513251152079e+00 1.000000000000000000e+00
3.297353373821549360e-01 2.613693785079394427e+00 1.667979298223301710e+00 1.000000000000000000e+00
3.440716563987704091e-01 2.721768285242091245e+00 1.699259370639379263e+00 1.000000000000000000e+00
3.584079754153858266e-01 2.829139959070898325e+00 1.730100653228905383e+00 1.000000000000000000e+00
3.727442944320012441e-01 2.935781080605348148e+00 1.760495182027537853e+00 1.000000000000000000e+00
3.870806134486167172e-01 3.041664112531226927e+00 1.790435108433555911e+00 1.000000000000000000e+00
4.014169324652321347e-01 3.146761713291372775e+00 1.819912701234560393e+00 1.000000000000000000e+00
4.157532514818475522e-01 3.251046744145929424e+00 1.848920348603861230e+00 1.000000000000000000e+00
4.300895704984629697e-01 3.354492276180223165e+00 1.877450560066032059e+00 1.000000000000000000e+00
4.444258895150784427e-01 3.457071597258460027e+00 1.905495968431133669e+00 1.000000000000000000e+00
4.587622085316938603e-01 3.558758218921442396e+00 1.933049331697101580e+00 1.000000000000000000e+00
4.730985275483092778e-01 3.659525883226532272e+00 1.960103534919802604e+00 1.000000000000000000e+00
4.874348465649247508e-01 3.759348569528084383e+00 1.986651592050288517e+00 1.000000000000000000e+00
5.017711655815401128e-01 3.858200501196607402e+00 2.012686647738760826e+00 1.000000000000000000e+00
5.161074845981555859e-01 3.956056152274910698e+00 2.038201979104790063e+00 1.000000000000000000e+00
5.304438036147710589e-01 4.052890254069521525e+00 2.063190997473320909e+00 1.000000000000000000e+00
5.447801226313864209e-01 4.148677801675678900e+00 2.087647250076033689e+00 1.000000000000000000e+00
5.591164416480018939e-01 4.243394060434196646e+00 2.111564421717600837e+00 1.000000000000000000e+00
5.734527606646173670e-01 4.337014572318555139e+00 2.134936336406423774e+00 1.000000000000000000e+00
5.877890796812327290e-01 4.429515162250551086e+00 2.157756958949424764e+00 1.000000000000000000e+00
6.021253986978482020e-01 4.520871944342890636e+00 2.180020396510476743e+00 1.000000000000000000e+00
6.164617177144636750e-01 4.611061328067099119e+00 2.201720900132078551e+00 1.000000000000000000e+00
6.307980367310790371e-01 4.700060024345165566e+00 2.222852866219872325e+00 1.000000000000000000e+00
6.451343557476945101e-01 4.787845051563349053e+00 2.243410837989630480e+00 1.000000000000000000e+00
6.594706747643098721e-01 4.874393741506583666e+00 2.263389506876325008e+00 1.000000000000000000e+00
6.738069937809253451e-01 4.959683745211960648e+00 2.282783713904930956e+00 1.000000000000000000e+00
6.881433127975408182e-01 5.043693038739768930e+00 2.301588451022595461e+00 1.000000000000000000e+00
7.024796318141561802e-01 5.126399928860606359e+00 2.319798862391838856e+00 1.000000000000000000e+00
7.168159508307716532e-01 5.207783058657105002e+00 2.337410245644452100e+00 1.000000000000000000e+00
7.311522698473871262e-01 5.287821413038792606e+00 2.354418053095757024e+00 1.000000000000000000e+00
7.454885888640024882e-01 5.366494324168704644e+00 2.370817892918930969e+00 1.000000000000000000e+00
7.598249078806179613e-01 5.443781476800311658e+00 2.386605530279084064e+00 1.000000000000000000e+00
7.741612268972334343e-01 5.519662913523410097e+00 2.401776888426792489e+00 1.000000000000000000e+00
7.884975459138487963e-01 5.594119039917615943e+00 2.416328049750816831e+00 1.000000000000000000e+00
8.028338649304642693e-01 5.667130629612101345e+00 2.430255256789721319e+00 1.000000000000000000e+00
8.171701839470797424e-01 5.738678829250323687e+00 2.443554913202143464e+00 1.000000000000000000e+00
8.315065029636951044e-01 5.808745163358405073e+00 2.456223584695454765e+00 1.000000000000000000e+00
8.458428219803105774e-01 5.877311539115956052e+00 2.468257999912578438e+00 1.000000000000000000e+00
8.601791409969259394e-01 5.944360251028074416e+00 2.479655051276733246e+00 1.000000000000000000e+00
8.745154600135414125e-01 6.009873985497328874e+00 2.490411795793884053e+00 1.000000000000000000e+00
8.888517790301568855e-01 6.073835825294555235e+00 2.500525455812695697e+00 1.000000000000000000e+00
9.031880980467722475e-01 6.136229253927290017e+00 2.509993419741787246e+00 1.000000000000000000e+00
9.175244170633877205e-01 6.197038159904727728e+00 2.518813242724109891e+00 1.000000000000000000e+00
9.318607360800031936e-01 6.256246840898092465e+00 2.526982647268267712e+00 1.000000000000000000e+00
9.461970550966185556e-01 6.313840007795372244e+00 2.534499523836619694e+00 1.000000000000000000e+00
9.605333741132340286e-01 6.369802788649318259e+00 2.541361931390015538e+00 1.000000000000000000e+00
9.748696931298495016e-01 6.424120732517760501e+00 2.547568097889017391e+00 1.000000000000000000e+00
9.892060121464648637e-01 6.476779813195173929e+00 2.553116420751483595e+00 1.000000000000000000e+00
1.003542331163080226e+00 6.527766432834593680e+00 2.558005467266393218e+00 1.000000000000000000e+00
1.017878650179695699e+00 6.577067425458905880e+00 2.562233974963809224e+00 1.000000000000000000e+00
1.032214969196311172e+00 6.624670060360613455e+00 2.565800851940875482e+00 1.000000000000000000e+00
1.046551288212926645e+00 6.670562045389226036e+00 2.568705177143774776e+00 1.000000000000000000e+00
1.060887607229542118e+00 6.714731530125376935e+00 2.570946200605566112e+00 1.000000000000000000e+00
1.075223926246157591e+00 6.757167108940897116e+00 2.572523343639844473e+00 1.000000000000000000e+00
1.089560245262772842e+00 6.797857823944020161e+00 2.573436198990172397e+00 1.000000000000000000e+00
1.103896564279388315e+00 6.836793167808973948e+00 2.573684530935242076e+00 1.000000000000000000e+00
1.118232883296003788e+00 6.873963086489225383e+00 2.573268275349744894e+00 1.000000000000000000e+00
1.132569202312619261e+00 6.909357981813682770e+00 2.572187539720930616e+00 1.000000000000000000e+00
1.146905521329234734e+00 6.942968713965171013e+00 2.570442603120850933e+00 1.000000000000000000e+00
1.161241840345849985e+00 6.974786603840554378e+00 2.568033916134297101e+00 1.000000000000000000e+00
1.175578159362465458e+00 7.004803435291893088e+00 2.564962100742446793e+00 1.000000000000000000e+00
1.189914478379080931e+00 7.033011457248047549e+00 2.561227950162254352e+00 1.000000000000000000e+00
1.204250797395696404e+00 7.059403385716191970e+00 2.556832428641623522e+00 1.000000000000000000e+00
1.218587116412311877e+00 7.083972405662723126e+00 2.551776671210414182e+00 1.000000000000000000e+00
1.232923435428927350e+00 7.106712172773060665e+00 2.546061983387351013e+00 1.000000000000000000e+00
1.247259754445542601e+00 7.127616815089903746e+00 2.539689840842906499e+00 1.000000000000000000e+00
1.261596073462158074e+00 7.146680934529515916e+00 2.532661889018247958e+00 1.000000000000000000e+00
1.275932392478773547e+00 7.163899608275631437e+00 2.524979942700344093e+00 1.000000000000000000e+00
1.290268711495389020e+00 7.179268390050659754e+00 2.516645985553342513e+00 1.000000000000000000e+00
1.304605030512004493e+00 7.192783311263808876e+00 2.507662169606342140e+00 1.000000000000000000e+00
1.318941349528619744e+00 7.204440882035876292e+00 2.498030814697684843e+00 1.000000000000000000e+00
1.333277668545235217e+00 7.214238092100424105e+00 2.487754407875918616e+00 1.000000000000000000e+00
1.347613987561850690e+00 7.222172411581095020e+00 2.476835602757580190e+00 1.000000000000000000e+00
1.361950306578466163e+00 7.228241791644893333e+00 2.465277218841968043e+00 1.000000000000000000e+00
1.376286625595081636e+00 7.232444665031236397e+00 2.453082240783080348e+00 1.000000000000000000e+00
1.390622944611697109e+00 7.234779946456669109e+00 2.440253817618903920e+00 1.000000000000000000e+00
1.404959263628312360e+00 7.235247032895104624e+00 2.426795261958256678e+00 1.000000000000000000e+00
1.419295582644927833e+00 7.233845803733537139e+00 2.412710049125391443e+00 1.000000000000000000e+00
1.433631901661543306e+00 7.230576620803192966e+00 2.398001816262585351e+00 1.000000000000000000e+00
1.447968220678158779e+00 7.225440328286093283e+00 2.382674361390940021e+00 1.000000000000000000e+00
1.462304539694774252e+00 7.218438252497066721e+00 2.366731642429640736e+00 1.000000000000000000e+00
1.476640858711389503e+00 7.209572201541267766e+00 2.350177776173928201e+00 1.000000000000000000e+00
1.490977177728004976e+00 7.198844464847269364e+00 2.333017037232038682e+00 1.000000000000000000e+00
1.505313496744620450e+00 7.186257812575886916e+00 2.315253856921400288e+00 1.000000000000000000e+00
1.519649815761235923e+00 7.171815494904853594e+00 2.296892822124358524e+00 1.000000000000000000e+00
1.533986134777851396e+00 7.155521241189540582e+00 2.277938674103732630e+00 1.000000000000000000e+00
1.548322453794466869e+00 7.137379258999959397e+00 2.258396307278506043e+00 1.000000000000000000e+00
1.562658772811082120e+00 7.117394233034249673e+00 2.238270767959971153e+00 1.000000000000000000e+00
1.576995091827697593e+00 7.095571323908987260e+00 2.217567253048647657e+00 1.000000000000000000e+00
1.591331410844313066e+00 7.071916166826591521e+00 2.196291108692318694e+00 1.000000000000000000e+00
1.605667729860928539e+00 7.046434870120168448e+00 2.174447828905525348e+00 1.000000000000000000e+00
1.620004048877544012e+00 7.019134013676200823e+00 2.152043054150879708e+00 1.000000000000000000e+00
1.634340367894159485e+00 6.990020647235456686e+00 2.129082569882562392e+00 1.000000000000000000e+00
1.648676686910774736e+00 6.959102288572582395e+00 2.105572305052375803e+00 1.000000000000000000e+00
1.663013005927390209e+00 6.926386921554825271e+00 2.081518330578748355e+00 1.000000000000000000e+00
1.677349324944005682e+00 6.891882994080409830e+00 2.056926857779075135e+00 1.000000000000000000e+00
1.691685643960621155e+00 6.855599415897082771e+00 2.031804236765804905e+00 1.000000000000000000e+00
1.706021962977236628e+00 6.817545556301407572e+00 2.006156954806689541e+00 1.000000000000000000e+00
1.720358281993851879e+00 6.777731241719377131e+00 1.979991634649613808e+00 1.000000000000000000e+00
1.734694601010467352e+00 6.736166753168999932e+00 1.953315032812441787e+00 1.000000000000000000e+00
1.749030920027082825e+00 6.692862823605492117e+00 1.926134037838320934e+00 1.000000000000000000e+00
1.763367239043698298e+00 6.647830635149761136e+00 1.898455668516893180e+00 1.000000000000000000e+00
1.777703558060313771e+00 6.601081816200923491e+00 1.870287072071874723e+00 1.000000000000000000e+00
1.792039877076929244e+00 6.552628438433563574e+00 1.841635522315469453e+00 1.000000000000000000e+00
1.806376196093544495e+00 6.502483013680541823e+00 1.812508417770097191e+00 1.000000000000000000e+00
1.820712515110159968e+00 6.450658490702125825e+00 1.782913279757910363e+00 1.000000000000000000e+00
1.835048834126775441e+00 6.397168251842320075e+00 1.752857750458615582e+00 1.000000000000000000e+00
1.849385153143390914e+00 6.342026109573216885e+00 1.722349590936070873e+00 1.000000000000000000e+00
1.863721472160006387e+00 6.285246302928278794e+00 1.691396679134195002e+00 1.000000000000000000e+00
1.878057791176621638e+00 6.226843493825479747e+00 1.660007007842692506e+00 1.000000000000000000e+00
1.892394110193237111e+00 6.166832763281240304e+00 1.628188682633116002e+00 1.000000000000000000e+00
1.906730429209852584e+00 6.105229607516155177e+00 1.595949919765824454e+00 1.000000000000000000e+00
1.921066748226468057e+00 6.042049933953480334e+00 1.563299044068332755e+00 1.000000000000000000e+00
1.935403067243083530e+00 5.977310057111459685e+00 1.530244486785648172e+00 1.000000000000000000e+00
1.949739386259699003e+00 5.911026694390520753e+00 1.496794783403116336e+00 1.000000000000000000e+00
1.964075705276314254e+00 5.843216961756439787e+00 1.462958571442353195e+00 1.000000000000000000e+00
1.978412024292929727e+00 5.773898369320583868e+00 1.428744588230828949e+00 1.000000000000000000e+00
1.992748343309545200e+00 5.703088816818376650e+00 1.394161668645677921e+00 1.000000000000000000e+00
2.007084662326160451e+00 5.630806588987157468e+00 1.359218742832321025e+00 1.000000000000000000e+00
2.021420981342775924e+00 5.557070350844614204e+00 1.323924833898483255e+00 1.000000000000000000e+00
2.035757300359391397e+00 5.481899142869028019e+00 1.288289055584213028e+00 1.000000000000000000e+00
2.050093619376006870e+00 5.405312376082569870e+00 1.252320609908495586e+00 1.000000000000000000e+00
2.064429938392622343e+00 5.327329827038892240e+00 1.216028784793062867e+00 1.000000000000000000e+00
2.078766257409237816e+00 5.247971632716350143e+00 1.179422951664033770e+00 1.000000000000000000e+00
2.093102576425853290e+00 5.167258285318149902e+00 1.142512563031981898e+00 1.000000000000000000e+00
2.107438895442468763e+00 5.085210626980764204e+00 1.105307150051071607e+00 1.000000000000000000e+00
2.121775214459084236e+00 5.001849844391988320e+00 1.067816320057881407e+00 1.000000000000000000e+00
2.136111533475699709e+00 4.917197463320030160e+00 1.030049754090559100e+00 1.000000000000000000e+00
2.150447852492315182e+00 4.831275343055025928e+00 9.920172043889432523e-01 1.000000000000000000e+00
2.164784171508930211e+00 4.744105670764463767e+00 9.537284918763001551e-01 1.000000000000000000e+00
2.179120490525545684e+00 4.655710955763888492e+00 9.151935036233190823e-01 1.000000000000000000e+00
2.193456809542161157e+00 4.566114023704491487e+00 8.764221902950420917e-01 1.000000000000000000e+00
2.207793128558776630e+00 4.475338010678945544e+00 8.374245635813515332e-01 1.000000000000000000e+00
2.222129447575392103e+00 4.383406357247117136e+00 7.982106936117154827e-01 1.000000000000000000e+00
2.236465766592007576e+00 4.290342802383152687e+00 7.587907063548350317e-01 1.000000000000000000e+00
2.250802085608623049e+00 4.196171377345494946e+00 7.191747810038749966e-01 1.000000000000000000e+00
2.265138404625238522e+00 4.100916399471432605e+00 6.793731473479505123e-01 1.000000000000000000e+00
2.279474723641853995e+00 4.004602465897778352e+00 6.393960831305480763e-01 1.000000000000000000e+00
2.293811042658469468e+00 3.907254447209292270e+00 5.992539113955637209e-01 1.000000000000000000e+00
2.308147361675084941e+00 3.808897481016494613e+00 5.589569978216426538e-01 1.000000000000000000e+00
2.322483680691699970e+00 3.709556965464538614e+00 5.185157480455163670e-01 1.000000000000000000e+00
2.336819999708315443e+00 3.609258552674770915e+00 4.779406049750044572e-01 1.000000000000000000e+00
2.351156318724930916e+00 3.508028142120760418e+00 4.372420460924145158e-01 1.000000000000000000e+00
2.365492637741546389e+00 3.405891873940413817e+00 3.964305807489978406e-01 1.000000000000000000e+00
2.379828956758161862e+00 3.302876122185964380e+00 3.555167474511817804e-01 1.000000000000000000e+00
2.394165275774777335e+00 3.199007488013555278e+00 3.145111111392730474e-01 1.000000000000000000e+00
2.408501594791392808e+00 3.094312792814174262e+00 2.734242604593345449e-01 1.000000000000000000e+00
2.422837913808008281e+00 2.988819071287729390e+00 2.322668050289413699e-01 1.000000000000000000e+00
2.437174232824623754e+00 2.882553564462027484e+00 1.910493726975211193e-01 1.000000000000000000e+00
2.451510551841239227e+00 2.775543712658488982e+00 1.497826068019852686e-01 1.000000000000000000e+00
2.465846870857854700e+00 2.667817148406398164e+00 1.084771634183668565e-01 1.000000000000000000e+00
2.480183189874469729e+00 2.559401689307505112e+00 6.714370861015869774e-02 1.000000000000000000e+00
2.494519508891085202e+00 2.450325330852848982e+00 2.579291567407786603e-02 1.000000000000000000e+00
2.508855827907700675e+00 2.340616239193659798e+00 -1.556453761603156238e-02 1.000000000000000000e+00
2.523192146924316148e+00 2.230302743868164406e+00 -5.691797176646232193e-02 1.000000000000000000e+00
2.537528465940931621e+00 2.119413330486223490e+00 -9.825670832134612842e-02 1.000000000000000000e+00
2.551864784957547094e+00 2.007976633373650621e+00 -1.395700726200889974e-01 1.000000000000000000e+00
2.566201103974162567e+00 1.896021428178144896e+00 -1.808473965538264505e-01 1.000000000000000000e+00
2.580537422990778040e+00 1.783576624438719671e+00 -2.220780213201871689e-01 1.000000000000000000e+00
2.594873742007393513e+00 1.670671258120558500e+00 -2.632513001756542348e-01 1.000000000000000000e+00
2.609210061024008986e+00 1.557334484117240292e+00 -3.043566011848071184e-01 1.000000000000000000e+00
2.623546380040624459e+00 1.443595568722222611e+00 -3.453833099657510619e-01 1.000000000000000000e+00
2.637882699057239488e+00 1.329483882071593071e+00 -3.863208324310012376e-01 1.000000000000000000e+00
2.652219018073854961e+00 1.215028890559974206e+00 -4.271585975231380061e-01 1.000000000000000000e+00
2.666555337090470434e+00 1.100260149231609086e+00 -4.678860599445021640e-01 1.000000000000000000e+00
2.680891656107085907e+00 9.852072941485198188e-01 -5.084927028802503912e-01 1.000000000000000000e+00
2.695227975123701381e+00 8.699000347377656706e-01 -5.489680407140500318e-01 1.000000000000000000e+00
2.709564294140316854e+00 7.543681461197495608e-01 -5.893016217357177622e-01 1.000000000000000000e+00
2.723900613156932327e+00 6.386414614195632389e-01 -6.294830308401048180e-01 1.000000000000000000e+00
2.738236932173547800e+00 5.227498640633506666e-01 -6.695018922165290043e-01 1.000000000000000000e+00
2.752573251190163273e+00 4.067232800616973343e-01 -7.093478720280554928e-01 1.000000000000000000e+00
2.766909570206778746e+00 2.905916702819925646e-01 -7.490106810799502801e-01 1.000000000000000000e+00
2.781245889223394219e+00 1.743850227118226570e-01 -7.884800774765939879e-01 1.000000000000000000e+00
2.795582208240009248e+00 5.813334471534729875e-02 -8.277458692661866513e-01 1.000000000000000000e+00
2.809918527256624721e+00 -5.813334471533911779e-02 -8.667979170725611526e-01 1.000000000000000000e+00
2.824254846273240194e+00 -1.743850227118176610e-01 -9.056261367134071927e-01 1.000000000000000000e+00
2.838591165289855667e+00 -2.905916702819876241e-01 -9.442205018042567621e-01 1.000000000000000000e+00
2.852927484306471140e+00 -4.067232800616923383e-01 -9.825710463475365586e-01 1.000000000000000000e+00
2.867263803323086613e+00 -5.227498640633455596e-01 -1.020667867306029875e+00 1.000000000000000000e+00
2.881600122339702086e+00 -6.386414614195581319e-01 -1.058501127160081046e+00 1.000000000000000000e+00
2.895936441356317559e+00 -7.543681461197444538e-01 -1.096061056447876325e+00 1.000000000000000000e+00
2.910272760372933032e+00 -8.699000347377606746e-01 -1.133337956288162029e+00 1.000000000000000000e+00
2.924609079389548505e+00 -9.852072941485149338e-01 -1.170322200884724717e+00 1.000000000000000000e+00
2.938945398406163978e+00 -1.100260149231604201e+00 -1.207004240012006013e+00 1.000000000000000000e+00
2.953281717422779007e+00 -1.215028890559966213e+00 -1.243374601481200603e+00 1.000000000000000000e+00
2.967618036439394480e+00 -1.329483882071584855e+00 -1.279423893586208338e+00 1.000000000000000000e+00
2.981954355456009953e+00 -1.443595568722217948e+00 -1.315142807528793201e+00 1.000000000000000000e+00
2.996290674472625426e+00 -1.557334484117235629e+00 -1.350522119822344491e+00 1.000000000000000000e+00
3.010626993489240899e+00 -1.670671258120553837e+00 -1.385552694673602314e+00 1.000000000000000000e+00
3.024963312505856372e+00 -1.783576624438715008e+00 -1.420225486341741616e+00 1.000000000000000000e+00
3.039299631522471845e+00 -1.896021428178140011e+00 -1.454531541474197054e+00 1.000000000000000000e+00
3.053635950539087318e+00 -2.007976633373645736e+00 -1.488462001418640934e+00 1.000000000000000000e+00
3.067972269555702791e+00 -2.119413330486218605e+00 -1.522008104510496285e+00 1.000000000000000000e+00
3.082308588572318264e+00 -2.230302743868159965e+00 -1.555161188335413502e+00 1.000000000000000000e+00
3.096644907588933737e+00 -2.340616239193654913e+00 -1.587912691966112622e+00 1.000000000000000000e+00
3.110981226605549210e+00 -2.450325330852844097e+00 -1.620254158173022763e+00 1.000000000000000000e+00
3.125317545622164239e+00 -2.559401689307497563e+00 -1.652177235608143224e+00 1.000000000000000000e+00
3.139653864638779712e+00 -2.667817148406393279e+00 -1.683673680961564889e+00 1.000000000000000000e+00
3.153990183655395185e+00 -2.775543712658487205e+00 -1.714735361090088173e+00 1.000000000000000000e+00
3.168326502672010658e+00 -2.882553564462023488e+00 -1.745354255117399278e+00 1.000000000000000000e+00
3.182662821688626131e+00 -2.988819071287724949e+00 -1.775522456505254976e+00 1.000000000000000000e+00
3.196999140705241604e+00 -3.094312792814170265e+00 -1.805232175095140557e+00 1.000000000000000000e+00
3.211335459721857077e+00 -3.199007488013550393e+00 -1.834475739119878490e+00 1.000000000000000000e+00
3.225671778738472550e+00 -3.302876122185959940e+00 -1.863245597184662206e+00 1.000000000000000000e+00
3.240008097755088023e+00 -3.405891873940409376e+00 -1.891534320217009624e+00 1.000000000000000000e+00
3.254344416771703496e+00 -3.508028142120755533e+00 -1.919334603385129068e+00 1.000000000000000000e+00
3.268680735788318970e+00 -3.609258552674766918e+00 -1.946639267984203947e+00 1.000000000000000000e+00
3.283017054804933998e+00 -3.709556965464531508e+00 -1.973441263290104830e+00 1.000000000000000000e+00
3.297353373821549472e+00 -3.808897481016493280e+00 -1.999733668380065943e+00 1.000000000000000000e+00
3.311689692838164945e+00 -3.907254447209288273e+00 -2.025509693919818055e+00 1.000000000000000000e+00
3.326026011854780418e+00 -4.004602465897773911e+00 -2.050762683916774964e+00 1.000000000000000000e+00
3.340362330871395891e+00 -4.100916399471429052e+00 -2.075486117438763323e+00 1.000000000000000000e+00
3.354698649888011364e+00 -4.196171377345490505e+00 -2.099673610297887905e+00 1.000000000000000000e+00
3.369034968904626837e+00 -4.290342802383149134e+00 -2.123318916699078684e+00 1.000000000000000000e+00
3.383371287921242310e+00 -4.383406357247113583e+00 -2.146415930852913156e+00 1.000000000000000000e+00
3.397707606937857783e+00 -4.475338010678941103e+00 -2.168958688552272029e+00 1.000000000000000000e+00
3.412043925954473256e+00 -4.566114023704487046e+00 -2.190941368712445048e+00 1.000000000000000000e+00
3.426380244971088729e+00 -4.655710955763887604e+00 -2.212358294874277043e+00 1.000000000000000000e+00
3.440716563987703758e+00 -4.744105670764457550e+00 -2.233203936669958978e+00 1.000000000000000000e+00
3.455052883004319231e+00 -4.831275343055022375e+00 -2.253472911251115818e+00 1.000000000000000000e+00
3.469389202020934704e+00 -4.917197463320024831e+00 -2.273159984678776446e+00 1.000000000000000000e+00
3.483725521037550177e+00 -5.001849844391985656e+00 -2.292260073274907217e+00 1.000000000000000000e+00
3.498061840054165650e+00 -5.085210626980760651e+00 -2.310768244935142324e+00 1.000000000000000000e+00
3.512398159070781123e+00 -5.167258285318146349e+00 -2.328679720402369036e+00 1.000000000000000000e+00
3.526734478087396596e+00 -5.247971632716346591e+00 -2.345989874500849393e+00 1.000000000000000000e+00
3.541070797104012069e+00 -5.327329827038888688e+00 -2.362694237330552394e+00 1.000000000000000000e+00
3.555407116120627542e+00 -5.405312376082566317e+00 -2.378788495421388038e+00 1.000000000000000000e+00
3.569743435137243015e+00 -5.481899142869028019e+00 -2.394268492847054119e+00 1.000000000000000000e+00
3.584079754153858488e+00 -5.557070350844610651e+00 -2.409130232298188012e+00 1.000000000000000000e+00
3.598416073170473517e+00 -5.630806588987151251e+00 -2.423369876114580990e+00 1.000000000000000000e+00
3.612752392187088990e+00 -5.703088816818372209e+00 -2.436983747276145973e+00 1.000000000000000000e+00
3.627088711203704463e+00 -5.773898369320578539e+00 -2.449968330352411350e+00 1.000000000000000000e+00
3.641425030220319936e+00 -5.843216961756438899e+00 -2.462320272410299715e+00 1.000000000000000000e+00
3.655761349236935409e+00 -5.911026694390520753e+00 -2.474036383879926415e+00 1.000000000000000000e+00
3.670097668253550882e+00 -5.977310057111458796e+00 -2.485113639378226047e+00 1.000000000000000000e+00
3.684433987270166355e+00 -6.042049933953478558e+00 -2.495549178490187092e+00 1.000000000000000000e+00
3.698770306286781828e+00 -6.105229607516154289e+00 -2.505340306507466863e+00 1.000000000000000000e+00
3.713106625303397301e+00 -6.166832763281239416e+00 -2.514484495124242880e+00 1.000000000000000000e+00
3.727442944320012774e+00 -6.226843493825477971e+00 -2.522979383090073746e+00 1.000000000000000000e+00
3.741779263336628247e+00 -6.285246302928276130e+00 -2.530822776819636299e+00 1.000000000000000000e+00
3.756115582353243276e+00 -6.342026109573213333e+00 -2.538012650959158290e+00 1.000000000000000000e+00
3.770451901369858749e+00 -6.397168251842316522e+00 -2.544547148909418244e+00 1.000000000000000000e+00
3.784788220386474222e+00 -6.450658490702124936e+00 -2.550424583305160198e+00 1.000000000000000000e+00
3.799124539403089695e+00 -6.502483013680539159e+00 -2.555643436450814487e+00 1.000000000000000000e+00
3.813460858419705168e+00 -6.552628438433562685e+00 -2.560202360712401592e+00 1.000000000000000000e+00
3.827797177436320641e+00 -6.601081816200920827e+00 -2.564100178865526658e+00 1.000000000000000000e+00
3.842133496452936114e+00 -6.647830635149758471e+00 -2.567335884399363444e+00 1.000000000000000000e+00
3.856469815469551587e+00 -6.692862823605489453e+00 -2.569908641776563751e+00 1.000000000000000000e+00
3.870806134486167061e+00 -6.736166753168999932e+00 -2.571817786649010174e+00 1.000000000000000000e+00
3.885142453502782534e+00 -6.777731241719375355e+00 -2.573062826029368200e+00 1.000000000000000000e+00
3.899478772519398007e+00 -6.817545556301405796e+00 -2.573643438418387941e+00 1.000000000000000000e+00
3.913815091536013036e+00 -6.855599415897080107e+00 -2.573559473887921722e+00 1.000000000000000000e+00
3.928151410552628509e+00 -6.891882994080408942e+00 -2.572810954119639781e+00 1.000000000000000000e+00
3.942487729569243982e+00 -6.926386921554823495e+00 -2.571398072399432078e+00 1.000000000000000000e+00
3.956824048585859455e+00 -6.959102288572581507e+00 -2.569321193567496664e+00 1.000000000000000000e+00
3.971160367602474928e+00 -6.990020647235454909e+00 -2.566580853924128380e+00 1.000000000000000000e+00
3.985496686619090401e+00 -7.019134013676199935e+00 -2.563177761091234963e+00 1.000000000000000000e+00
3.999833005635705874e+00 -7.046434870120167560e+00 -2.559112793829610322e+00 1.000000000000000000e+00
4.014169324652320903e+00 -7.071916166826588857e+00 -2.554387001812017832e+00 1.000000000000000000e+00
4.028505643668936820e+00 -7.095571323908987260e+00 -2.549001605352140043e+00 1.000000000000000000e+00
4.042841962685551849e+00 -7.117394233034246120e+00 -2.542957995089464074e+00 1.000000000000000000e+00
4.057178281702167766e+00 -7.137379258999958509e+00 -2.536257731630182199e+00 1.000000000000000000e+00
4.071514600718782795e+00 -7.155521241189540582e+00 -2.528902545144211533e+00 1.000000000000000000e+00
4.085850919735398712e+00 -7.171815494904852706e+00 -2.520894334918414970e+00 1.000000000000000000e+00
4.100187238752013741e+00 -7.186257812575886916e+00 -2.512235168866166379e+00 1.000000000000000000e+00
4.114523557768629658e+00 -7.198844464847268476e+00 -2.502927282993359981e+00 1.000000000000000000e+00
4.128859876785244687e+00 -7.209572201541266878e+00 -2.492973080821023757e+00 1.000000000000000000e+00
4.143196195801860604e+00 -7.218438252497066721e+00 -2.482375132764668368e+00 1.000000000000000000e+00
4.157532514818475633e+00 -7.225440328286093283e+00 -2.471136175470547869e+00 1.000000000000000000e+00
4.171868833835090662e+00 -7.230576620803192966e+00 -2.459259111108988094e+00 1.000000000000000000e+00
4.186205152851706579e+00 -7.233845803733537139e+00 -2.446747006624975906e+00 1.000000000000000000e+00
4.200541471868321608e+00 -7.235247032895104624e+00 -2.433603092946205582e+00 1.000000000000000000e+00
4.214877790884937525e+00 -7.234779946456669109e+00 -2.419830764148766633e+00 1.000000000000000000e+00
4.229214109901552554e+00 -7.232444665031236397e+00 -2.405433576580718658e+00 1.000000000000000000e+00
4.243550428918168471e+00 -7.228241791644893333e+00 -2.390415247943754373e+00 1.000000000000000000e+00
4.257886747934783500e+00 -7.222172411581095020e+00 -2.374779656333194211e+00 1.000000000000000000e+00
4.272223066951399417e+00 -7.214238092100425881e+00 -2.358530839236577137e+00 1.000000000000000000e+00
4.286559385968014446e+00 -7.204440882035878069e+00 -2.341672992491075078e+00 1.000000000000000000e+00
4.300895704984630363e+00 -7.192783311263808876e+00 -2.324210469200035156e+00 1.000000000000000000e+00
4.315232024001245392e+00 -7.179268390050659754e+00 -2.306147778608892196e+00 1.000000000000000000e+00
4.329568343017860421e+00 -7.163899608275633213e+00 -2.287489584940786802e+00 1.000000000000000000e+00
4.343904662034476338e+00 -7.146680934529515916e+00 -2.268240706192134581e+00 1.000000000000000000e+00
4.358240981051091367e+00 -7.127616815089905522e+00 -2.248406112888518660e+00 1.000000000000000000e+00
4.372577300067707284e+00 -7.106712172773061553e+00 -2.227990926801163507e+00 1.000000000000000000e+00
4.386913619084322313e+00 -7.083972405662724903e+00 -2.207000419624388421e+00 1.000000000000000000e+00
4.401249938100938230e+00 -7.059403385716192858e+00 -2.185440011614308453e+00 1.000000000000000000e+00
4.415586257117553259e+00 -7.033011457248047549e+00 -2.163315270189213102e+00 1.000000000000000000e+00
4.429922576134169176e+00 -7.004803435291893976e+00 -2.140631908491906099e+00 1.000000000000000000e+00
4.444258895150784205e+00 -6.974786603840555266e+00 -2.117395783914451712e+00 1.000000000000000000e+00
4.458595214167400123e+00 -6.942968713965171901e+00 -2.093612896585635763e+00 1.000000000000000000e+00
4.472931533184015152e+00 -6.909357981813683658e+00 -2.069289387821607651e+00 1.000000000000000000e+00
4.487267852200630180e+00 -6.873963086489228935e+00 -2.044431538540025795e+00 1.000000000000000000e+00
4.501604171217246098e+00 -6.836793167808975724e+00 -2.019045767638180333e+00 1.000000000000000000e+00
4.515940490233861127e+00 -6.797857823944023714e+00 -1.993138630335485439e+00 1.000000000000000000e+00
4.530276809250477044e+00 -6.757167108940898892e+00 -1.966716816480757135e+00 1.000000000000000000e+00
4.544613128267092073e+00 -6.714731530125378711e+00 -1.939787148824722918e+00 1.000000000000000000e+00
4.558949447283707990e+00 -6.670562045389228700e+00 -1.912356581258245702e+00 1.000000000000000000e+00
4.573285766300323019e+00 -6.624670060360616120e+00 -1.884432197016634669e+00 1.000000000000000000e+00
4.587622085316938936e+00 -6.577067425458906769e+00 -1.856021206850609007e+00 1.000000000000000000e+00
4.601958404333553965e+00 -6.527766432834597232e+00 -1.827130947164282038e+00 1.000000000000000000e+00
4.616294723350169882e+00 -6.476779813195173041e+00 -1.797768878120746372e+00 1.000000000000000000e+00
4.630631042366784911e+00 -6.424120732517762278e+00 -1.767942581715671313e+00 1.000000000000000000e+00
4.644967361383399940e+00 -6.369802788649320036e+00 -1.737659759819439875e+00 1.000000000000000000e+00
4.659303680400015857e+00 -6.313840007795374021e+00 -1.706928232188348105e+00 1.000000000000000000e+00
4.673639999416630886e+00 -6.256246840898095130e+00 -1.675755934445364081e+00 1.000000000000000000e+00
4.687976318433246803e+00 -6.197038159904729504e+00 -1.644150916030934884e+00 1.000000000000000000e+00
4.702312637449861832e+00 -6.136229253927294458e+00 -1.612121338124454129e+00 1.000000000000000000e+00
4.716648956466477749e+00 -6.073835825294558788e+00 -1.579675471536820197e+00 1.000000000000000000e+00
4.730985275483092778e+00 -6.009873985497332427e+00 -1.546821694574741501e+00 1.000000000000000000e+00
4.745321594499708695e+00 -5.944360251028072639e+00 -1.513568490877226669e+00 1.000000000000000000e+00
4.759657913516323724e+00 -5.877311539115960493e+00 -1.479924447224933104e+00 1.000000000000000000e+00
4.773994232532939641e+00 -5.808745163358405073e+00 -1.445898251322822459e+00 1.000000000000000000e+00
4.788330551549554670e+00 -5.738678829250327240e+00 -1.411498689556816233e+00 1.000000000000000000e+00
4.802666870566169699e+00 -5.667130629612104897e+00 -1.376734644724907586e+00 1.000000000000000000e+00
4.817003189582785616e+00 -5.594119039917618608e+00 -1.341615093743439457e+00 1.000000000000000000e+00
4.831339508599400645e+00 -5.519662913523414538e+00 -1.306149105329016846e+00 1.000000000000000000e+00
4.845675827616016562e+00 -5.443781476800314323e+00 -1.270345837656776000e+00 1.000000000000000000e+00
4.860012146632631591e+00 -5.366494324168708197e+00 -1.234214535995490802e+00 1.000000000000000000e+00
4.874348465649247508e+00 -5.287821413038797935e+00 -1.197764530320253096e+00 1.000000000000000000e+00
4.888684784665862537e+00 -5.207783058657109443e+00 -1.161005232903215445e+00 1.000000000000000000e+00
4.903021103682478454e+00 -5.126399928860606359e+00 -1.123946135883143738e+00 1.000000000000000000e+00
4.917357422699093483e+00 -5.043693038739773371e+00 -1.086596808814303872e+00 1.000000000000000000e+00
4.931693741715709400e+00 -4.959683745211961536e+00 -1.048966896195361986e+00 1.000000000000000000e+00
4.946030060732324429e+00 -4.874393741506588995e+00 -1.011066114978968367e+00 1.000000000000000000e+00
4.960366379748939458e+00 -4.787845051563354382e+00 -9.729042520625771351e-01 1.000000000000000000e+00
4.974702698765555375e+00 -4.700060024345170007e+00 -9.344911617612461363e-01 1.000000000000000000e+00
4.989039017782170404e+00 -4.611061328067102671e+00 -8.958367632630263033e-01 1.000000000000000000e+00
5.003375336798786321e+00 -4.520871944342895965e+00 -8.569510380675589012e-01 1.000000000000000000e+00
5.017711655815401350e+00 -4.429515162250556415e+00 -8.178440274086443695e-01 1.000000000000000000e+00
5.032047974832017267e+00 -4.337014572318555139e+00 -7.785258296613192242e-01 1.000000000000000000e+00
5.046384293848632296e+00 -4.243394060434201975e+00 -7.390065977342464842e-01 1.000000000000000000e+00
5.060720612865248214e+00 -4.148677801675678900e+00 -6.992965364479540868e-01 1.000000000000000000e+00
5.075056931881863242e+00 -4.052890254069527742e+00 -6.594058998997386345e-01 1.000000000000000000e+00
5.089393250898479160e+00 -3.956056152274910698e+00 -6.193449888157753769e-01 1.000000000000000000e+00
5.103729569915094189e+00 -3.858200501196613619e+00 -5.791241478912557694e-01 1.000000000000000000e+00
5.118065888931709218e+00 -3.759348569528090156e+00 -5.387537631191030574e-01 1.000000000000000000e+00
5.132402207948325135e+00 -3.659525883226538046e+00 -4.982442591080926686e-01 1.000000000000000000e+00
5.146738526964940164e+00 -3.558758218921448169e+00 -4.576060963909311941e-01 1.000000000000000000e+00
5.161074845981556081e+00 -3.457071597258466245e+00 -4.168497687231296212e-01 1.000000000000000000e+00
5.175411164998171110e+00 -3.354492276180229382e+00 -3.759858003732263754e-01 1.000000000000000000e+00
5.189747484014787027e+00 -3.251046744145930312e+00 -3.350247434051980000e-01 1.000000000000000000e+00
5.204083803031402056e+00 -3.146761713291379436e+00 -2.939771749536485013e-01 1.000000000000000000e+00
5.218420122048017973e+00 -3.041664112531227815e+00 -2.528536944925233176e-01 1.000000000000000000e+00
5.232756441064633002e+00 -2.935781080605354365e+00 -2.116649210981011997e-01 1.000000000000000000e+00
5.247092760081248919e+00 -2.829139959070898769e+00 -1.704214907068556384e-01 1.000000000000000000e+00
5.261429079097863948e+00 -2.721768285242097463e+00 -1.291340533690354675e-01 1.000000000000000000e+00
5.275765398114478977e+00 -2.613693785079401088e+00 -8.781327049853290823e-02 1.000000000000000000e+00
5.290101717131094894e+00 -2.504944366030025016e+00 -4.646981211986220967e-02 1.000000000000000000e+00
5.304438036147709923e+00 -2.395548109821542759e+00 -5.114354112915538673e-03 1.000000000000000000e+00
5.318774355164325840e+00 -2.285533265210503817e+00 3.624242454383932305e-02 1.000000000000000000e+00
5.333110674180940869e+00 -2.174928240687953984e+00 7.758984453089259881e-02 1.000000000000000000e+00
5.347446993197556786e+00 -2.063761597143610960e+00 1.189172289453874348e-01 1.000000000000000000e+00
5.361783312214171815e+00 -1.952062040490839534e+00 1.602139060581176389e-01 1.000000000000000000e+00
5.376119631230787732e+00 -1.839858414253999541e+00 2.014692120692625488e-01 1.000000000000000000e+00
5.390455950247402761e+00 -1.727179692120442533e+00 2.426724938620012095e-01 1.000000000000000000e+00
5.404792269264018678e+00 -1.614054970458713045e+00 2.838131117534412051e-01 1.000000000000000000e+00
5.419128588280633707e+00 -1.500513460805257493e+00 3.248804422420051852e-01 1.000000000000000000e+00
5.433464907297248736e+00 -1.386584482321209899e+00 3.658638807507122448e-01 1.000000000000000000e+00
5.447801226313864653e+00 -1.272297454221542834e+00 4.067528443654994108e-01 1.000000000000000000e+00
5.462137545330479682e+00 -1.157681888178283769e+00 4.475367745680222109e-01 1.000000000000000000e+00
5.476473864347095599e+00 -1.042767380699889612e+00 4.882051399620873089e-01 1.000000000000000000e+00
5.490810183363710628e+00 -9.275836054887440785e-01 5.287474389931273722e-01 1.000000000000000000e+00
5.505146502380326545e+00 -8.121603057786209723e-01 5.691532026599692706e-01 1.000000000000000000e+00
5.519482821396941574e+00 -6.965272866543578134e-01 6.094119972181519795e-01 1.000000000000000000e+00
5.533819140413557491e+00 -5.807144073553613950e-01 6.495134268742073225e-01 1.000000000000000000e+00
5.548155459430172520e+00 -4.647515735653318658e-01 6.894471364700690552e-01 1.000000000000000000e+00
5.562491778446788437e+00 -3.486687296897913457e-01 7.292028141570608968e-01 1.000000000000000000e+00
5.576828097463403466e+00 -2.324958511238170433e-01 7.687701940586288973e-01 1.000000000000000000e+00
5.591164416480018495e+00 -1.162629365115732949e-01 8.081390589212708031e-01 1.000000000000000000e+00
5.605500735496634412e+00 -1.772138724545969599e-15 8.472992427528630577e-01 1.000000000000000000e+00
