0.000000000000000000e+00 0.000000000000000000e+00 4.396329192151890553e+00 1.000000000000000000e+00
1.432844687025723422e-02 1.358878116353242904e-01 4.398330798858594903e+00 1.000000000000000000e+00
2.865689374051446844e-02 2.717480393677133010e-01 4.399439587229548643e+00 1.000000000000000000e+00
4.298534061077170093e-02 4.075531048934953882e-01 4.399655332191506396e+00 1.000000000000000000e+00
5.731378748102893689e-02 5.432754411063902555e-01 4.398977989950340728e+00 1.000000000000000000e+00
7.164223435128616591e-02 6.788874976933624295e-01 4.397407697999933696e+00 1.000000000000000000e+00
8.597068122154340186e-02 8.143617467270668486e-01 4.394944775094264955e+00 1.000000000000000000e+00
1.002991280918006378e-01 9.496706882537507832e-01 4.391589721182707962e+00 1.000000000000000000e+00
1.146275749620578738e-01 1.084786855875475631e+00 4.387343217308546706e+00 1.000000000000000000e+00
1.289560218323151097e-01 1.219682822325529159e+00 4.382206125470728963e+00 1.000000000000000000e+00
1.432844687025723318e-01 1.354331205035893326e+00 4.376179488448889821e+00 1.000000000000000000e+00
1.576129155728295816e-01 1.488704671695639581e+00 4.369264529591677437e+00 1.000000000000000000e+00
1.719413624430868037e-01 1.622775945799120212e+00 4.361462652568425469e+00 1.000000000000000000e+00
1.862698093133440536e-01 1.756517812182836424e+00 4.352775441084219210e+00 1.000000000000000000e+00
2.005982561836012756e-01 1.889903122549847936e+00 4.343204658558422970e+00 1.000000000000000000e+00
2.149267030538585255e-01 2.022904800980616979e+00 4.332752247766721077e+00 1.000000000000000000e+00
2.292551499241157476e-01 2.155495849429151622e+00 4.321420330446753333e+00 1.000000000000000000e+00
2.435835967943729696e-01 2.287649353203351055e+00 4.309211206867423982e+00 1.000000000000000000e+00
2.579120436646302195e-01 2.419338486428424861e+00 4.296127355361964995e+00 1.000000000000000000e+00
2.722404905348874693e-01 2.550536517492280275e+00 4.282171431824867369e+00 1.000000000000000000e+00
2.865689374051446636e-01 2.681216814471784726e+00 4.267346269172749729e+00 1.000000000000000000e+00
3.008973842754019135e-01 2.811352850538785919e+00 4.251654876769314306e+00 1.000000000000000000e+00
3.152258311456591633e-01 2.940918209344796086e+00 4.235100439814465823e+00 1.000000000000000000e+00
3.295542780159164131e-01 3.069886590383256841e+00 4.217686318697756676e+00 1.000000000000000000e+00
3.438827248861736074e-01 3.198231814328286404e+00 4.199416048316249039e+00 1.000000000000000000e+00
3.582111717564308573e-01 3.325927828348825166e+00 4.180293337356977723e+00 1.000000000000000000e+00
3.725396186266881071e-01 3.452948711397108461e+00 4.160322067544111491e+00 1.000000000000000000e+00
3.868680654969453014e-01 3.579268679470387848e+00 4.139506292851010016e+00 1.000000000000000000e+00
4.011965123672025513e-01 3.704862090844832423e+00 4.117850238677298158e+00 1.000000000000000000e+00
4.155249592374598011e-01 3.829703451280544346e+00 4.095358300991160938e+00 1.000000000000000000e+00
4.298534061077170509e-01 3.953767419196650756e+00 4.072035045436994238e+00 1.000000000000000000e+00
4.441818529779742453e-01 4.077028810815387594e+00 4.047885206408631475e+00 1.000000000000000000e+00
4.585102998482314951e-01 4.199462605274169036e+00 4.022913686088305241e+00 1.000000000000000000e+00
4.728387467184887449e-01 4.321043949704576725e+00 3.997125553451547297e+00 1.000000000000000000e+00
4.871671935887459393e-01 4.441748164277247390e+00 3.970526043238247649e+00 1.000000000000000000e+00
5.014956404590031891e-01 4.561550747211644996e+00 3.943120554890036988e+00 1.000000000000000000e+00
5.158240873292604389e-01 4.680427379749671601e+00 3.914914651454268313e+00 1.000000000000000000e+00
5.301525341995176888e-01 4.798353931092153246e+00 3.885914058454762898e+00 1.000000000000000000e+00
5.444809810697749386e-01 4.915306463297143935e+00 3.856124662729587982e+00 1.000000000000000000e+00
5.588094279400321884e-01 5.031261236139105364e+00 3.825552511236083753e+00 1.000000000000000000e+00
5.731378748102893272e-01 5.146194711927933874e+00 3.794203809823395002e+00 1.000000000000000000e+00
5.874663216805465771e-01 5.260083560286888726e+00 3.762084921972734808e+00 1.000000000000000000e+00
6.017947685508038269e-01 5.372904662888426053e+00 3.729202367505672466e+00 1.000000000000000000e+00
6.161232154210610767e-01 5.484635118146995225e+00 3.695562821260661490e+00 1.000000000000000000e+00
6.304516622913183266e-01 5.595252245867842866e+00 3.661173111738119879e+00 1.000000000000000000e+00
6.447801091615755764e-01 5.704733591850866148e+00 3.626040219714306012e+00 1.000000000000000000e+00
6.591085560318328262e-01 5.813056932448593450e+00 3.590171276824293489e+00 1.000000000000000000e+00
6.734370029020899651e-01 5.920200279077385552e+00 3.553573564114316241e+00 1.000000000000000000e+00
6.877654497723472149e-01 6.026141882680880357e+00 3.516254510563785018e+00 1.000000000000000000e+00
7.020938966426044647e-01 6.130860238144856922e+00 3.478221691577282559e+00 1.000000000000000000e+00
7.164223435128617146e-01 6.234334088662557782e+00 3.439482827446824320e+00 1.000000000000000000e+00
7.307507903831189644e-01 6.336542430049613372e+00 3.400045781784717835e+00 1.000000000000000000e+00
7.450792372533762142e-01 6.437464515007690125e+00 3.359918559927325354e+00 1.000000000000000000e+00
7.594076841236334641e-01 6.537079857335989175e+00 3.319109307310056600e+00 1.000000000000000000e+00
7.737361309938906029e-01 6.635368236089739469e+00 3.277626307813927831e+00 1.000000000000000000e+00
7.880645778641478527e-01 6.732309699684863702e+00 3.235477982084011384e+00 1.000000000000000000e+00
8.023930247344051025e-01 6.827884569947947568e+00 3.192672885820130979e+00 1.000000000000000000e+00
8.167214716046623524e-01 6.922073446110720951e+00 3.149219708040132293e+00 1.000000000000000000e+00
8.310499184749196022e-01 7.014857208748220607e+00 3.105127269316101390e+00 1.000000000000000000e+00
8.453783653451768521e-01 7.106217023659855414e+00 3.060404519983872529e+00 1.000000000000000000e+00
8.597068122154341019e-01 7.196134345692557943e+00 3.015060538326197914e+00 1.000000000000000000e+00
8.740352590856912407e-01 7.284590922505271848e+00 2.969104528729944459e+00 1.000000000000000000e+00
8.883637059559484905e-01 7.371568798274004131e+00 2.922545819817691903e+00 1.000000000000000000e+00
9.026921528262057404e-01 7.457050317336676670e+00 2.875393862554114666e+00 1.000000000000000000e+00
9.170205996964629902e-01 7.541018127777056712e+00 2.827658228327527556e+00 1.000000000000000000e+00
9.313490465667202400e-01 7.623455184947022900e+00 2.779348607006985272e+00 1.000000000000000000e+00
9.456774934369774899e-01 7.704344754926474081e+00 2.730474804975338454e+00 1.000000000000000000e+00
9.600059403072347397e-01 7.783670417920134810e+00 2.681046743138626454e+00 1.000000000000000000e+00
9.743343871774918785e-01 7.861416071590631383e+00 2.631074454912235350e+00 1.000000000000000000e+00
9.886628340477491284e-01 7.937565934327103001e+00 2.580568084184209798e+00 1.000000000000000000e+00
1.002991280918006378e+00 8.012104548448702346e+00 2.529537883256143704e+00 1.000000000000000000e+00
1.017319727788263739e+00 8.085016783342382496e+00 2.477994210762060945e+00 1.000000000000000000e+00
1.031648174658520878e+00 8.156287838534229451e+00 2.425947529565715577e+00 1.000000000000000000e+00
1.045976621528778017e+00 8.225903246693844650e+00 2.373408404636735636e+00 1.000000000000000000e+00
1.060305068399035378e+00 8.293848876571061624e+00 2.320387500906023526e+00 1.000000000000000000e+00
1.074633515269292516e+00 8.360110935864437209e+00 2.266895581100900170e+00 1.000000000000000000e+00
1.088961962139549877e+00 8.424675974020983560e+00 2.212943503560351299e+00 1.000000000000000000e+00
1.103290409009807016e+00 8.487530884966469458e+00 2.158542220030918557e+00 1.000000000000000000e+00
1.117618855880064377e+00 8.548662909765852191e+00 2.103702773443570262e+00 1.000000000000000000e+00
1.131947302750321516e+00 8.608059639213193392e+00 2.048436295672126040e+00 1.000000000000000000e+00
1.146275749620578654e+00 8.665709016350628957e+00 1.992754005273565054e+00 1.000000000000000000e+00
1.160604196490836015e+00 8.721599338915797972e+00 1.936667205210790499e+00 1.000000000000000000e+00
1.174932643361093154e+00 8.775719261717293662e+00 1.880187280558224705e+00 1.000000000000000000e+00
1.189261090231350515e+00 8.828057798937631873e+00 1.823325696190763123e+00 1.000000000000000000e+00
1.203589537101607654e+00 8.878604326363252142e+00 1.766093994456494398e+00 1.000000000000000000e+00
1.217917983971865015e+00 8.927348583541146354e+00 1.708503792833744539e+00 1.000000000000000000e+00
1.232246430842122153e+00 8.974280675861614043e+00 1.650566781572813113e+00 1.000000000000000000e+00
1.246574877712379292e+00 9.019391076566787291e+00 1.592294721322993212e+00 1.000000000000000000e+00
1.260903324582636653e+00 9.062670628684458052e+00 1.533699440745248221e+00 1.000000000000000000e+00
1.275231771452893792e+00 9.104110546886856170e+00 1.474792834111135154e+00 1.000000000000000000e+00
1.289560218323151153e+00 9.143702419273999737e+00 1.415586858888355337e+00 1.000000000000000000e+00
1.303888665193408292e+00 9.181438209081198565e+00 1.356093533313534216e+00 1.000000000000000000e+00
1.318217112063665652e+00 9.217310256310478067e+00 1.296324933952606173e+00 1.000000000000000000e+00
1.332545558933922791e+00 9.251311279285447498e+00 1.236293193249420330e+00 1.000000000000000000e+00
1.346874005804179930e+00 9.283434376129434895e+00 1.176010497062940807e+00 1.000000000000000000e+00
1.361202452674437291e+00 9.313673026166490843e+00 1.115489082193665382e+00 1.000000000000000000e+00
1.375530899544694430e+00 9.342021091245021225e+00 1.054741233899652908e+00 1.000000000000000000e+00
1.389859346414951791e+00 9.368472816983775431e+00 9.937792834027452393e-01 1.000000000000000000e+00
1.404187793285208929e+00 9.393022833939923544e+00 9.326156053854471883e-01 1.000000000000000000e+00
1.418516240155466290e+00 9.415666158699016464e+00 8.712626154789862021e-01 1.000000000000000000e+00
1.432844687025723429e+00 9.436398194886551849e+00 8.097327677430607995e-01 1.000000000000000000e+00
1.447173133895980568e+00 9.455214734101000218e+00 7.480385521377885816e-01 1.000000000000000000e+00
1.461501580766237929e+00 9.472111956768081598e+00 6.861924919883573004e-01 1.000000000000000000e+00
1.475830027636495068e+00 9.487086432916077783e+00 6.242071414429323228e-01 1.000000000000000000e+00
1.490158474506752428e+00 9.500135122872103821e+00 5.620950829242579161e-01 1.000000000000000000e+00
1.504486921377009567e+00 9.511255377879125561e+00 4.998689245755773003e-01 1.000000000000000000e+00
1.518815368247266928e+00 9.520444940633629116e+00 4.375412977012803628e-01 1.000000000000000000e+00
1.533143815117524067e+00 9.527701945743832113e+00 3.751248542028821076e-01 1.000000000000000000e+00
1.547472261987781206e+00 9.533024920108337241e+00 3.126322640108074591e-01 1.000000000000000000e+00
1.561800708858038567e+00 9.536412783215174827e+00 2.500762125125189916e-01 1.000000000000000000e+00
1.576129155728295705e+00 9.537864847361106513e+00 1.874693979775066688e-01 1.000000000000000000e+00
1.590457602598553066e+00 9.537380817791250465e+00 1.248245289796627300e-01 1.000000000000000000e+00
1.604786049468810205e+00 9.534960792758898407e+00 6.215432181756489621e-02 1.000000000000000000e+00
1.619114496339067566e+00 9.530605263505568914e+00 -5.285020668084070353e-04 1.000000000000000000e+00
1.633442943209324705e+00 9.524315114161302276e+00 -6.321121867040695175e-02 1.000000000000000000e+00
1.647771390079581844e+00 9.516091621565184511e+00 -1.258811040119574842e-01 1.000000000000000000e+00
1.662099836949839204e+00 9.505936455006160912e+00 -1.885254367148079813e-01 1.000000000000000000e+00
1.676428283820096343e+00 9.493851675884179997e+00 -2.511315005892433838e-01 1.000000000000000000e+00
1.690756730690353704e+00 9.479839737291765545e+00 -3.136865872137483136e-01 1.000000000000000000e+00
1.705085177560610843e+00 9.463903483516050485e+00 -3.761779985146927463e-01 1.000000000000000000e+00
1.719413624430868204e+00 9.446046149461414743e+00 -4.385930493439175182e-01 1.000000000000000000e+00
1.733742071301125343e+00 9.426271359992837162e+00 -5.009190700536960694e-01 1.000000000000000000e+00
1.748070518171382481e+00 9.404583129200075220e+00 -5.631434090685490945e-01 1.000000000000000000e+00
1.762398965041639842e+00 9.380985859582855468e+00 -6.252534354533935135e-01 1.000000000000000000e+00
1.776727411911896981e+00 9.355484341157195516e+00 -6.872365414774899151e-01 1.000000000000000000e+00
1.791055858782154342e+00 9.328083750483086689e+00 -7.490801451737097993e-01 1.000000000000000000e+00
1.805384305652411481e+00 9.298789649613699027e+00 -8.107716928925239319e-01 1.000000000000000000e+00
1.819712752522668842e+00 9.267607984966343082e+00 -8.722986618503015821e-01 1.000000000000000000e+00
1.834041199392925980e+00 9.234545086115394597e+00 -9.336485626712830443e-01 1.000000000000000000e+00
1.848369646263183119e+00 9.199607664507462701e+00 -9.948089419228299812e-01 1.000000000000000000e+00
1.862698093133440480e+00 9.162802812099030803e+00 -1.055767384643330420e+00 1.000000000000000000e+00
1.877026540003697619e+00 9.124137999916852593e+00 -1.116511516862323861e+00 1.000000000000000000e+00
1.891354986873954980e+00 9.083621076541410488e+00 -1.177029008112295605e+00 1.000000000000000000e+00
1.905683433744212119e+00 9.041260266513729604e+00 -1.237307573931643701e+00 1.000000000000000000e+00
1.920011880614469479e+00 8.997064168665877659e+00 -1.297334978358293922e+00 1.000000000000000000e+00
1.934340327484726618e+00 8.951041754375479442e+00 -1.357099036413504489e+00 1.000000000000000000e+00
1.948668774354983757e+00 8.903202365744625979e+00 -1.416587616575267328e+00 1.000000000000000000e+00
1.962997221225241118e+00 8.853555713703501695e+00 -1.475788643240920406e+00 1.000000000000000000e+00
1.977325668095498257e+00 8.802111876039178995e+00 -1.534690099178347200e+00 1.000000000000000000e+00
1.991654114965755618e+00 8.748881295349914211e+00 -1.593280027965388035e+00 1.000000000000000000e+00
2.005982561836012756e+00 8.693874776925401449e+00 -1.651546536416846456e+00 1.000000000000000000e+00
2.020311008706269895e+00 8.637103486553414200e+00 -1.709477796998719379e+00 1.000000000000000000e+00
2.034639455576527478e+00 8.578578948253239744e+00 -1.767062050229051939e+00 1.000000000000000000e+00
2.048967902446784617e+00 8.518313041936437457e+00 -1.824287607065000039e+00 1.000000000000000000e+00
2.063296349317041756e+00 8.456318000995318940e+00 -1.881142851275600991e+00 1.000000000000000000e+00
2.077624796187298895e+00 8.392606409819695301e+00 -1.937616241799747563e+00 1.000000000000000000e+00
2.091953243057556033e+00 8.327191201242357010e+00 -1.993696315088917537e+00 1.000000000000000000e+00
2.106281689927813616e+00 8.260085653913849413e+00 -2.049371687434155653e+00 1.000000000000000000e+00
2.120610136798070755e+00 8.191303389607032415e+00 -2.104631057276856065e+00 1.000000000000000000e+00
2.134938583668327894e+00 8.120858370451980335e+00 -2.159463207502874571e+00 1.000000000000000000e+00
2.149267030538585033e+00 8.048764896101825883e+00 -2.213857007719488568e+00 1.000000000000000000e+00
2.163595477408842171e+00 7.975037600830049200e+00 -2.267801416514764856e+00 1.000000000000000000e+00
2.177923924279099754e+00 7.899691450559876316e+00 -2.321285483698849905e+00 1.000000000000000000e+00
2.192252371149356893e+00 7.822741739826345686e+00 -2.374298352526754030e+00 1.000000000000000000e+00
2.206580818019614032e+00 7.744204088671652109e+00 -2.426829261902169854e+00 1.000000000000000000e+00
2.220909264889871171e+00 7.664094439474442133e+00 -2.478867548561866307e+00 1.000000000000000000e+00
2.235237711760128754e+00 7.582429053713648948e+00 -2.530402649240231838e+00 1.000000000000000000e+00
2.249566158630385893e+00 7.499224508667606592e+00 -2.581424102813504096e+00 1.000000000000000000e+00
2.263894605500643031e+00 7.414497694048985288e+00 -2.631921552423286403e+00 1.000000000000000000e+00
2.278223052370900170e+00 7.328265808576358786e+00 -2.681884747578886063e+00 1.000000000000000000e+00
2.292551499241157309e+00 7.240546356483044121e+00 -2.731303546238061486e+00 1.000000000000000000e+00
2.306879946111414892e+00 7.151357143963880780e+00 -2.780167916865766475e+00 1.000000000000000000e+00
2.321208392981672031e+00 7.060716275560792177e+00 -2.828467940470438258e+00 1.000000000000000000e+00
2.335536839851929169e+00 6.968642150487699638e+00 -2.876193812617473533e+00 1.000000000000000000e+00
2.349865286722186308e+00 6.875153458895678860e+00 -2.923335845419422263e+00 1.000000000000000000e+00
2.364193733592443447e+00 6.780269178079040060e+00 -2.969884469502539481e+00 1.000000000000000000e+00
2.378522180462701030e+00 6.684008568623112545e+00 -3.015830235949275462e+00 1.000000000000000000e+00
2.392850627332958169e+00 6.586391170494556135e+00 -3.061163818216306787e+00 1.000000000000000000e+00
2.407179074203215308e+00 6.487436799074913552e+00 -3.105876014027742382e+00 1.000000000000000000e+00
2.421507521073472446e+00 6.387165541138291935e+00 -3.149957747243092854e+00 1.000000000000000000e+00
2.435835967943730029e+00 6.285597750773937342e+00 -3.193400069699637189e+00 1.000000000000000000e+00
2.450164414813987168e+00 6.182754045254569952e+00 -3.236194163028814685e+00 1.000000000000000000e+00
2.464492861684244307e+00 6.078655300851250942e+00 -3.278331340446267728e+00 1.000000000000000000e+00
2.478821308554501446e+00 5.973322648595727813e+00 -3.319803048515172161e+00 1.000000000000000000e+00
2.493149755424758585e+00 5.866777469991026450e+00 -3.360600868882507086e+00 1.000000000000000000e+00
2.507478202295016168e+00 5.759041392671214510e+00 -3.400716519987887931e+00 1.000000000000000000e+00
2.521806649165273306e+00 5.650136286011221642e+00 -3.440141858744655945e+00 1.000000000000000000e+00
2.536135096035530445e+00 5.540084256687531017e+00 -3.478868882192840406e+00 1.000000000000000000e+00
2.550463542905787584e+00 5.428907644190773318e+00 -3.516889729123674257e+00 1.000000000000000000e+00
2.564791989776044723e+00 5.316629016291017251e+00 -3.554196681675350078e+00 1.000000000000000000e+00
2.579120436646302306e+00 5.203271164456723774e+00 -3.590782166899676664e+00 1.000000000000000000e+00
2.593448883516559444e+00 5.088857099228321523e+00 -3.626638758299296050e+00 1.000000000000000000e+00
2.607777330386816583e+00 4.973410045547253411e+00 -3.661759177335213611e+00 1.000000000000000000e+00
2.622105777257073722e+00 4.856953438041580640e+00 -3.696136294904246000e+00 1.000000000000000000e+00
2.636434224127331305e+00 4.739510916268951490e+00 -3.729763132786182656e+00 1.000000000000000000e+00
2.650762670997588444e+00 4.621106319918027339e+00 -3.762632865060277165e+00 1.000000000000000000e+00
2.665091117867845583e+00 4.501763683969233654e+00 -3.794738819490854453e+00 1.000000000000000000e+00
2.679419564738102721e+00 4.381507233815896463e+00 -3.826074478881707819e+00 1.000000000000000000e+00
2.693748011608359860e+00 4.260361380346740390e+00 -3.856633482399024260e+00 1.000000000000000000e+00
2.708076458478617443e+00 4.138350714990696844e+00 -3.886409626862575628e+00 1.000000000000000000e+00
2.722404905348874582e+00 4.015500004725105931e+00 -3.915396868004891395e+00 1.000000000000000000e+00
2.736733352219131721e+00 3.891834187048235361e+00 -3.943589321698205197e+00 1.000000000000000000e+00
2.751061799089388860e+00 3.767378364917217226e+00 -3.970981265148861183e+00 1.000000000000000000e+00
2.765390245959645998e+00 3.642157801652408544e+00 -3.997567138058993219e+00 1.000000000000000000e+00
2.779718692829903581e+00 3.516197915809162744e+00 -4.023341543755204697e+00 1.000000000000000000e+00
2.794047139700160720e+00 3.389524276018132998e+00 -4.048299250284043360e+00 1.000000000000000000e+00
2.808375586570417859e+00 3.262162595795068398e+00 -4.072435191474041538e+00 1.000000000000000000e+00
2.822704033440674998e+00 3.134138728321218093e+00 -4.095744467964095747e+00 1.000000000000000000e+00
2.837032480310932581e+00 3.005478661195405632e+00 -4.118222348197984495e+00 1.000000000000000000e+00
2.851360927181189719e+00 2.876208511158798942e+00 -4.139864269384833761e+00 1.000000000000000000e+00
2.865689374051446858e+00 2.746354518793444832e+00 -4.160665838425324559e+00 1.000000000000000000e+00
2.880017820921703997e+00 2.615943043195710693e+00 -4.180622832803435607e+00 1.000000000000000000e+00
2.894346267791961136e+00 2.485000556625615253e+00 -4.199731201443586137e+00 1.000000000000000000e+00
2.908674714662218719e+00 2.353553639133250108e+00 -4.217987065532953217e+00 1.000000000000000000e+00
2.923003161532475858e+00 2.221628973163275678e+00 -4.235386719308844583e+00 1.000000000000000000e+00
2.937331608402732996e+00 2.089253338138634231e+00 -4.251926630810922703e+00 1.000000000000000000e+00
2.951660055272990135e+00 1.956453605024603082e+00 -4.267603442598163710e+00 1.000000000000000000e+00
2.965988502143247274e+00 1.823256730874231568e+00 -4.282413972430383353e+00 1.000000000000000000e+00
2.980316949013504857e+00 1.689689753356340196e+00 -4.296355213914203830e+00 1.000000000000000000e+00
2.994645395883761996e+00 1.555779785267139559e+00 -4.309424337113315850e+00 1.000000000000000000e+00
3.008973842754019135e+00 1.421554009026574361e+00 -4.321618689122934676e+00 1.000000000000000000e+00
3.023302289624276273e+00 1.287039671160579157e+00 -4.332935794608309799e+00 1.000000000000000000e+00
3.037630736494533856e+00 1.152264076770270984e+00 -4.343373356307197675e+00 1.000000000000000000e+00
3.051959183364790995e+00 1.017254583989324335e+00 -4.352929255496179373e+00 1.000000000000000000e+00
3.066287630235048134e+00 8.820385984304933702e-01 -4.361601552420742323e+00 1.000000000000000000e+00
3.080616077105305273e+00 7.466435676225595675e-01 -4.369388486689034679e+00 1.000000000000000000e+00
3.094944523975562412e+00 6.110969754387515218e-01 -4.376288477629201701e+00 1.000000000000000000e+00
3.109272970845819994e+00 4.754263365177648359e-01 -4.382300124610253533e+00 1.000000000000000000e+00
3.123601417716077133e+00 3.396591906786007864e-01 -4.387422207326372892e+00 1.000000000000000000e+00
3.137929864586334272e+00 2.038230973302082305e-01 -4.391653686044631577e+00 1.000000000000000000e+00
3.152258311456591411e+00 6.794562987721375347e-02 -4.394993701816042098e+00 1.000000000000000000e+00
3.166586758326848550e+00 -6.794562987721142200e-02 -4.397441576649915973e+00 1.000000000000000000e+00
3.180915205197106133e+00 -2.038230973302101179e-01 -4.398996813651492310e+00 1.000000000000000000e+00
3.195243652067363271e+00 -3.396591906786026183e-01 -4.399659097122797569e+00 1.000000000000000000e+00
3.209572098937620410e+00 -4.754263365177667788e-01 -4.399428292626736514e+00 1.000000000000000000e+00
3.223900545807877549e+00 -6.110969754387491903e-01 -4.398304447014373508e+00 1.000000000000000000e+00
3.238228992678135132e+00 -7.466435676225613438e-01 -4.396287788415428111e+00 1.000000000000000000e+00
3.252557439548392271e+00 -8.820385984304952576e-01 -4.393378726191965455e+00 1.000000000000000000e+00
3.266885886418649410e+00 -1.017254583989326333e+00 -4.389577850855295615e+00 1.000000000000000000e+00
3.281214333288906548e+00 -1.152264076770272982e+00 -4.384885933946113035e+00 1.000000000000000000e+00
3.295542780159163687e+00 -1.287039671160576937e+00 -4.379303927877876923e+00 1.000000000000000000e+00
3.309871227029421270e+00 -1.421554009026576360e+00 -4.372832965743477907e+00 1.000000000000000000e+00
3.324199673899678409e+00 -1.555779785267141113e+00 -4.365474361085237121e+00 1.000000000000000000e+00
3.338528120769935548e+00 -1.689689753356341972e+00 -4.357229607628267054e+00 1.000000000000000000e+00
3.352856567640192686e+00 -1.823256730874228904e+00 -4.348100378977258984e+00 1.000000000000000000e+00
3.367185014510449825e+00 -1.956453605024600639e+00 -4.338088528276759170e+00 1.000000000000000000e+00
3.381513461380707408e+00 -2.089253338138636007e+00 -4.327196087834995986e+00 1.000000000000000000e+00
3.395841908250964547e+00 -2.221628973163277010e+00 -4.315425268711345019e+00 1.000000000000000000e+00
3.410170355121221686e+00 -2.353553639133251441e+00 -4.302778460267504990e+00 1.000000000000000000e+00
3.424498801991478825e+00 -2.485000556625613033e+00 -4.289258229682475054e+00 1.000000000000000000e+00
3.438827248861736408e+00 -2.615943043195712470e+00 -4.274867321431448097e+00 1.000000000000000000e+00
3.453155695731993546e+00 -2.746354518793451049e+00 -4.259608656728709697e+00 1.000000000000000000e+00
3.467484142602250685e+00 -2.876208511158800718e+00 -4.243485332934656462e+00 1.000000000000000000e+00
3.481812589472507824e+00 -3.005478661195407408e+00 -4.226500622927062523e+00 1.000000000000000000e+00
3.496141036342764963e+00 -3.134138728321215872e+00 -4.208657974436714966e+00 1.000000000000000000e+00
3.510469483213022546e+00 -3.262162595795069731e+00 -4.189961009347568321e+00 1.000000000000000000e+00
3.524797930083279685e+00 -3.389524276018139215e+00 -4.170413522961526454e+00 1.000000000000000000e+00
3.539126376953536823e+00 -3.516197915809164964e+00 -4.150019483228035710e+00 1.000000000000000000e+00
3.553454823823793962e+00 -3.642157801652406324e+00 -4.128783029938631444e+00 1.000000000000000000e+00
3.567783270694051101e+00 -3.767378364917215006e+00 -4.106708473886601318e+00 1.000000000000000000e+00
3.582111717564308684e+00 -3.891834187048237581e+00 -4.083800295991935947e+00 1.000000000000000000e+00
3.596440164434565823e+00 -4.015500004725111260e+00 -4.060063146391742706e+00 1.000000000000000000e+00
3.610768611304822961e+00 -4.138350714990699508e+00 -4.035501843496318131e+00 1.000000000000000000e+00
3.625097058175080100e+00 -4.260361380346738613e+00 -4.010121373011050316e+00 1.000000000000000000e+00
3.639425505045337683e+00 -4.381507233815898239e+00 -3.983926886924379573e+00 1.000000000000000000e+00
3.653753951915594822e+00 -4.501763683969235430e+00 -3.956923702461982995e+00 1.000000000000000000e+00
3.668082398785851961e+00 -4.621106319918033556e+00 -3.929117301007440055e+00 1.000000000000000000e+00
3.682410845656109100e+00 -4.739510916268954155e+00 -3.900513326989561769e+00 1.000000000000000000e+00
3.696739292526366238e+00 -4.856953438041578863e+00 -3.871117586736620542e+00 1.000000000000000000e+00
3.711067739396623821e+00 -4.973410045547256075e+00 -3.840936047297726308e+00 1.000000000000000000e+00
3.725396186266880960e+00 -5.088857099228321523e+00 -3.809974835231579871e+00 1.000000000000000000e+00
3.739724633137138099e+00 -5.203271164456728215e+00 -3.778240235362834376e+00 1.000000000000000000e+00
3.754053080007395238e+00 -5.316629016291015475e+00 -3.745738689506334484e+00 1.000000000000000000e+00
3.768381526877652821e+00 -5.428907644190775983e+00 -3.712476795159494358e+00 1.000000000000000000e+00
3.782709973747909959e+00 -5.540084256687531017e+00 -3.678461304163074264e+00 1.000000000000000000e+00
3.797038420618167098e+00 -5.650136286011224307e+00 -3.643699121330617352e+00 1.000000000000000000e+00
3.811366867488424237e+00 -5.759041392671219839e+00 -3.608197303046837501e+00 1.000000000000000000e+00
3.825695314358681376e+00 -5.866777469991024674e+00 -3.571963055835246870e+00 1.000000000000000000e+00
3.840023761228938959e+00 -5.973322648595728701e+00 -3.535003734895295846e+00 1.000000000000000000e+00
3.854352208099196098e+00 -6.078655300851251830e+00 -3.497326842609356223e+00 1.000000000000000000e+00
3.868680654969453236e+00 -6.182754045254569952e+00 -3.458940027019784313e+00 1.000000000000000000e+00
3.883009101839710375e+00 -6.285597750773940007e+00 -3.419851080276458344e+00 1.000000000000000000e+00
3.897337548709967514e+00 -6.387165541138288383e+00 -3.380067937055053484e+00 1.000000000000000000e+00
3.911665995580225097e+00 -6.487436799074916216e+00 -3.339598672946361368e+00 1.000000000000000000e+00
3.925994442450482236e+00 -6.586391170494559688e+00 -3.298451502817044911e+00 1.000000000000000000e+00
3.940322889320739375e+00 -6.684008568623115210e+00 -3.256634779142080216e+00 1.000000000000000000e+00
3.954651336190996513e+00 -6.780269178079038284e+00 -3.214156990309303019e+00 1.000000000000000000e+00
3.968979783061254096e+00 -6.875153458895679748e+00 -3.171026758896340336e+00 1.000000000000000000e+00
3.983308229931511235e+00 -6.968642150487701414e+00 -3.127252839920307004e+00 1.000000000000000000e+00
3.997636676801768374e+00 -7.060716275560793953e+00 -3.082844119060625943e+00 1.000000000000000000e+00
4.011965123672025513e+00 -7.151357143963881668e+00 -3.037809610855329190e+00 1.000000000000000000e+00
4.026293570542282652e+00 -7.240546356483040569e+00 -2.992158456871187866e+00 1.000000000000000000e+00
4.040622017412539790e+00 -7.328265808576357010e+00 -2.945899923848058322e+00 1.000000000000000000e+00
4.054950464282796929e+00 -7.414497694048986176e+00 -2.899043401817828158e+00 1.000000000000000000e+00
4.069278911153054956e+00 -7.499224508667610145e+00 -2.851598402198338267e+00 1.000000000000000000e+00
4.083607358023312095e+00 -7.582429053713651612e+00 -2.803574555862651696e+00 1.000000000000000000e+00
4.097935804893569234e+00 -7.664094439474442133e+00 -2.754981611184071255e+00 1.000000000000000000e+00
4.112264251763826373e+00 -7.744204088671652109e+00 -2.705829432057334394e+00 1.000000000000000000e+00
4.126592698634083511e+00 -7.822741739826349239e+00 -2.656127995896317096e+00 1.000000000000000000e+00
4.140921145504340650e+00 -7.899691450559877204e+00 -2.605887391608737502e+00 1.000000000000000000e+00
4.155249592374597789e+00 -7.975037600830045648e+00 -2.555117817548186121e+00 1.000000000000000000e+00
4.169578039244854928e+00 -8.048764896101824107e+00 -2.503829579443967113e+00 1.000000000000000000e+00
4.183906486115112067e+00 -8.120858370451980335e+00 -2.452033088309145903e+00 1.000000000000000000e+00
4.198234932985369205e+00 -8.191303389607032415e+00 -2.399738858327195246e+00 1.000000000000000000e+00
4.212563379855627232e+00 -8.260085653913852966e+00 -2.346957504717734455e+00 1.000000000000000000e+00
4.226891826725884371e+00 -8.327191201242357010e+00 -2.293699741581739726e+00 1.000000000000000000e+00
4.241220273596141510e+00 -8.392606409819695301e+00 -2.239976379726672739e+00 1.000000000000000000e+00
4.255548720466398649e+00 -8.456318000995318940e+00 -2.185798324472016052e+00 1.000000000000000000e+00
4.269877167336655788e+00 -8.518313041936439234e+00 -2.131176573435573207e+00 1.000000000000000000e+00
4.284205614206912927e+00 -8.578578948253239744e+00 -2.076122214301084679e+00 1.000000000000000000e+00
4.298534061077170065e+00 -8.637103486553412424e+00 -2.020646422567513589e+00 1.000000000000000000e+00
4.312862507947427204e+00 -8.693874776925401449e+00 -1.964760459280538774e+00 1.000000000000000000e+00
4.327190954817684343e+00 -8.748881295349914211e+00 -1.908475668746681730e+00 1.000000000000000000e+00
4.341519401687942370e+00 -8.802111876039182548e+00 -1.851803476230494239e+00 1.000000000000000000e+00
4.355847848558199509e+00 -8.853555713703503471e+00 -1.794755385635385059e+00 1.000000000000000000e+00
4.370176295428456648e+00 -8.903202365744624203e+00 -1.737342977168392144e+00 1.000000000000000000e+00
4.384504742298713786e+00 -8.951041754375481219e+00 -1.679577904989537851e+00 1.000000000000000000e+00
4.398833189168970925e+00 -8.997064168665877659e+00 -1.621471894846156614e+00 1.000000000000000000e+00
4.413161636039228064e+00 -9.041260266513731381e+00 -1.563036741692655607e+00 1.000000000000000000e+00
4.427490082909485203e+00 -9.083621076541410488e+00 -1.504284307296283929e+00 1.000000000000000000e+00
4.441818529779742342e+00 -9.124137999916850816e+00 -1.445226517829283130e+00 1.000000000000000000e+00
4.456146976649999480e+00 -9.162802812099030803e+00 -1.385875361448001941e+00 1.000000000000000000e+00
4.470475423520257507e+00 -9.199607664507462701e+00 -1.326242885859423515e+00 1.000000000000000000e+00
4.484803870390514646e+00 -9.234545086115394597e+00 -1.266341195875588355e+00 1.000000000000000000e+00
4.499132317260771785e+00 -9.267607984966343082e+00 -1.206182450956442054e+00 1.000000000000000000e+00
4.513460764131028924e+00 -9.298789649613699027e+00 -1.145778862741572368e+00 1.000000000000000000e+00
4.527789211001286063e+00 -9.328083750483086689e+00 -1.085142692571372747e+00 1.000000000000000000e+00
4.542117657871543202e+00 -9.355484341157195516e+00 -1.024286248998120374e+00 1.000000000000000000e+00
4.556446104741800340e+00 -9.380985859582855468e+00 -9.632218852874336879e-01 1.000000000000000000e+00
4.570774551612057479e+00 -9.404583129200075220e+00 -9.019619969107109947e-01 1.000000000000000000e+00
4.585102998482314618e+00 -9.426271359992835386e+00 -8.405190190289421048e-01 1.000000000000000000e+00
4.599431445352571757e+00 -9.446046149461414743e+00 -7.789054239685045955e-01 1.000000000000000000e+00
4.613759892222829784e+00 -9.463903483516050485e+00 -7.171337186894098936e-01 1.000000000000000000e+00
4.628088339093086923e+00 -9.479839737291767321e+00 -6.552164422465007743e-01 1.000000000000000000e+00
4.642416785963344061e+00 -9.493851675884179997e+00 -5.931661632441530552e-01 1.000000000000000000e+00
4.656745232833601200e+00 -9.505936455006160912e+00 -5.309954772849596605e-01 1.000000000000000000e+00
4.671073679703858339e+00 -9.516091621565184511e+00 -4.687170044129537194e-01 1.000000000000000000e+00
4.685402126574115478e+00 -9.524315114161302276e+00 -4.063433865518739085e-01 1.000000000000000000e+00
4.699730573444372617e+00 -9.530605263505568914e+00 -3.438872849389498776e-01 1.000000000000000000e+00
4.714059020314629755e+00 -9.534960792758898407e+00 -2.813613775548257645e-01 1.000000000000000000e+00
4.728387467184886894e+00 -9.537380817791250465e+00 -2.187783565500258098e-01 1.000000000000000000e+00
4.742715914055144921e+00 -9.537864847361106513e+00 -1.561509256685794100e-01 1.000000000000000000e+00
4.757044360925402060e+00 -9.536412783215174827e+00 -9.349179766931206559e-02 1.000000000000000000e+00
4.771372807795659199e+00 -9.533024920108337241e+00 -3.081369174522826868e-02 1.000000000000000000e+00
4.785701254665916338e+00 -9.527701945743830336e+00 3.187066905831394820e-02 1.000000000000000000e+00
4.800029701536173476e+00 -9.520444940633629116e+00 9.454856042628863311e-02 1.000000000000000000e+00
4.814358148406430615e+00 -9.511255377879125561e+00 1.572072593569022736e-01 1.000000000000000000e+00
4.828686595276687754e+00 -9.500135122872103821e+00 2.198340467442276569e-01 1.000000000000000000e+00
4.843015042146944893e+00 -9.487086432916077783e+00 2.824162099600856513e-01 1.000000000000000000e+00
4.857343489017202032e+00 -9.472111956768081598e+00 3.449410454345541721e-01 1.000000000000000000e+00
4.871671935887460059e+00 -9.455214734101000218e+00 4.073958612346999519e-01 1.000000000000000000e+00
4.886000382757717198e+00 -9.436398194886551849e+00 4.697679796408903430e-01 1.000000000000000000e+00
4.900328829627974336e+00 -9.415666158699016464e+00 5.320447397202587858e-01 1.000000000000000000e+00
4.914657276498231475e+00 -9.393022833939923544e+00 5.942134998967621984e-01 1.000000000000000000e+00
4.928985723368488614e+00 -9.368472816983773654e+00 6.562616405172712053e-01 1.000000000000000000e+00
4.943314170238745753e+00 -9.342021091245019448e+00 7.181765664132673255e-01 1.000000000000000000e+00
4.957642617109002892e+00 -9.313673026166490843e+00 7.799457094575090732e-01 1.000000000000000000e+00
4.971971063979260030e+00 -9.283434376129438448e+00 8.415565311152661820e-01 1.000000000000000000e+00
4.986299510849517169e+00 -9.251311279285447498e+00 9.029965249895086643e-01 1.000000000000000000e+00
5.000627957719774308e+00 -9.217310256310479843e+00 9.642532193595720891e-01 1.000000000000000000e+00
5.014956404590032335e+00 -9.181438209081196788e+00 1.025314179712826013e+00 1.000000000000000000e+00
5.029284851460289474e+00 -9.143702419273996185e+00 1.086167011268713845e+00 1.000000000000000000e+00
5.043613298330546613e+00 -9.104110546886856170e+00 1.146799361494820868e+00 1.000000000000000000e+00
5.057941745200803751e+00 -9.062670628684456275e+00 1.207198922614292513e+00 1.000000000000000000e+00
5.072270192071060890e+00 -9.019391076566787291e+00 1.267353434104185439e+00 1.000000000000000000e+00
5.086598638941318029e+00 -8.974280675861614043e+00 1.327250685184261147e+00 1.000000000000000000e+00
5.100927085811575168e+00 -8.927348583541146354e+00 1.386878517295623947e+00 1.000000000000000000e+00
5.115255532681832307e+00 -8.878604326363255694e+00 1.446224826568818012e+00 1.000000000000000000e+00
5.129583979552089446e+00 -8.828057798937631873e+00 1.505277566280782908e+00 1.000000000000000000e+00
5.143912426422347473e+00 -8.775719261717293662e+00 1.564024749300213957e+00 1.000000000000000000e+00
5.158240873292604611e+00 -8.721599338915796196e+00 1.622454450520844249e+00 1.000000000000000000e+00
5.172569320162861750e+00 -8.665709016350627181e+00 1.680554809282117645e+00 1.000000000000000000e+00
5.186897767033118889e+00 -8.608059639213193392e+00 1.738314031776798885e+00 1.000000000000000000e+00
5.201226213903376028e+00 -8.548662909765848639e+00 1.795720393444993679e+00 1.000000000000000000e+00
5.215554660773633167e+00 -8.487530884966469458e+00 1.852762241354109829e+00 1.000000000000000000e+00
5.229883107643890305e+00 -8.424675974020980007e+00 1.909427996564313501e+00 1.000000000000000000e+00
5.244211554514147444e+00 -8.360110935864438986e+00 1.965706156478914446e+00 1.000000000000000000e+00
5.258540001384404583e+00 -8.293848876571063400e+00 2.021585297179304241e+00 1.000000000000000000e+00
5.272868448254662610e+00 -8.225903246693842874e+00 2.077054075743894224e+00 1.000000000000000000e+00
5.287196895124919749e+00 -8.156287838534225898e+00 2.132101232550593028e+00 1.000000000000000000e+00
5.301525341995176888e+00 -8.085016783342377167e+00 2.186715593562447602e+00 1.000000000000000000e+00
5.315853788865434026e+00 -8.012104548448702346e+00 2.240886072595819734e+00 1.000000000000000000e+00
5.330182235735691165e+00 -7.937565934327103001e+00 2.294601673570801470e+00 1.000000000000000000e+00
5.344510682605948304e+00 -7.861416071590631383e+00 2.347851492743304291e+00 1.000000000000000000e+00
5.358839129476205443e+00 -7.783670417920135698e+00 2.400624720918400179e+00 1.000000000000000000e+00
5.373167576346462582e+00 -7.704344754926470529e+00 2.452910645644506893e+00 1.000000000000000000e+00
5.387496023216719720e+00 -7.623455184947022900e+00 2.504698653387887219e+00 1.000000000000000000e+00
5.401824470086976859e+00 -7.541018127777058488e+00 2.555978231687112245e+00 1.000000000000000000e+00
5.416152916957234886e+00 -7.457050317336671341e+00 2.606738971286985063e+00 1.000000000000000000e+00
5.430481363827492025e+00 -7.371568798274003242e+00 2.656970568251494580e+00 1.000000000000000000e+00
5.444809810697749164e+00 -7.284590922505268296e+00 2.706662826055455717e+00 1.000000000000000000e+00
5.459138257568006303e+00 -7.196134345692556167e+00 2.755805657654267549e+00 1.000000000000000000e+00
5.473466704438263442e+00 -7.106217023659856302e+00 2.804389087531508284e+00 1.000000000000000000e+00
5.487795151308520580e+00 -7.014857208748220607e+00 2.852403253723862608e+00 1.000000000000000000e+00
5.502123598178777719e+00 -6.922073446110720951e+00 2.899838409822988350e+00 1.000000000000000000e+00
5.516452045049034858e+00 -6.827884569947946680e+00 2.946684926953972106e+00 1.000000000000000000e+00
5.530780491919291997e+00 -6.732309699684866366e+00 2.992933295729867105e+00 1.000000000000000000e+00
5.545108938789550024e+00 -6.635368236089737692e+00 3.038574128182029987e+00 1.000000000000000000e+00
5.559437385659807163e+00 -6.537079857335983846e+00 3.083598159665771110e+00 1.000000000000000000e+00
5.573765832530064301e+00 -6.437464515007689236e+00 3.127996250740991080e+00 1.000000000000000000e+00
5.588094279400321440e+00 -6.336542430049608932e+00 3.171759389027409615e+00 1.000000000000000000e+00
5.602422726270578579e+00 -6.234334088662556894e+00 3.214878691033969726e+00 1.000000000000000000e+00
5.616751173140835718e+00 -6.130860238144859586e+00 3.257345403962120134e+00 1.000000000000000000e+00
5.631079620011092857e+00 -6.026141882680878581e+00 3.299150907482539363e+00 1.000000000000000000e+00
5.645408066881349995e+00 -5.920200279077388217e+00 3.340286715484972468e+00 1.000000000000000000e+00
5.659736513751607134e+00 -5.813056932448593450e+00 3.380744477800843750e+00 1.000000000000000000e+00
5.674064960621865161e+00 -5.704733591850860819e+00 3.420515981898244906e+00 1.000000000000000000e+00
5.688393407492122300e+00 -5.595252245867842866e+00 3.459593154549005067e+00 1.000000000000000000e+00
5.702721854362379439e+00 -5.484635118146990784e+00 3.497968063467486122e+00 1.000000000000000000e+00
5.717050301232636578e+00 -5.372904662888425165e+00 3.535632918920740497e+00 1.000000000000000000e+00
5.731378748102893717e+00 -5.260083560286885174e+00 3.572580075309771175e+00 1.000000000000000000e+00
5.745707194973150855e+00 -5.146194711927933874e+00 3.608802032721496911e+00 1.000000000000000000e+00
5.760035641843407994e+00 -5.031261236139108917e+00 3.644291438451174869e+00 1.000000000000000000e+00
5.774364088713665133e+00 -4.915306463297143047e+00 3.679041088494922729e+00 1.000000000000000000e+00
5.788692535583922272e+00 -4.798353931092155911e+00 3.713043929012054267e+00 1.000000000000000000e+00
5.803020982454180299e+00 -4.680427379749663608e+00 3.746293057756958866e+00 1.000000000000000000e+00
5.817349429324437438e+00 -4.561550747211640555e+00 3.778781725480163001e+00 1.000000000000000000e+00
5.831677876194694576e+00 -4.441748164277248279e+00 3.810503337298389415e+00 1.000000000000000000e+00
5.846006323064951715e+00 -4.321043949704572285e+00 3.841451454033242729e+00 1.000000000000000000e+00
5.860334769935208854e+00 -4.199462605274169036e+00 3.871619793518291441e+00 1.000000000000000000e+00
5.874663216805465993e+00 -4.077028810815383153e+00 3.901002231874303838e+00 1.000000000000000000e+00
5.888991663675723132e+00 -3.953767419196650756e+00 3.929592804752318980e+00 1.000000000000000000e+00
5.903320110545980270e+00 -3.829703451280548787e+00 3.957385708544364888e+00 1.000000000000000000e+00
5.917648557416237409e+00 -3.704862090844832423e+00 3.984375301561529525e+00 1.000000000000000000e+00
5.931977004286494548e+00 -3.579268679470392289e+00 4.010556105179162500e+00 1.000000000000000000e+00
5.946305451156752575e+00 -3.452948711397100467e+00 4.035922804948994802e+00 1.000000000000000000e+00
5.960633898027009714e+00 -3.325927828348821169e+00 4.060470251677906539e+00 1.000000000000000000e+00
5.974962344897266853e+00 -3.198231814328286404e+00 4.084193462473175273e+00 1.000000000000000000e+00
5.989290791767523991e+00 -3.069886590383253733e+00 4.107087621753949591e+00 1.000000000000000000e+00
6.003619238637781130e+00 -2.940918209344796530e+00 4.129148082228760508e+00 1.000000000000000000e+00
6.017947685508038269e+00 -2.811352850538783255e+00 4.150370365838885967e+00 1.000000000000000000e+00
6.032276132378295408e+00 -2.681216814471786059e+00 4.170750164667343718e+00 1.000000000000000000e+00
6.046604579248552547e+00 -2.550536517492285604e+00 4.190283341813363371e+00 1.000000000000000000e+00
6.060933026118809686e+00 -2.419338486428425750e+00 4.208965932232135110e+00 1.000000000000000000e+00
6.075261472989067713e+00 -2.287649353203348834e+00 4.226794143539671644e+00 1.000000000000000000e+00
6.089589919859324851e+00 -2.155495849429144517e+00 4.243764356782630642e+00 1.000000000000000000e+00
6.103918366729581990e+00 -2.022904800980613871e+00 4.259873127172922658e+00 1.000000000000000000e+00
6.118246813599839129e+00 -1.889903122549849490e+00 4.275117184786972224e+00 1.000000000000000000e+00
6.132575260470096268e+00 -1.756517812182833316e+00 4.289493435229482898e+00 1.000000000000000000e+00
6.146903707340353407e+00 -1.622775945799121988e+00 4.302998960261559702e+00 1.000000000000000000e+00
6.161232154210610545e+00 -1.488704671695636916e+00 4.315631018393096596e+00 1.000000000000000000e+00
6.175560601080867684e+00 -1.354331205035894881e+00 4.327387045439258451e+00 1.000000000000000000e+00
6.189889047951124823e+00 -1.219682822325535154e+00 4.338264655040998896e+00 1.000000000000000000e+00
6.204217494821382850e+00 -1.084786855875468747e+00 4.348261639149459512e+00 1.000000000000000000e+00
6.218545941691639989e+00 -9.496706882537484518e-01 4.357375968474181960e+00 1.000000000000000000e+00
6.232874388561897128e+00 -8.143617467270602983e-01 4.365605792895038917e+00 1.000000000000000000e+00
6.247202835432154266e+00 -6.788874976933599870e-01 4.372949441837788775e+00 1.000000000000000000e+00
6.261531282302411405e+00 -5.432754411063922539e-01 4.379405424613183939e+00 1.000000000000000000e+00
6.275859729172668544e+00 -4.075531048934933898e-01 4.384972430719566994e+00 1.000000000000000000e+00
6.290188176042925683e+00 -2.717480393677154660e-01 4.389649330108892578e+00 1.000000000000000000e+00
6.304516622913182822e+00 -1.358878116353222920e-01 4.393435173416113670e+00 1.000000000000000000e+00
6.318845069783439961e+00 -2.336117950476762839e-15 4.396329192151890553e+00 1.000000000000000000e+00
