0.000000000000000000e+00 0.000000000000000000e+00 -1.928291107075241484e-01 1.000000000000000000e+00
1.433743997776756526e-02 9.841039849546785734e-02 -1.926463111489165325e-01 1.000000000000000000e+00
2.867487995553513053e-02 1.968076206075681234e-01 -1.924377177546079676e-01 1.000000000000000000e+00
4.301231993330269232e-02 2.951784917171478284e-01 -1.922033584536239903e-01 1.000000000000000000e+00
5.734975991107026105e-02 3.935098407332476289e-01 -1.919432646248436791e-01 1.000000000000000000e+00
7.168719988883782979e-02 4.917885018566073851e-01 -1.916574710927982927e-01 1.000000000000000000e+00
8.602463986660538464e-02 5.900013163424639995e-01 -1.913460161230085277e-01 1.000000000000000000e+00
1.003620798443729534e-01 6.881351342624050238e-01 -1.910089414168611444e-01 1.000000000000000000e+00
1.146995198221405221e-01 7.861768162650406566e-01 -1.906462921060253224e-01 1.000000000000000000e+00
1.290369597999080908e-01 8.841132353352605389e-01 -1.902581167464099665e-01 1.000000000000000000e+00
1.433743997776756596e-01 9.819312785518380382e-01 -1.898444673116625458e-01 1.000000000000000000e+00
1.577118397554432283e-01 1.079617848843148931e+00 -1.894053991862100217e-01 1.000000000000000000e+00
1.720492797332107693e-01 1.177159866740765892e+00 -1.889409711578434736e-01 1.000000000000000000e+00
1.863867197109783380e-01 1.274544272130697431e+00 -1.884512454098467849e-01 1.000000000000000000e+00
2.007241596887459067e-01 1.371758026002036113e+00 -1.879362875126708576e-01 1.000000000000000000e+00
2.150615996665134755e-01 1.468788112192778827e+00 -1.873961664151541917e-01 1.000000000000000000e+00
2.293990396442810442e-01 1.565621539132588724e+00 -1.868309544352911300e-01 1.000000000000000000e+00
2.437364796220486129e-01 1.662245341582267777e+00 -1.862407272505491596e-01 1.000000000000000000e+00
2.580739195998161817e-01 1.758646582369697731e+00 -1.856255638877362113e-01 1.000000000000000000e+00
2.724113595775837227e-01 1.854812354122028051e+00 -1.849855467124195962e-01 1.000000000000000000e+00
2.867487995553513191e-01 1.950729780993873064e+00 -1.843207614178979381e-01 1.000000000000000000e+00
3.010862395331188601e-01 2.046386020391283811e+00 -1.836312970137274625e-01 1.000000000000000000e+00
3.154236795108864566e-01 2.141768264691276347e+00 -1.829172458138042801e-01 1.000000000000000000e+00
3.297611194886539976e-01 2.236863742956665568e+00 -1.821787034240044123e-01 1.000000000000000000e+00
3.440985594664215386e-01 2.331659722646000965e+00 -1.814157687293828092e-01 1.000000000000000000e+00
3.584359994441891351e-01 2.426143511318349155e+00 -1.806285438809333843e-01 1.000000000000000000e+00
3.727734394219566760e-01 2.520302458332713602e+00 -1.798171342819118723e-01 1.000000000000000000e+00
3.871108793997242725e-01 2.614123956541860583e+00 -1.789816485737231455e-01 1.000000000000000000e+00
4.014483193774918135e-01 2.707595443980310712e+00 -1.781221986213749608e-01 1.000000000000000000e+00
4.157857593552594100e-01 2.800704405546295739e+00 -1.772388994985000521e-01 1.000000000000000000e+00
4.301231993330269510e-01 2.893438374677424818e+00 -1.763318694719487878e-01 1.000000000000000000e+00
4.444606393107945475e-01 2.985784935019867525e+00 -1.754012299859540602e-01 1.000000000000000000e+00
4.587980792885620884e-01 3.077731722090798705e+00 -1.744471056458709313e-01 1.000000000000000000e+00
4.731355192663296294e-01 3.169266424933916415e+00 -1.734696242014928946e-01 1.000000000000000000e+00
4.874729592440972259e-01 3.260376787767771400e+00 -1.724689165299471694e-01 1.000000000000000000e+00
5.018103992218647669e-01 3.351050611626728237e+00 -1.714451166181713282e-01 1.000000000000000000e+00
5.161478391996323634e-01 3.441275755994308572e+00 -1.703983615449735090e-01 1.000000000000000000e+00
5.304852791773999598e-01 3.531040140428711727e+00 -1.693287914626784851e-01 1.000000000000000000e+00
5.448227191551674453e-01 3.620331746180291965e+00 -1.682365495783625098e-01 1.000000000000000000e+00
5.591601591329350418e-01 3.709138617800774362e+00 -1.671217821346790422e-01 1.000000000000000000e+00
5.734975991107026383e-01 3.797448864743997454e+00 -1.659846383902778277e-01 1.000000000000000000e+00
5.878350390884701238e-01 3.885250662957961953e+00 -1.648252705998204670e-01 1.000000000000000000e+00
6.021724790662377202e-01 3.972532256467982137e+00 -1.636438339935946396e-01 1.000000000000000000e+00
6.165099190440053167e-01 4.059281958950713864e+00 -1.624404867567300625e-01 1.000000000000000000e+00
6.308473590217729132e-01 4.145488155298870048e+00 -1.612153900080186553e-01 1.000000000000000000e+00
6.451847989995403987e-01 4.231139303176383315e+00 -1.599687077783419897e-01 1.000000000000000000e+00
6.595222389773079952e-01 4.316223934563844011e+00 -1.587006069887088588e-01 1.000000000000000000e+00
6.738596789550755917e-01 4.400730657293967951e+00 -1.574112574279059595e-01 1.000000000000000000e+00
6.881971189328430771e-01 4.484648156576928280e+00 -1.561008317297643277e-01 1.000000000000000000e+00
7.025345589106106736e-01 4.567965196515315185e+00 -1.547695053500451057e-01 1.000000000000000000e+00
7.168719988883782701e-01 4.650670621608528066e+00 -1.534174565429473613e-01 1.000000000000000000e+00
7.312094388661458666e-01 4.732753358246418074e+00 -1.520448663372413745e-01 1.000000000000000000e+00
7.455468788439133521e-01 4.814202416191953660e+00 -1.506519185120300530e-01 1.000000000000000000e+00
7.598843188216809486e-01 4.895006890052727044e+00 -1.492387995721425054e-01 1.000000000000000000e+00
7.742217587994485450e-01 4.975155960741109773e+00 -1.478056987231625152e-01 1.000000000000000000e+00
7.885591987772161415e-01 5.054638896922826419e+00 -1.463528078460953619e-01 1.000000000000000000e+00
8.028966387549836270e-01 5.133445056453811439e+00 -1.448803214716763987e-01 1.000000000000000000e+00
8.172340787327512235e-01 5.211563887805107598e+00 -1.433884367543249716e-01 1.000000000000000000e+00
8.315715187105188200e-01 5.288984931475625650e+00 -1.418773534457469232e-01 1.000000000000000000e+00
8.459089586882863054e-01 5.365697821392593880e+00 -1.403472738681895704e-01 1.000000000000000000e+00
8.602463986660539019e-01 5.441692286299500303e+00 -1.387984028873520403e-01 1.000000000000000000e+00
8.745838386438214984e-01 5.516958151131322374e+00 -1.372309478849556286e-01 1.000000000000000000e+00
8.889212786215890949e-01 5.591485338376893210e+00 -1.356451187309768713e-01 1.000000000000000000e+00
9.032587185993565804e-01 5.665263869428207144e+00 -1.340411277555476344e-01 1.000000000000000000e+00
9.175961585771241769e-01 5.738283865916471882e+00 -1.324191897205257151e-01 1.000000000000000000e+00
9.319335985548917733e-01 5.810535551034743840e+00 -1.307795217907399832e-01 1.000000000000000000e+00
9.462710385326592588e-01 5.882009250846969017e+00 -1.291223435049137225e-01 1.000000000000000000e+00
9.606084785104268553e-01 5.952695395583246452e+00 -1.274478767462699502e-01 1.000000000000000000e+00
9.749459184881944518e-01 6.022584520921148155e+00 -1.257563457128231810e-01 1.000000000000000000e+00
9.892833584659620483e-01 6.091667269252911687e+00 -1.240479768873609667e-01 1.000000000000000000e+00
1.003620798443729534e+00 6.159934390938357041e+00 -1.223229990071196399e-01 1.000000000000000000e+00
1.017958238421497130e+00 6.227376745543336867e+00 -1.205816430331581729e-01 1.000000000000000000e+00
1.032295678399264727e+00 6.293985303063576175e+00 -1.188241421194342756e-01 1.000000000000000000e+00
1.046633118377032323e+00 6.359751145133706096e+00 -1.170507315815870197e-01 1.000000000000000000e+00
1.060970558354799920e+00 6.424665466221378018e+00 -1.152616488654297361e-01 1.000000000000000000e+00
1.075307998332567294e+00 6.488719574806245838e+00 -1.134571335151580568e-01 1.000000000000000000e+00
1.089645438310334891e+00 6.551904894543698177e+00 -1.116374271412766545e-01 1.000000000000000000e+00
1.103982878288102487e+00 6.614212965413158507e+00 -1.098027733882495222e-01 1.000000000000000000e+00
1.118320318265870084e+00 6.675635444850820832e+00 -1.079534179018780682e-01 1.000000000000000000e+00
1.132657758243637680e+00 6.736164108866650402e+00 -1.060896082964107867e-01 1.000000000000000000e+00
1.146995198221405277e+00 6.795790853145515342e+00 -1.042115941213897917e-01 1.000000000000000000e+00
1.161332638199172873e+00 6.854507694132288442e+00 -1.023196268282381416e-01 1.000000000000000000e+00
1.175670078176940248e+00 6.912306770100777875e+00 -1.004139597365923259e-01 1.000000000000000000e+00
1.190007518154707844e+00 6.969180342206364287e+00 -9.849484800038472987e-02 1.000000000000000000e+00
1.204344958132475440e+00 7.025120795522160400e+00 -9.656254857368069822e-02 1.000000000000000000e+00
1.218682398110243037e+00 7.080120640058589210e+00 -9.461732017627424995e-02 1.000000000000000000e+00
1.233019838088010633e+00 7.134172511766245783e+00 -9.265942325904752419e-02 1.000000000000000000e+00
1.247357278065778230e+00 7.187269173521875665e+00 -9.068911996909849449e-02 1.000000000000000000e+00
1.261694718043545826e+00 7.239403516097372204e+00 -8.870667411464151775e-02 1.000000000000000000e+00
1.276032158021313201e+00 7.290568559111648028e+00 -8.671235112968546377e-02 1.000000000000000000e+00
1.290369597999080797e+00 7.340757451965257196e+00 -8.470641803849404683e-02 1.000000000000000000e+00
1.304707037976848394e+00 7.389963474757626827e+00 -8.268914341983360505e-02 1.000000000000000000e+00
1.319044477954615990e+00 7.438180039186807591e+00 -8.066079737101229663e-02 1.000000000000000000e+00
1.333381917932383587e+00 7.485400689431592092e+00 -7.862165147171641666e-02 1.000000000000000000e+00
1.347719357910151183e+00 7.531619103015898098e+00 -7.657197874764769263e-02 1.000000000000000000e+00
1.362056797887918780e+00 7.576829091655306492e+00 -7.451205363396749826e-02 1.000000000000000000e+00
1.376394237865686154e+00 7.621024602085610056e+00 -7.244215193855206569e-02 1.000000000000000000e+00
1.390731677843453751e+00 7.664199716873318913e+00 -7.036255080506387261e-02 1.000000000000000000e+00
1.405069117821221347e+00 7.706348655207933440e+00 -6.827352867584449148e-02 1.000000000000000000e+00
1.419406557798988944e+00 7.747465773675967782e+00 -6.617536525463312003e-02 1.000000000000000000e+00
1.433743997776756540e+00 7.787545567016555204e+00 -6.406834146911653816e-02 1.000000000000000000e+00
1.448081437754524137e+00 7.826582668858554470e+00 -6.195273943331515432e-02 1.000000000000000000e+00
1.462418877732291733e+00 7.864571852439069310e+00 -5.982884240980995000e-02 1.000000000000000000e+00
1.476756317710059330e+00 7.901508031303271729e+00 -5.769693477181597752e-02 1.000000000000000000e+00
1.491093757687826704e+00 7.937386259985434123e+00 -5.555730196510702545e-02 1.000000000000000000e+00
1.505431197665594301e+00 7.972201734671092943e+00 -5.341023046979646860e-02 1.000000000000000000e+00
1.519768637643361897e+00 8.005949793840242634e+00 -5.125600776198008246e-02 1.000000000000000000e+00
1.534106077621129494e+00 8.038625918891469269e+00 -4.909492227524507590e-02 1.000000000000000000e+00
1.548443517598897090e+00 8.070225734746966140e+00 -4.692726336205118448e-02 1.000000000000000000e+00
1.562780957576664687e+00 8.100745010438311411e+00 -4.475332125498849428e-02 1.000000000000000000e+00
1.577118397554432283e+00 8.130179659672974068e+00 -4.257338702791770707e-02 1.000000000000000000e+00
1.591455837532199658e+00 8.158525741381428276e+00 -4.038775255699759287e-02 1.000000000000000000e+00
1.605793277509967254e+00 8.185779460244829053e+00 -3.819671048160490356e-02 1.000000000000000000e+00
1.620130717487734850e+00 8.211937167203188892e+00 -3.600055416515249990e-02 1.000000000000000000e+00
1.634468157465502447e+00 8.236995359943945161e+00 -3.379957765581012574e-02 1.000000000000000000e+00
1.648805597443270043e+00 8.260950683370893444e+00 -3.159407564713363759e-02 1.000000000000000000e+00
1.663143037421037640e+00 8.283799930053421079e+00 -2.938434343860802170e-02 1.000000000000000000e+00
1.677480477398805236e+00 8.305540040655943201e+00 -2.717067689610883421e-02 1.000000000000000000e+00
1.691817917376572611e+00 8.326168104347527077e+00 -2.495337241228830910e-02 1.000000000000000000e+00
1.706155357354340207e+00 8.345681359191639004e+00 -2.273272686689043962e-02 1.000000000000000000e+00
1.720492797332107804e+00 8.364077192515932069e+00 -2.050903758700141008e-02 1.000000000000000000e+00
1.734830237309875400e+00 8.381353141262071205e+00 -1.828260230723961419e-02 1.000000000000000000e+00
1.749167677287642997e+00 8.397506892315515614e+00 -1.605371912989133135e-02 1.000000000000000000e+00
1.763505117265410593e+00 8.412536282815228361e+00 -1.382268648499732772e-02 1.000000000000000000e+00
1.777842557243178190e+00 8.426439300443261615e+00 -1.158980309039515065e-02 1.000000000000000000e+00
1.792179997220945564e+00 8.439214083694192681e+00 -9.355367911723354649e-03 1.000000000000000000e+00
1.806517437198713161e+00 8.450858922124373507e+00 -7.119680122392125707e-03 1.000000000000000000e+00
1.820854877176480757e+00 8.461372256580929729e+00 -4.883039063526562092e-03 1.000000000000000000e+00
1.835192317154248354e+00 8.470752679410527008e+00 -2.645744203887058933e-03 1.000000000000000000e+00
1.849529757132015950e+00 8.478998934647851371e+00 -4.080950997728244713e-04 1.000000000000000000e+00
1.863867197109783547e+00 8.486109918183766254e+00 1.829608645086407397e-03 1.000000000000000000e+00
1.878204637087551143e+00 8.492084677913135593e+00 4.067067419644805615e-03 1.000000000000000000e+00
1.892542077065318518e+00 8.496922413862325385e+00 6.303981645656233507e-03 1.000000000000000000e+00
1.906879517043086114e+00 8.500622478296293139e+00 8.540051817785436483e-03 1.000000000000000000e+00
1.921216957020853711e+00 8.503184375805322048e+00 1.077497854370924879e-02 1.000000000000000000e+00
1.935554396998621307e+00 8.504607763371353713e+00 1.300846258420306281e-02 1.000000000000000000e+00
1.949891836976388904e+00 8.504892450413917615e+00 1.524020489320657319e-02 1.000000000000000000e+00
1.964229276954156500e+00 8.504038398815644939e+00 1.746990665786375338e-02 1.000000000000000000e+00
1.978566716931924097e+00 8.502045722927370264e+00 1.969726933853139725e-02 1.000000000000000000e+00
1.992904156909691471e+00 8.498914689552821145e+00 2.192199470875144315e-02 1.000000000000000000e+00
2.007241596887459067e+00 8.494645717912902683e+00 2.414378489518118759e-02 1.000000000000000000e+00
2.021579036865226886e+00 8.489239379589557544e+00 2.636234241747600210e-02 1.000000000000000000e+00
2.035916476842994260e+00 8.482696398449244057e+00 2.857737022811960431e-02 1.000000000000000000e+00
2.050253916820761635e+00 8.475017650546005754e+00 3.078857175219678471e-02 1.000000000000000000e+00
2.064591356798529453e+00 8.466204164004189181e+00 3.299565092710204928e-02 1.000000000000000000e+00
2.078928796776296828e+00 8.456257118880765589e+00 3.519831224218016030e-02 1.000000000000000000e+00
2.093266236754064646e+00 8.445177847007355965e+00 3.739626077829305562e-02 1.000000000000000000e+00
2.107603676731832021e+00 8.432967831811886583e+00 3.958920224730661658e-02 1.000000000000000000e+00
2.121941116709599839e+00 8.419628708119981653e+00 4.177684303149422490e-02 1.000000000000000000e+00
2.136278556687367214e+00 8.405162261936069967e+00 4.395889022284920483e-02 1.000000000000000000e+00
2.150615996665134588e+00 8.389570430204253526e+00 4.613505166230354865e-02 1.000000000000000000e+00
2.164953436642902407e+00 8.372855300548964763e+00 4.830503597884525102e-02 1.000000000000000000e+00
2.179290876620669781e+00 8.355019110995449694e+00 5.046855262853086610e-02 1.000000000000000000e+00
2.193628316598437600e+00 8.336064249670116055e+00 5.262531193338701452e-02 1.000000000000000000e+00
2.207965756576204974e+00 8.315993254480778418e+00 5.477502512019583047e-02 1.000000000000000000e+00
2.222303196553972793e+00 8.294808812776858886e+00 5.691740435915990104e-02 1.000000000000000000e+00
2.236640636531740167e+00 8.272513760989559373e+00 5.905216280243977961e-02 1.000000000000000000e+00
2.250978076509507542e+00 8.249111084252099602e+00 6.117901462256127715e-02 1.000000000000000000e+00
2.265315516487275360e+00 8.224603916000024384e+00 6.329767505068513433e-02 1.000000000000000000e+00
2.279652956465042735e+00 8.198995537551660107e+00 6.540786041473550805e-02 1.000000000000000000e+00
2.293990396442810553e+00 8.172289377668773724e+00 6.750928817738142962e-02 1.000000000000000000e+00
2.308327836420577928e+00 8.144489012097487546e+00 6.960167697386615560e-02 1.000000000000000000e+00
2.322665276398345746e+00 8.115598163089517314e+00 7.168474664968020604e-02 1.000000000000000000e+00
2.337002716376113121e+00 8.085620698903788650e+00 7.375821829807117924e-02 1.000000000000000000e+00
2.351340156353880495e+00 8.054560633288510019e+00 7.582181429738781009e-02 1.000000000000000000e+00
2.365677596331648314e+00 8.022422124943755506e+00 7.787525834825104187e-02 1.000000000000000000e+00
2.380015036309415688e+00 7.989209476964659551e+00 7.991827551054821177e-02 1.000000000000000000e+00
2.394352476287183507e+00 7.954927136265261822e+00 8.195059224024577038e-02 1.000000000000000000e+00
2.408689916264950881e+00 7.919579692983092833e+00 8.397193642601424868e-02 1.000000000000000000e+00
2.423027356242718700e+00 7.883171879864601550e+00 8.598203742566236374e-02 1.000000000000000000e+00
2.437364796220486074e+00 7.845708571631469397e+00 8.798062610237328274e-02 1.000000000000000000e+00
2.451702236198253448e+00 7.807194784327921688e+00 8.996743486074049168e-02 1.000000000000000000e+00
2.466039676176021267e+00 7.767635674649128852e+00 9.194219768259649650e-02 1.000000000000000000e+00
2.480377116153788641e+00 7.727036539250759617e+00 9.390465016263035980e-02 1.000000000000000000e+00
2.494714556131556460e+00 7.685402814039794528e+00 9.585452954378993751e-02 1.000000000000000000e+00
2.509051996109323834e+00 7.642740073446709026e+00 9.779157475246255671e-02 1.000000000000000000e+00
2.523389436087091653e+00 7.599054029679095379e+00 9.971552643343126188e-02 1.000000000000000000e+00
2.537726876064859027e+00 7.554350531956850467e+00 1.016261269845998017e-01 1.000000000000000000e+00
2.552064316042626402e+00 7.508635565728996042e+00 1.035231205914841218e-01 1.000000000000000000e+00
2.566401756020394220e+00 7.461915251872287769e+00 1.054062532614636477e-01 1.000000000000000000e+00
2.580739195998161595e+00 7.414195845871677903e+00 1.072752728577887754e-01 1.000000000000000000e+00
2.595076635975929413e+00 7.365483736982737284e+00 1.091299291333404642e-01 1.000000000000000000e+00
2.609414075953696788e+00 7.315785447376208950e+00 1.109699737641357542e-01 1.000000000000000000e+00
2.623751515931464606e+00 7.265107631264720034e+00 1.127951603825771004e-01 1.000000000000000000e+00
2.638088955909231981e+00 7.213457074011846437e+00 1.146052446104384032e-01 1.000000000000000000e+00
2.652426395886999355e+00 7.160840691223603116e+00 1.163999840915857509e-01 1.000000000000000000e+00
2.666763835864767174e+00 7.107265527822488771e+00 1.181791385244270187e-01 1.000000000000000000e+00
2.681101275842534548e+00 7.052738757104244804e+00 1.199424696940860902e-01 1.000000000000000000e+00
2.695438715820302367e+00 6.997267679777388061e+00 1.216897415042983432e-01 1.000000000000000000e+00
2.709776155798069741e+00 6.940859722985718960e+00 1.234207200090216838e-01 1.000000000000000000e+00
2.724113595775837560e+00 6.883522439313868091e+00 1.251351734437604890e-01 1.000000000000000000e+00
2.738451035753604934e+00 6.825263505776083761e+00 1.268328722565967015e-01 1.000000000000000000e+00
2.752788475731372309e+00 6.766090722788320022e+00 1.285135891389253548e-01 1.000000000000000000e+00
2.767125915709140127e+00 6.706012013123837434e+00 1.301770990558893393e-01 1.000000000000000000e+00
2.781463355686907502e+00 6.645035420852399177e+00 1.318231792765094668e-01 1.000000000000000000e+00
2.795800795664675320e+00 6.583169110263225932e+00 1.334516094035070044e-01 1.000000000000000000e+00
2.810138235642442694e+00 6.520421364771882722e+00 1.350621714028125975e-01 1.000000000000000000e+00
2.824475675620210513e+00 6.456800585811166115e+00 1.366546496327597782e-01 1.000000000000000000e+00
2.838813115597977887e+00 6.392315291706243130e+00 1.382288308729572313e-01 1.000000000000000000e+00
2.853150555575745706e+00 6.326974116534092474e+00 1.397845043528379294e-01 1.000000000000000000e+00
2.867487995553513080e+00 6.260785808967488819e+00 1.413214617798790040e-01 1.000000000000000000e+00
2.881825435531280455e+00 6.193759231103615370e+00 1.428394973674909085e-01 1.000000000000000000e+00
2.896162875509048273e+00 6.125903357277488581e+00 1.443384078625707112e-01 1.000000000000000000e+00
2.910500315486815648e+00 6.057227272860385092e+00 1.458179925727156878e-01 1.000000000000000000e+00
2.924837755464583466e+00 5.987740173043357927e+00 1.472780533930948821e-01 1.000000000000000000e+00
2.939175195442350841e+00 5.917451361606099525e+00 1.487183948329734440e-01 1.000000000000000000e+00
2.953512635420118659e+00 5.846370249671209329e+00 1.501388240418877196e-01 1.000000000000000000e+00
2.967850075397886034e+00 5.774506354444145728e+00 1.515391508354658745e-01 1.000000000000000000e+00
2.982187515375653408e+00 5.701869297938921832e+00 1.529191877208926909e-01 1.000000000000000000e+00
2.996524955353421227e+00 5.628468805689806231e+00 1.542787499220130143e-01 1.000000000000000000e+00
3.010862395331188601e+00 5.554314705449155731e+00 1.556176554040717419e-01 1.000000000000000000e+00
3.025199835308956420e+00 5.479416925871541721e+00 1.569357248980873809e-01 1.000000000000000000e+00
3.039537275286723794e+00 5.403785495184389553e+00 1.582327819248540990e-01 1.000000000000000000e+00
3.053874715264491613e+00 5.327430539845273039e+00 1.595086528185714891e-01 1.000000000000000000e+00
3.068212155242258987e+00 5.250362283186064793e+00 1.607631667500966366e-01 1.000000000000000000e+00
3.082549595220026362e+00 5.172591044044115627e+00 1.619961557498169891e-01 1.000000000000000000e+00
3.096887035197794180e+00 5.094127235380626395e+00 1.632074547301403111e-01 1.000000000000000000e+00
3.111224475175561555e+00 5.014981362886459237e+00 1.643969015075982809e-01 1.000000000000000000e+00
3.125561915153329373e+00 4.935164023575475234e+00 1.655643368245619529e-01 1.000000000000000000e+00
3.139899355131096748e+00 4.854685904365716453e+00 1.667096043705647845e-01 1.000000000000000000e+00
3.154236795108864566e+00 4.773557780648468807e+00 1.678325508032317559e-01 1.000000000000000000e+00
3.168574235086631941e+00 4.691790514845561866e+00 1.689330257688102244e-01 1.000000000000000000e+00
3.182911675064399315e+00 4.609395054954942950e+00 1.700108819223016265e-01 1.000000000000000000e+00
3.197249115042167134e+00 4.526382433084839896e+00 1.710659749471895585e-01 1.000000000000000000e+00
3.211586555019934508e+00 4.442763763976658176e+00 1.720981635747625138e-01 1.000000000000000000e+00
3.225923994997702327e+00 4.358550243516777556e+00 1.731073096030289749e-01 1.000000000000000000e+00
3.240261434975469701e+00 4.273753147237538741e+00 1.740932779152213339e-01 1.000000000000000000e+00
3.254598874953237519e+00 4.188383828807512366e+00 1.750559364978870602e-01 1.000000000000000000e+00
3.268936314931004894e+00 4.102453718511355873e+00 1.759951564585642281e-01 1.000000000000000000e+00
3.283273754908772268e+00 4.015974321719363971e+00 1.769108120430393505e-01 1.000000000000000000e+00
3.297611194886540087e+00 3.928957217347009756e+00 1.778027806521846887e-01 1.000000000000000000e+00
3.311948634864307461e+00 3.841414056304609304e+00 1.786709428583733994e-01 1.000000000000000000e+00
3.326286074842075280e+00 3.753356559937346848e+00 1.795151824214700209e-01 1.000000000000000000e+00
3.340623514819842654e+00 3.664796518455899932e+00 1.803353863043940519e-01 1.000000000000000000e+00
3.354960954797610473e+00 3.575745789357798632e+00 1.811314446882547613e-01 1.000000000000000000e+00
3.369298394775377847e+00 3.486216295839820845e+00 1.819032509870549819e-01 1.000000000000000000e+00
3.383635834753145222e+00 3.396220025201551529e+00 1.826507018619623612e-01 1.000000000000000000e+00
3.397973274730913040e+00 3.305769027240384350e+00 1.833736972351454053e-01 1.000000000000000000e+00
3.412310714708680415e+00 3.214875412638157126e+00 1.840721403031731762e-01 1.000000000000000000e+00
3.426648154686448233e+00 3.123551351339604487e+00 1.847459375499766465e-01 1.000000000000000000e+00
3.440985594664215608e+00 3.031809070922923954e+00 1.853949987593695448e-01 1.000000000000000000e+00
3.455323034641983426e+00 2.939660854962571346e+00 1.860192370271278595e-01 1.000000000000000000e+00
3.469660474619750801e+00 2.847119041384613691e+00 1.866185687726253095e-01 1.000000000000000000e+00
3.483997914597518175e+00 2.754196020814748014e+00 1.871929137500245310e-01 1.000000000000000000e+00
3.498335354575285994e+00 2.660904234919319489e+00 1.877421950590209831e-01 1.000000000000000000e+00
3.512672794553053368e+00 2.567256174739471764e+00 1.882663391551395171e-01 1.000000000000000000e+00
3.527010234530821187e+00 2.473264379018676351e+00 1.887652758595814717e-01 1.000000000000000000e+00
3.541347674508588561e+00 2.378941432523926203e+00 1.892389383686207960e-01 1.000000000000000000e+00
3.555685114486356380e+00 2.284299964360696489e+00 1.896872632625488386e-01 1.000000000000000000e+00
3.570022554464123754e+00 2.189352646282042514e+00 1.901101905141655557e-01 1.000000000000000000e+00
3.584359994441891129e+00 2.094112190991921807e+00 1.905076634968167482e-01 1.000000000000000000e+00
3.598697434419658947e+00 1.998591350443072789e+00 1.908796289919759692e-01 1.000000000000000000e+00
3.613034874397426321e+00 1.902802914129640310e+00 1.912260371963699634e-01 1.000000000000000000e+00
3.627372314375194140e+00 1.806759707374738122e+00 1.915468417286470826e-01 1.000000000000000000e+00
3.641709754352961514e+00 1.710474589613263596e+00 1.918419996355872070e-01 1.000000000000000000e+00
3.656047194330729333e+00 1.613960452670094359e+00 1.921114713978530342e-01 1.000000000000000000e+00
3.670384634308496707e+00 1.517230219034001237e+00 1.923552209352812903e-01 1.000000000000000000e+00
3.684722074286264082e+00 1.420296840127398541e+00 1.925732156117135885e-01 1.000000000000000000e+00
3.699059514264031900e+00 1.323173294572280057e+00 1.927654262393661555e-01 1.000000000000000000e+00
3.713396954241799275e+00 1.225872586452452895e+00 1.929318270827379833e-01 1.000000000000000000e+00
3.727734394219567093e+00 1.128407743572418465e+00 1.930723958620563507e-01 1.000000000000000000e+00
3.742071834197334468e+00 1.030791815713040016e+00 1.931871137562601592e-01 1.000000000000000000e+00
3.756409274175102286e+00 9.330378728842672054e-01 1.932759654055197784e-01 1.000000000000000000e+00
3.770746714152869661e+00 8.351590035751914609e-01 1.933389389132937064e-01 1.000000000000000000e+00
3.785084154130637035e+00 7.371683130015715957e-01 1.933760258479213234e-01 1.000000000000000000e+00
3.799421594108404854e+00 6.390789213511606226e-01 1.933872212437518501e-01 1.000000000000000000e+00
3.813759034086172228e+00 5.409039620270256199e-01 1.933725236018092875e-01 1.000000000000000000e+00
3.828096474063940047e+00 4.426565798890612635e-01 1.933319348899930623e-01 1.000000000000000000e+00
3.842433914041707421e+00 3.443499294940264299e-01 1.932654605428144878e-01 1.000000000000000000e+00
3.856771354019475240e+00 2.459971733342210254e-01 1.931731094606692345e-01 1.000000000000000000e+00
3.871108793997242614e+00 1.476114800751620326e-01 1.930548940086455334e-01 1.000000000000000000e+00
3.885446233975009989e+00 4.920602279237514670e-02 1.929108300148686950e-01 1.000000000000000000e+00
3.899783673952777807e+00 -4.920602279236551552e-02 1.927409367683817487e-01 1.000000000000000000e+00
3.914121113930545182e+00 -1.476114800751561484e-01 1.925452370165628146e-01 1.000000000000000000e+00
3.928458553908313000e+00 -2.459971733342189437e-01 1.923237569620794563e-01 1.000000000000000000e+00
3.942795993886080375e+00 -3.443499294940206013e-01 1.920765262593802647e-01 1.000000000000000000e+00
3.957133433863848193e+00 -4.426565798890592651e-01 1.918035780107244792e-01 1.000000000000000000e+00
3.971470873841615568e+00 -5.409039620270199578e-01 1.915049487617497270e-01 1.000000000000000000e+00
3.985808313819382942e+00 -6.390789213511548494e-01 1.911806784965789097e-01 1.000000000000000000e+00
4.000145753797150761e+00 -7.371683130015656005e-01 1.908308106324666520e-01 1.000000000000000000e+00
4.014483193774918135e+00 -8.351590035751854657e-01 1.904553920139860634e-01 1.000000000000000000e+00
4.028820633752685509e+00 -9.330378728842614322e-01 1.900544729067565886e-01 1.000000000000000000e+00
4.043158073730453772e+00 -1.030791815713037796e+00 1.896281069907138073e-01 1.000000000000000000e+00
4.057495513708221146e+00 -1.128407743572416466e+00 1.891763513529222673e-01 1.000000000000000000e+00
4.071832953685988521e+00 -1.225872586452447122e+00 1.886992664799317931e-01 1.000000000000000000e+00
4.086170393663755895e+00 -1.323173294572270287e+00 1.881969162496788528e-01 1.000000000000000000e+00
4.100507833641523270e+00 -1.420296840127392768e+00 1.876693679229338163e-01 1.000000000000000000e+00
4.114845273619291532e+00 -1.517230219033995242e+00 1.871166921342953260e-01 1.000000000000000000e+00
4.129182713597058907e+00 -1.613960452670092360e+00 1.865389628827328616e-01 1.000000000000000000e+00
4.143520153574826281e+00 -1.710474589613257823e+00 1.859362575216787217e-01 1.000000000000000000e+00
4.157857593552593656e+00 -1.806759707374732571e+00 1.853086567486711411e-01 1.000000000000000000e+00
4.172195033530361918e+00 -1.902802914129638312e+00 1.846562445945494069e-01 1.000000000000000000e+00
4.186532473508129293e+00 -1.998591350443070347e+00 1.839791084122030518e-01 1.000000000000000000e+00
4.200869913485896667e+00 -2.094112190991916034e+00 1.832773388648755997e-01 1.000000000000000000e+00
4.215207353463664042e+00 -2.189352646282037185e+00 1.825510299140257753e-01 1.000000000000000000e+00
4.229544793441431416e+00 -2.284299964360690716e+00 1.818002788067465403e-01 1.000000000000000000e+00
4.243882233419199679e+00 -2.378941432523923982e+00 1.810251860627447029e-01 1.000000000000000000e+00
4.258219673396967053e+00 -2.473264379018675019e+00 1.802258554608821284e-01 1.000000000000000000e+00
4.272557113374734428e+00 -2.567256174739465546e+00 1.794023940252802429e-01 1.000000000000000000e+00
4.286894553352501802e+00 -2.660904234919314160e+00 1.785549120109906907e-01 1.000000000000000000e+00
4.301231993330269177e+00 -2.754196020814742241e+00 1.776835228892328089e-01 1.000000000000000000e+00
4.315569433308037439e+00 -2.847119041384607918e+00 1.767883433322008369e-01 1.000000000000000000e+00
4.329906873285804814e+00 -2.939660854962566017e+00 1.758694931974425502e-01 1.000000000000000000e+00
4.344244313263572188e+00 -3.031809070922918625e+00 1.749270955118108206e-01 1.000000000000000000e+00
4.358581753241339563e+00 -3.123551351339598714e+00 1.739612764549919588e-01 1.000000000000000000e+00
4.372919193219107825e+00 -3.214875412638155350e+00 1.729721653426103123e-01 1.000000000000000000e+00
4.387256633196875200e+00 -3.305769027240382130e+00 1.719598946089151981e-01 1.000000000000000000e+00
4.401594073174642574e+00 -3.396220025201545756e+00 1.709245997890475322e-01 1.000000000000000000e+00
4.415931513152409948e+00 -3.486216295839815515e+00 1.698664195008939559e-01 1.000000000000000000e+00
4.430268953130177323e+00 -3.575745789357793303e+00 1.687854954265261831e-01 1.000000000000000000e+00
4.444606393107945586e+00 -3.664796518455899044e+00 1.676819722932313406e-01 1.000000000000000000e+00
4.458943833085712960e+00 -3.753356559937345960e+00 1.665559978541339137e-01 1.000000000000000000e+00
4.473281273063480334e+00 -3.841414056304604863e+00 1.654077228684128487e-01 1.000000000000000000e+00
4.487618713041247709e+00 -3.928957217347004871e+00 1.642373010811158940e-01 1.000000000000000000e+00
4.501956153019015083e+00 -4.015974321719359530e+00 1.630448892025745389e-01 1.000000000000000000e+00
4.516293592996783346e+00 -4.102453718511351433e+00 1.618306468874217419e-01 1.000000000000000000e+00
4.530631032974550720e+00 -4.188383828807506148e+00 1.605947367132153081e-01 1.000000000000000000e+00
4.544968472952318095e+00 -4.273753147237533412e+00 1.593373241586698574e-01 1.000000000000000000e+00
4.559305912930085469e+00 -4.358550243516772227e+00 1.580585775815009086e-01 1.000000000000000000e+00
4.573643352907853732e+00 -4.442763763976651958e+00 1.567586681958829109e-01 1.000000000000000000e+00
4.587980792885621106e+00 -4.526382433084839008e+00 1.554377700495249426e-01 1.000000000000000000e+00
4.602318232863388481e+00 -4.609395054954937621e+00 1.540960600003672132e-01 1.000000000000000000e+00
4.616655672841155855e+00 -4.691790514845556537e+00 1.527337176929008389e-01 1.000000000000000000e+00
4.630993112818923230e+00 -4.773557780648464366e+00 1.513509255341154991e-01 1.000000000000000000e+00
4.645330552796691492e+00 -4.854685904365713789e+00 1.499478686690756124e-01 1.000000000000000000e+00
4.659667992774458867e+00 -4.935164023575474346e+00 1.485247349561321373e-01 1.000000000000000000e+00
4.674005432752226241e+00 -5.014981362886453908e+00 1.470817149417684710e-01 1.000000000000000000e+00
4.688342872729993616e+00 -5.094127235380621954e+00 1.456190018350887183e-01 1.000000000000000000e+00
4.702680312707760990e+00 -5.172591044044109410e+00 1.441367914819478846e-01 1.000000000000000000e+00
4.717017752685529253e+00 -5.250362283186063017e+00 1.426352823387301572e-01 1.000000000000000000e+00
4.731355192663296627e+00 -5.327430539845267710e+00 1.411146754457768548e-01 1.000000000000000000e+00
4.745692632641064002e+00 -5.403785495184385113e+00 1.395751744004687378e-01 1.000000000000000000e+00
4.760030072618831376e+00 -5.479416925871537281e+00 1.380169853299660354e-01 1.000000000000000000e+00
4.774367512596599639e+00 -5.554314705449152179e+00 1.364403168636091901e-01 1.000000000000000000e+00
4.788704952574367013e+00 -5.628468805689804455e+00 1.348453801049856460e-01 1.000000000000000000e+00
4.803042392552134388e+00 -5.701869297938917391e+00 1.332323886036644034e-01 1.000000000000000000e+00
4.817379832529901762e+00 -5.774506354444141287e+00 1.316015583266034461e-01 1.000000000000000000e+00
4.831717272507669136e+00 -5.846370249671206665e+00 1.299531076292331222e-01 1.000000000000000000e+00
4.846054712485437399e+00 -5.917451361606097748e+00 1.282872572262208077e-01 1.000000000000000000e+00
4.860392152463204773e+00 -5.987740173043356151e+00 1.266042301619182131e-01 1.000000000000000000e+00
4.874729592440972148e+00 -6.057227272860380651e+00 1.249042517804980351e-01 1.000000000000000000e+00
4.889067032418739522e+00 -6.125903357277485028e+00 1.231875496957814536e-01 1.000000000000000000e+00
4.903404472396506897e+00 -6.193759231103609153e+00 1.214543537607633700e-01 1.000000000000000000e+00
4.917741912374275159e+00 -6.260785808967487931e+00 1.197048960368356646e-01 1.000000000000000000e+00
4.932079352352042534e+00 -6.326974116534088033e+00 1.179394107627176058e-01 1.000000000000000000e+00
4.946416792329809908e+00 -6.392315291706236025e+00 1.161581343230913138e-01 1.000000000000000000e+00
4.960754232307577283e+00 -6.456800585811162563e+00 1.143613052169530631e-01 1.000000000000000000e+00
4.975091672285345545e+00 -6.520421364771879169e+00 1.125491640256794934e-01 1.000000000000000000e+00
4.989429112263112920e+00 -6.583169110263225043e+00 1.107219533808158768e-01 1.000000000000000000e+00
5.003766552240880294e+00 -6.645035420852392072e+00 1.088799179315896176e-01 1.000000000000000000e+00
5.018103992218647669e+00 -6.706012013123833881e+00 1.070233043121531918e-01 1.000000000000000000e+00
5.032441432196415043e+00 -6.766090722788317358e+00 1.051523611085625753e-01 1.000000000000000000e+00
5.046778872174183306e+00 -6.825263505776081097e+00 1.032673388254929936e-01 1.000000000000000000e+00
5.061116312151950680e+00 -6.883522439313863650e+00 1.013684898526984318e-01 1.000000000000000000e+00
5.075453752129718055e+00 -6.940859722985715408e+00 9.945606843121827800e-02 1.000000000000000000e+00
5.089791192107485429e+00 -6.997267679777387173e+00 9.753033061933709391e-02 1.000000000000000000e+00
5.104128632085252804e+00 -7.052738757104239475e+00 9.559153425830006767e-02 1.000000000000000000e+00
5.118466072063021066e+00 -7.107265527822489659e+00 9.363993893778954636e-02 1.000000000000000000e+00
5.132803512040788441e+00 -7.160840691223599563e+00 9.167580596116950420e-02 1.000000000000000000e+00
5.147140952018555815e+00 -7.213457074011846437e+00 8.969939831049708601e-02 1.000000000000000000e+00
5.161478391996323190e+00 -7.265107631264715593e+00 8.771098061131314683e-02 1.000000000000000000e+00
5.175815831974091452e+00 -7.315785447376208950e+00 8.571081909720940084e-02 1.000000000000000000e+00
5.190153271951858827e+00 -7.365483736982733731e+00 8.369918157418369808e-02 1.000000000000000000e+00
5.204490711929626201e+00 -7.414195845871675239e+00 8.167633738478070893e-02 1.000000000000000000e+00
5.218828151907393575e+00 -7.461915251872283328e+00 7.964255737203097818e-02 1.000000000000000000e+00
5.233165591885160950e+00 -7.508635565728990713e+00 7.759811384318567040e-02 1.000000000000000000e+00
5.247503031862929213e+00 -7.554350531956847803e+00 7.554328053325794212e-02 1.000000000000000000e+00
5.261840471840696587e+00 -7.599054029679094491e+00 7.347833256837126015e-02 1.000000000000000000e+00
5.276177911818463961e+00 -7.642740073446708138e+00 7.140354642892236814e-02 1.000000000000000000e+00
5.290515351796231336e+00 -7.685402814039790975e+00 6.931919991256287050e-02 1.000000000000000000e+00
5.304852791773998710e+00 -7.727036539250756064e+00 6.722557209700365244e-02 1.000000000000000000e+00
5.319190231751766973e+00 -7.767635674649127964e+00 6.512294330264949138e-02 1.000000000000000000e+00
5.333527671729534347e+00 -7.807194784327919912e+00 6.301159505506577496e-02 1.000000000000000000e+00
5.347865111707301722e+00 -7.845708571631464068e+00 6.089181004728467378e-02 1.000000000000000000e+00
5.362202551685069096e+00 -7.883171879864599774e+00 5.876387210195415517e-02 1.000000000000000000e+00
5.376539991662837359e+00 -7.919579692983092833e+00 5.662806613333726952e-02 1.000000000000000000e+00
5.390877431640604733e+00 -7.954927136265261822e+00 5.448467810916378384e-02 1.000000000000000000e+00
5.405214871618372108e+00 -7.989209476964657775e+00 5.233399501234159423e-02 1.000000000000000000e+00
5.419552311596139482e+00 -8.022422124943751953e+00 5.017630480253135183e-02 1.000000000000000000e+00
5.433889751573906857e+00 -8.054560633288506466e+00 4.801189637759200463e-02 1.000000000000000000e+00
5.448227191551675119e+00 -8.085620698903788650e+00 4.584105953489821250e-02 1.000000000000000000e+00
5.462564631529442494e+00 -8.115598163089517314e+00 4.366408493254068934e-02 1.000000000000000000e+00
5.476902071507209868e+00 -8.144489012097485769e+00 4.148126405040704345e-02 1.000000000000000000e+00
5.491239511484977243e+00 -8.172289377668773724e+00 3.929288915115672354e-02 1.000000000000000000e+00
5.505576951462744617e+00 -8.198995537551656554e+00 3.709925324108868938e-02 1.000000000000000000e+00
5.519914391440512880e+00 -8.224603916000024384e+00 3.490065003090944695e-02 1.000000000000000000e+00
5.534251831418280254e+00 -8.249111084252097825e+00 3.269737389640935826e-02 1.000000000000000000e+00
5.548589271396047629e+00 -8.272513760989559373e+00 3.048971983904566127e-02 1.000000000000000000e+00
5.562926711373815003e+00 -8.294808812776855333e+00 2.827798344644609843e-02 1.000000000000000000e+00
5.577264151351583266e+00 -8.315993254480778418e+00 2.606246085283034017e-02 1.000000000000000000e+00
5.591601591329350640e+00 -8.336064249670116055e+00 2.384344869936199166e-02 1.000000000000000000e+00
5.605939031307118015e+00 -8.355019110995449694e+00 2.162124409442826162e-02 1.000000000000000000e+00
5.620276471284885389e+00 -8.372855300548961210e+00 1.939614457386150750e-02 1.000000000000000000e+00
5.634613911262652763e+00 -8.389570430204251750e+00 1.716844806109999594e-02 1.000000000000000000e+00
5.648951351240421026e+00 -8.405162261936069967e+00 1.493845282729945774e-02 1.000000000000000000e+00
5.663288791218188400e+00 -8.419628708119979876e+00 1.270645745139624590e-02 1.000000000000000000e+00
5.677626231195955775e+00 -8.432967831811884807e+00 1.047276078013028265e-02 1.000000000000000000e+00
5.691963671173723149e+00 -8.445177847007354188e+00 8.237661888031122884e-03 1.000000000000000000e+00
5.706301111151491412e+00 -8.456257118880765589e+00 6.001460037375255796e-03 1.000000000000000000e+00
5.720638551129258786e+00 -8.466204164004189181e+00 3.764454638116528779e-03 1.000000000000000000e+00
5.734975991107026161e+00 -8.475017650546005754e+00 1.526945207797667133e-03 1.000000000000000000e+00
5.749313431084793535e+00 -8.482696398449244057e+00 -7.107686685526092918e-04 1.000000000000000000e+00
5.763650871062560910e+00 -8.489239379589557544e+00 -2.948387378532371910e-03 1.000000000000000000e+00
5.777988311040329172e+00 -8.494645717912902683e+00 -5.185611322481208964e-03 1.000000000000000000e+00
5.792325751018096547e+00 -8.498914689552821145e+00 -7.422140953594969295e-03 1.000000000000000000e+00
5.806663190995863921e+00 -8.502045722927370264e+00 -9.657676818032390545e-03 1.000000000000000000e+00
5.821000630973631296e+00 -8.504038398815644939e+00 -1.189191959501031785e-02 1.000000000000000000e+00
5.835338070951398670e+00 -8.504892450413917615e+00 -1.412457013687921925e-02 1.000000000000000000e+00
5.849675510929166933e+00 -8.504607763371353713e+00 -1.635532950917826037e-02 1.000000000000000000e+00
5.864012950906934307e+00 -8.503184375805322048e+00 -1.858389903065822690e-02 1.000000000000000000e+00
5.878350390884701682e+00 -8.500622478296293139e+00 -2.080998031327502620e-02 1.000000000000000000e+00
5.892687830862469056e+00 -8.496922413862325385e+00 -2.303327530213961430e-02 1.000000000000000000e+00
5.907025270840237319e+00 -8.492084677913137369e+00 -2.525348631542608316e-02 1.000000000000000000e+00
5.921362710818004693e+00 -8.486109918183766254e+00 -2.747031608422858054e-02 1.000000000000000000e+00
5.935700150795772068e+00 -8.478998934647851371e+00 -2.968346779236398850e-02 1.000000000000000000e+00
5.950037590773539442e+00 -8.470752679410527008e+00 -3.189264511611225594e-02 1.000000000000000000e+00
5.964375030751306817e+00 -8.461372256580929729e+00 -3.409755226389234173e-02 1.000000000000000000e+00
5.978712470729075079e+00 -8.450858922124373507e+00 -3.629789401586708264e-02 1.000000000000000000e+00
5.993049910706842454e+00 -8.439214083694196233e+00 -3.849337576346896495e-02 1.000000000000000000e+00
6.007387350684609828e+00 -8.426439300443261615e+00 -4.068370354884823931e-02 1.000000000000000000e+00
6.021724790662377202e+00 -8.412536282815230138e+00 -4.286858410422959148e-02 1.000000000000000000e+00
6.036062230640144577e+00 -8.397506892315519167e+00 -4.504772489117993273e-02 1.000000000000000000e+00
6.050399670617912840e+00 -8.381353141262071205e+00 -4.722083413977579136e-02 1.000000000000000000e+00
6.064737110595680214e+00 -8.364077192515932069e+00 -4.938762088766971564e-02 1.000000000000000000e+00
6.079074550573447588e+00 -8.345681359191640780e+00 -5.154779501904754174e-02 1.000000000000000000e+00
6.093411990551214963e+00 -8.326168104347528853e+00 -5.370106730347327245e-02 1.000000000000000000e+00
6.107749430528983225e+00 -8.305540040655943201e+00 -5.584714943461378811e-02 1.000000000000000000e+00
6.122086870506750600e+00 -8.283799930053421079e+00 -5.798575406884146771e-02 1.000000000000000000e+00
6.136424310484517974e+00 -8.260950683370893444e+00 -6.011659486370714289e-02 1.000000000000000000e+00
6.150761750462285349e+00 -8.236995359943946937e+00 -6.223938651627883289e-02 1.000000000000000000e+00
6.165099190440052723e+00 -8.211937167203190668e+00 -6.435384480134234697e-02 1.000000000000000000e+00
6.179436630417820986e+00 -8.185779460244829053e+00 -6.645968660945579531e-02 1.000000000000000000e+00
6.193774070395588360e+00 -8.158525741381428276e+00 -6.855662998485638482e-02 1.000000000000000000e+00
6.208111510373355735e+00 -8.130179659672975845e+00 -7.064439416321174892e-02 1.000000000000000000e+00
6.222448950351123109e+00 -8.100745010438311411e+00 -7.272269960921276533e-02 1.000000000000000000e+00
6.236786390328890484e+00 -8.070225734746969692e+00 -7.479126805400004852e-02 1.000000000000000000e+00
6.251123830306658746e+00 -8.038625918891469269e+00 -7.684982253242333972e-02 1.000000000000000000e+00
6.265461270284426121e+00 -8.005949793840246187e+00 -7.889808742012316412e-02 1.000000000000000000e+00
6.279798710262193495e+00 -7.972201734671095608e+00 -8.093578847043692015e-02 1.000000000000000000e+00
6.294136150239960870e+00 -7.937386259985438564e+00 -8.296265285111649457e-02 1.000000000000000000e+00
6.308473590217729132e+00 -7.901508031303271729e+00 -8.497840918085997064e-02 1.000000000000000000e+00
6.322811030195496507e+00 -7.864571852439071087e+00 -8.698278756564549463e-02 1.000000000000000000e+00
6.337148470173263881e+00 -7.826582668858556247e+00 -8.897551963487031201e-02 1.000000000000000000e+00
6.351485910151031256e+00 -7.787545567016555204e+00 -9.095633857728165073e-02 1.000000000000000000e+00
6.365823350128798630e+00 -7.747465773675973111e+00 -9.292497917670131113e-02 1.000000000000000000e+00
6.380160790106566893e+00 -7.706348655207933440e+00 -9.488117784753669071e-02 1.000000000000000000e+00
6.394498230084334267e+00 -7.664199716873322465e+00 -9.682467267007112410e-02 1.000000000000000000e+00
6.408835670062101642e+00 -7.621024602085613608e+00 -9.875520342553505138e-02 1.000000000000000000e+00
6.423173110039869016e+00 -7.576829091655309156e+00 -1.006725116309454271e-01 1.000000000000000000e+00
6.437510550017636390e+00 -7.531619103015899874e+00 -1.025763405737158962e-01 1.000000000000000000e+00
6.451847989995404653e+00 -7.485400689431592980e+00 -1.044664353460276474e-01 1.000000000000000000e+00
6.466185429973172027e+00 -7.438180039186808479e+00 -1.063425428789601251e-01 1.000000000000000000e+00
6.480522869950939402e+00 -7.389963474757631268e+00 -1.082044119763745926e-01 1.000000000000000000e+00
6.494860309928706776e+00 -7.340757451965261637e+00 -1.100517933485481298e-01 1.000000000000000000e+00
6.509197749906475039e+00 -7.290568559111651581e+00 -1.118844396455504625e-01 1.000000000000000000e+00
6.523535189884242413e+00 -7.239403516097372204e+00 -1.137021054903630118e-01 1.000000000000000000e+00
6.537872629862009788e+00 -7.187269173521879218e+00 -1.155045475117324472e-01 1.000000000000000000e+00
6.552210069839777162e+00 -7.134172511766249336e+00 -1.172915243767568977e-01 1.000000000000000000e+00
6.566547509817544537e+00 -7.080120640058590986e+00 -1.190627968231976613e-01 1.000000000000000000e+00
6.580884949795312799e+00 -7.025120795522160400e+00 -1.208181276915150509e-01 1.000000000000000000e+00
6.595222389773080174e+00 -6.969180342206366063e+00 -1.225572819566222160e-01 1.000000000000000000e+00
6.609559829750847548e+00 -6.912306770100782316e+00 -1.242800267593528879e-01 1.000000000000000000e+00
6.623897269728614923e+00 -6.854507694132290219e+00 -1.259861314376399810e-01 1.000000000000000000e+00
6.638234709706382297e+00 -6.795790853145521559e+00 -1.276753675573985003e-01 1.000000000000000000e+00
6.652572149684150560e+00 -6.736164108866651290e+00 -1.293475089431123659e-01 1.000000000000000000e+00
6.666909589661917934e+00 -6.675635444850823497e+00 -1.310023317081157324e-01 1.000000000000000000e+00
6.681247029639685309e+00 -6.614212965413160283e+00 -1.326396142845717996e-01 1.000000000000000000e+00
6.695584469617452683e+00 -6.551904894543703506e+00 -1.342591374531372228e-01 1.000000000000000000e+00
6.709921909595220946e+00 -6.488719574806246726e+00 -1.358606843723153268e-01 1.000000000000000000e+00
6.724259349572988320e+00 -6.424665466221381571e+00 -1.374440406074877163e-01 1.000000000000000000e+00
6.738596789550755695e+00 -6.359751145133708761e+00 -1.390089941596275025e-01 1.000000000000000000e+00
6.752934229528523069e+00 -6.293985303063577064e+00 -1.405553354936826260e-01 1.000000000000000000e+00
6.767271669506290444e+00 -6.227376745543343972e+00 -1.420828575666316373e-01 1.000000000000000000e+00
6.781609109484058706e+00 -6.159934390938361481e+00 -1.435913558552054659e-01 1.000000000000000000e+00
6.795946549461826081e+00 -6.091667269252915240e+00 -1.450806283832707100e-01 1.000000000000000000e+00
6.810283989439593455e+00 -6.022584520921150819e+00 -1.465504757488732823e-01 1.000000000000000000e+00
6.824621429417360829e+00 -5.952695395583253557e+00 -1.480007011509363590e-01 1.000000000000000000e+00
6.838958869395128204e+00 -5.882009250846973458e+00 -1.494311104156110237e-01 1.000000000000000000e+00
6.853296309372896467e+00 -5.810535551034747392e+00 -1.508415120222740546e-01 1.000000000000000000e+00
6.867633749350663841e+00 -5.738283865916472770e+00 -1.522317171291713844e-01 1.000000000000000000e+00
6.881971189328431215e+00 -5.665263869428213361e+00 -1.536015395987022913e-01 1.000000000000000000e+00
6.896308629306198590e+00 -5.591485338376896763e+00 -1.549507960223422964e-01 1.000000000000000000e+00
6.910646069283966852e+00 -5.516958151131324151e+00 -1.562793057451994372e-01 1.000000000000000000e+00
6.924983509261734227e+00 -5.441692286299502967e+00 -1.575868908902029464e-01 1.000000000000000000e+00
6.939320949239501601e+00 -5.365697821392601874e+00 -1.588733763819194234e-01 1.000000000000000000e+00
6.953658389217268976e+00 -5.288984931475630091e+00 -1.601385899699945270e-01 1.000000000000000000e+00
6.967995829195036350e+00 -5.211563887805111150e+00 -1.613823622522151946e-01 1.000000000000000000e+00
6.982333269172804613e+00 -5.133445056453814104e+00 -1.626045266971918590e-01 1.000000000000000000e+00
6.996670709150571987e+00 -5.054638896922826419e+00 -1.638049196666554741e-01 1.000000000000000000e+00
7.011008149128339362e+00 -4.975155960741114214e+00 -1.649833804373673496e-01 1.000000000000000000e+00
7.025345589106106736e+00 -4.895006890052731485e+00 -1.661397512226391038e-01 1.000000000000000000e+00
7.039683029083874111e+00 -4.814202416191961653e+00 -1.672738771934584312e-01 1.000000000000000000e+00
7.054020469061642373e+00 -4.732753358246418074e+00 -1.683856064992203250e-01 1.000000000000000000e+00
7.068357909039409748e+00 -4.650670621608533395e+00 -1.694747902880575641e-01 1.000000000000000000e+00
7.082695349017177122e+00 -4.567965196515318738e+00 -1.705412827267721032e-01 1.000000000000000000e+00
7.097032788994944497e+00 -4.484648156576938050e+00 -1.715849410203599268e-01 1.000000000000000000e+00
7.111370228972712759e+00 -4.400730657293967951e+00 -1.726056254311310600e-01 1.000000000000000000e+00
7.125707668950480134e+00 -4.316223934563848452e+00 -1.736031992974182980e-01 1.000000000000000000e+00
7.140045108928247508e+00 -4.231139303176387756e+00 -1.745775290518764011e-01 1.000000000000000000e+00
7.154382548906014883e+00 -4.145488155298878041e+00 -1.755284842393645683e-01 1.000000000000000000e+00
7.168719988883782257e+00 -4.059281958950720970e+00 -1.764559375344142700e-01 1.000000000000000000e+00
7.183057428861550520e+00 -3.972532256467987910e+00 -1.773597647582764170e-01 1.000000000000000000e+00
7.197394868839317894e+00 -3.885250662957965950e+00 -1.782398448955483661e-01 1.000000000000000000e+00
7.211732308817085269e+00 -3.797448864743999675e+00 -1.790960601103768202e-01 1.000000000000000000e+00
7.226069748794852643e+00 -3.709138617800781468e+00 -1.799282957622349854e-01 1.000000000000000000e+00
7.240407188772620017e+00 -3.620331746180297294e+00 -1.807364404212724318e-01 1.000000000000000000e+00
7.254744628750388280e+00 -3.531040140428715723e+00 -1.815203858832341310e-01 1.000000000000000000e+00
7.269082068728155654e+00 -3.441275755994310792e+00 -1.822800271839486175e-01 1.000000000000000000e+00
7.283419508705923029e+00 -3.351050611626735787e+00 -1.830152626133816074e-01 1.000000000000000000e+00
7.297756948683690403e+00 -3.260376787767777618e+00 -1.837259937292544387e-01 1.000000000000000000e+00
7.312094388661458666e+00 -3.169266424933920412e+00 -1.844121253702243057e-01 1.000000000000000000e+00
7.326431828639226040e+00 -3.077731722090800925e+00 -1.850735656686260944e-01 1.000000000000000000e+00
7.340769268616993415e+00 -2.985784935019874187e+00 -1.857102260627722934e-01 1.000000000000000000e+00
7.355106708594760789e+00 -2.893438374677430147e+00 -1.863220213088112309e-01 1.000000000000000000e+00
7.369444148572528164e+00 -2.800704405546299736e+00 -1.869088694921400284e-01 1.000000000000000000e+00
7.383781588550296426e+00 -2.707595443980312933e+00 -1.874706920383726327e-01 1.000000000000000000e+00
7.398119028528063801e+00 -2.614123956541868132e+00 -1.880074137238602339e-01 1.000000000000000000e+00
7.412456468505831175e+00 -2.520302458332719819e+00 -1.885189626857632084e-01 1.000000000000000000e+00
7.426793908483598550e+00 -2.426143511318353152e+00 -1.890052704316728671e-01 1.000000000000000000e+00
7.441131348461366812e+00 -2.331659722646003630e+00 -1.894662718487820641e-01 1.000000000000000000e+00
7.455468788439134187e+00 -2.236863742956666012e+00 -1.899019052126033891e-01 1.000000000000000000e+00
7.469806228416901561e+00 -2.141768264691282120e+00 -1.903121121952334738e-01 1.000000000000000000e+00
7.484143668394668936e+00 -2.046386020391287808e+00 -1.906968378731628000e-01 1.000000000000000000e+00
7.498481108372436310e+00 -1.950729780993882168e+00 -1.910560307346293729e-01 1.000000000000000000e+00
7.512818548350204573e+00 -1.854812354122028717e+00 -1.913896426865158706e-01 1.000000000000000000e+00
7.527155988327971947e+00 -1.758646582369703504e+00 -1.916976290607887434e-01 1.000000000000000000e+00
7.541493428305739322e+00 -1.662245341582271774e+00 -1.919799486204791239e-01 1.000000000000000000e+00
7.555830868283506696e+00 -1.565621539132598494e+00 -1.922365635652040772e-01 1.000000000000000000e+00
7.570168308261274071e+00 -1.468788112192786821e+00 -1.924674395362277191e-01 1.000000000000000000e+00
7.584505748239042333e+00 -1.371758026002042330e+00 -1.926725456210616749e-01 1.000000000000000000e+00
7.598843188216809708e+00 -1.274544272130701872e+00 -1.928518543576037969e-01 1.000000000000000000e+00
7.613180628194577082e+00 -1.177159866740767891e+00 -1.930053417378155001e-01 1.000000000000000000e+00
7.627518068172344456e+00 -1.079617848843156480e+00 -1.931329872109359136e-01 1.000000000000000000e+00
7.641855508150112719e+00 -9.819312785518364839e-01 -1.932347736862335963e-01 1.000000000000000000e+00
7.656192948127880094e+00 -8.841132353352645357e-01 -1.933106875352949006e-01 1.000000000000000000e+00
7.670530388105647468e+00 -7.861768162650428771e-01 -1.933607185938486517e-01 1.000000000000000000e+00
7.684867828083414842e+00 -6.881351342624129064e-01 -1.933848601631270314e-01 1.000000000000000000e+00
7.699205268061182217e+00 -5.900013163424698837e-01 -1.933831090107625550e-01 1.000000000000000000e+00
7.713542708038950479e+00 -4.917885018566113264e-01 -1.933554653712208637e-01 1.000000000000000000e+00
7.727880148016717854e+00 -3.935098407332497938e-01 -1.933019329457693058e-01 1.000000000000000000e+00
7.742217587994485228e+00 -2.951784917171556555e-01 -1.932225189019812772e-01 1.000000000000000000e+00
7.756555027972252603e+00 -1.968076206075739798e-01 -1.931172338727767113e-01 1.000000000000000000e+00
7.770892467950019977e+00 -9.841039849547938978e-02 -1.929860919549983567e-01 1.000000000000000000e+00
7.785229907927788240e+00 -2.083106579379969395e-15 -1.928291107075241484e-01 1.000000000000000000e+00
