0.000000000000000000e+00 0.000000000000000000e+00 -1.475719456049940703e+00 1.000000000000000000e+00
1.435946080755777683e-02 1.412481402092471638e+00 -1.545339806016359452e+00 1.000000000000000000e+00
2.871892161511555366e-02 2.823831426690861068e+00 -1.613722360798610644e+00 1.000000000000000000e+00
4.307838242267333223e-02 4.232919602518352420e+00 -1.680812346943851621e+00 1.000000000000000000e+00
5.743784323023110733e-02 5.638617270006792914e+00 -1.746556026328315081e+00 1.000000000000000000e+00
7.179730403778888936e-02 7.039798485336939748e+00 -1.810900739200786091e+00 1.000000000000000000e+00
8.615676484534666446e-02 8.435340922303431910e+00 -1.873794946362305147e+00 1.000000000000000000e+00
1.005162256529044396e-01 9.824126771282097437e+00 -1.935188270448337855e+00 1.000000000000000000e+00
1.148756864604622147e-01 1.120504363457955499e+01 -1.995031536280326812e+00 1.000000000000000000e+00
1.292351472680199898e-01 1.257698541744792209e+01 -2.053276810254307527e+00 1.000000000000000000e+00
1.435946080755777787e-01 1.393885321405097244e+01 -2.109877438735043853e+00 1.000000000000000000e+00
1.579540688831355399e-01 1.528955618767204072e+01 -2.164788085424924624e+00 1.000000000000000000e+00
1.723135296906933289e-01 1.662801244445874715e+01 -2.217964767677696791e+00 1.000000000000000000e+00
1.866729904982510901e-01 1.795314990000452227e+01 -2.269364891727932765e+00 1.000000000000000000e+00
2.010324513058088791e-01 1.926390713807298738e+01 -2.318947286808032970e+00 1.000000000000000000e+00
2.153919121133666403e-01 2.055923426077722382e+01 -2.366672238125425043e+00 1.000000000000000000e+00
2.297513729209244293e-01 2.183809372953307104e+01 -2.412501518673547007e+00 1.000000000000000000e+00
2.441108337284822183e-01 2.309946119611270277e+01 -2.456398419851134829e+00 1.000000000000000000e+00
2.584702945360399795e-01 2.434232632313304023e+01 -2.498327780865289061e+00 1.000000000000000000e+00
2.728297553435977685e-01 2.556569359332156566e+01 -2.538256016894772760e+00 1.000000000000000000e+00
2.871892161511555575e-01 2.676858310691149612e+01 -2.576151145990968949e+00 1.000000000000000000e+00
3.015486769587132909e-01 2.795003136652756126e+01 -2.611982814694971289e+00 1.000000000000000000e+00
3.159081377662710799e-01 2.910909204893366109e+01 -2.645722322350270606e+00 1.000000000000000000e+00
3.302675985738288689e-01 3.024483676302433466e+01 -2.677342644091571966e+00 1.000000000000000000e+00
3.446270593813866578e-01 3.135635579345276369e+01 -2.706818452491328131e+00 1.000000000000000000e+00
3.589865201889444468e-01 3.244275882929990473e+01 -2.734126137846647708e+00 1.000000000000000000e+00
3.733459809965021803e-01 3.350317567720074408e+01 -2.759243827090330115e+00 1.000000000000000000e+00
3.877054418040599693e-01 3.453675695835691073e+01 -2.782151401310883454e+00 1.000000000000000000e+00
4.020649026116177582e-01 3.554267478887692988e+01 -2.802830511867483665e+00 1.000000000000000000e+00
4.164243634191755472e-01 3.652012344289943968e+01 -2.821264595086976357e+00 1.000000000000000000e+00
4.307838242267332807e-01 3.746831999796814472e+01 -2.837438885531141874e+00 1.000000000000000000e+00
4.451432850342910696e-01 3.838650496214158636e+01 -2.851340427823602308e+00 1.000000000000000000e+00
4.595027458418488586e-01 3.927394288233533359e+01 -2.862958087026892695e+00 1.000000000000000000e+00
4.738622066494066476e-01 4.012992293340944627e+01 -2.872282557561386618e+00 1.000000000000000000e+00
4.882216674569644366e-01 4.095375948752928963e+01 -2.879306370658937020e+00 1.000000000000000000e+00
5.025811282645221700e-01 4.174479266334369498e+01 -2.884023900345246805e+00 1.000000000000000000e+00
5.169405890720799590e-01 4.250238885454047733e+01 -2.886431367946199700e+00 1.000000000000000000e+00
5.313000498796377480e-01 4.322594123735611760e+01 -2.886526845114521400e+00 1.000000000000000000e+00
5.456595106871955370e-01 4.391487025663293764e+01 -2.884310255374358700e+00 1.000000000000000000e+00
5.600189714947533259e-01 4.456862409003456094e+01 -2.879783374182538047e+00 1.000000000000000000e+00
5.743784323023111149e-01 4.518667909004764027e+01 -2.872949827506445786e+00 1.000000000000000000e+00
5.887378931098689039e-01 4.576854020341624363e+01 -2.863815088919682061e+00 1.000000000000000000e+00
6.030973539174265818e-01 4.631374136767227156e+01 -2.852386475217807860e+00 1.000000000000000000e+00
6.174568147249843708e-01 4.682184588444501117e+01 -2.838673140557693042e+00 1.000000000000000000e+00
6.318162755325421598e-01 4.729244676925024038e+01 -2.822686069125168284e+00 1.000000000000000000e+00
6.461757363400999488e-01 4.772516707747898579e+01 -2.804438066336848667e+00 1.000000000000000000e+00
6.605351971476577377e-01 4.811966020632485197e+01 -2.783943748583177502e+00 1.000000000000000000e+00
6.748946579552155267e-01 4.847561017240789027e+01 -2.761219531520905601e+00 1.000000000000000000e+00
6.892541187627733157e-01 4.879273186487278480e+01 -2.736283616924382933e+00 1.000000000000000000e+00
7.036135795703311047e-01 4.907077127375864478e+01 -2.709155978106196905e+00 1.000000000000000000e+00
7.179730403778888936e-01 4.930950569345728951e+01 -2.679858343918835484e+00 1.000000000000000000e+00
7.323325011854465716e-01 4.950874390109731848e+01 -2.648414181350182695e+00 1.000000000000000000e+00
7.466919619930043606e-01 4.966832630971089202e+01 -2.614848676726795773e+00 1.000000000000000000e+00
7.610514228005621495e-01 4.978812509606062520e+01 -2.579188715540018606e+00 1.000000000000000000e+00
7.754108836081199385e-01 4.986804430302419888e+01 -2.541462860911083865e+00 1.000000000000000000e+00
7.897703444156777275e-01 4.990801991645461300e+01 -2.501701330712458926e+00 1.000000000000000000e+00
8.041298052232355165e-01 4.990801991645461300e+01 -2.459935973363763129e+00 1.000000000000000000e+00
8.184892660307933054e-01 4.986804430302419888e+01 -2.416200242321633773e+00 1.000000000000000000e+00
8.328487268383510944e-01 4.978812509606062520e+01 -2.370529169283985382e+00 1.000000000000000000e+00
8.472081876459088834e-01 4.966832630971089202e+01 -2.322959336130118846e+00 1.000000000000000000e+00
8.615676484534665613e-01 4.950874390109732559e+01 -2.273528845619156247e+00 1.000000000000000000e+00
8.759271092610243503e-01 4.930950569345728951e+01 -2.222277290870271038e+00 1.000000000000000000e+00
8.902865700685821393e-01 4.907077127375864478e+01 -2.169245723649167790e+00 1.000000000000000000e+00
9.046460308761399283e-01 4.879273186487279901e+01 -2.114476621486199193e+00 1.000000000000000000e+00
9.190054916836977172e-01 4.847561017240789027e+01 -2.058013853652469471e+00 1.000000000000000000e+00
9.333649524912555062e-01 4.811966020632485197e+01 -1.999902646021173513e+00 1.000000000000000000e+00
9.477244132988132952e-01 4.772516707747898579e+01 -1.940189544842314762e+00 1.000000000000000000e+00
9.620838741063710842e-01 4.729244676925024038e+01 -1.878922379459823544e+00 1.000000000000000000e+00
9.764433349139288731e-01 4.682184588444501117e+01 -1.816150224000932623e+00 1.000000000000000000e+00
9.908027957214865511e-01 4.631374136767227156e+01 -1.751923358068500525e+00 1.000000000000000000e+00
1.005162256529044340e+00 4.576854020341624363e+01 -1.686293226467763029e+00 1.000000000000000000e+00
1.019521717336602240e+00 4.518667909004764027e+01 -1.619312397999779662e+00 1.000000000000000000e+00
1.033881178144159918e+00 4.456862409003456094e+01 -1.551034523354571482e+00 1.000000000000000000e+00
1.048240638951717818e+00 4.391487025663293764e+01 -1.481514292137681821e+00 1.000000000000000000e+00
1.062600099759275496e+00 4.322594123735611760e+01 -1.410807389064581141e+00 1.000000000000000000e+00
1.076959560566833174e+00 4.250238885454048443e+01 -1.338970449358000137e+00 1.000000000000000000e+00
1.091319021374391074e+00 4.174479266334369498e+01 -1.266061013383928291e+00 1.000000000000000000e+00
1.105678482181948752e+00 4.095375948752929673e+01 -1.192137480562594609e+00 1.000000000000000000e+00
1.120037942989506652e+00 4.012992293340944627e+01 -1.117259062591366314e+00 1.000000000000000000e+00
1.134397403797064330e+00 3.927394288233534780e+01 -1.041485736017022434e+00 1.000000000000000000e+00
1.148756864604622230e+00 3.838650496214157926e+01 -9.648781941953873398e-01 1.000000000000000000e+00
1.163116325412179908e+00 3.746831999796815182e+01 -8.874977986768307625e-01 1.000000000000000000e+00
1.177475786219737808e+00 3.652012344289942547e+01 -8.094065300565211896e-01 1.000000000000000000e+00
1.191835247027295486e+00 3.554267478887692988e+01 -7.306669383288708630e-01 1.000000000000000000e+00
1.206194707834853164e+00 3.453675695835691073e+01 -6.513420927858623033e-01 1.000000000000000000e+00
1.220554168642411064e+00 3.350317567720074408e+01 -5.714955314994574209e-01 1.000000000000000000e+00
1.234913629449968742e+00 3.244275882929991184e+01 -4.911912104285007241e-01 1.000000000000000000e+00
1.249273090257526642e+00 3.135635579345276014e+01 -4.104934521909022749e-01 1.000000000000000000e+00
1.263632551065084320e+00 3.024483676302434176e+01 -3.294668945421502793e-01 1.000000000000000000e+00
1.277992011872642220e+00 2.910909204893365398e+01 -2.481764386013701196e-01 1.000000000000000000e+00
1.292351472680199898e+00 2.795003136652756481e+01 -1.666871968664722370e-01 1.000000000000000000e+00
1.306710933487757798e+00 2.676858310691149612e+01 -8.506444105994920291e-02 1.000000000000000000e+00
1.321070394295315475e+00 2.556569359332156566e+01 -3.373549847169260082e-03 1.000000000000000000e+00
1.335429855102873153e+00 2.434232632313305800e+01 7.832004353100896488e-02 1.000000000000000000e+00
1.349789315910431053e+00 2.309946119611269921e+01 1.599509036693359532e-01 1.000000000000000000e+00
1.364148776717988731e+00 2.183809372953307459e+01 2.414536454109851571e-01 1.000000000000000000e+00
1.378508237525546631e+00 2.055923426077723803e+01 3.227629862201508715e-01 1.000000000000000000e+00
1.392867698333104309e+00 1.926390713807299448e+01 4.038137984724157747e-01 1.000000000000000000e+00
1.407227159140662209e+00 1.795314990000452937e+01 4.845411616210572037e-01 1.000000000000000000e+00
1.421586619948219887e+00 1.662801244445874715e+01 5.648804141974799187e-01 1.000000000000000000e+00
1.435946080755777787e+00 1.528955618767204072e+01 6.447672056041313660e-01 1.000000000000000000e+00
1.450305541563335465e+00 1.393885321405096711e+01 7.241375476584145376e-01 1.000000000000000000e+00
1.464665002370893143e+00 1.257698541744793452e+01 8.029278658463100404e-01 1.000000000000000000e+00
1.479024463178451043e+00 1.120504363457956387e+01 8.810750502446614840e-01 1.000000000000000000e+00
1.493383923986008721e+00 9.824126771282104542e+00 9.585165060713181084e-01 1.000000000000000000e+00
1.507743384793566621e+00 8.435340922303433686e+00 1.035190203822669242e+00 1.000000000000000000e+00
1.522102845601124299e+00 7.039798485336939748e+00 1.111034728958392170e+00 1.000000000000000000e+00
1.536462306408682199e+00 5.638617270006789362e+00 1.185989331093624255e+00 1.000000000000000000e+00
1.550821767216239877e+00 4.232919602518367519e+00 1.259993972659156247e+00 1.000000000000000000e+00
1.565181228023797777e+00 2.823831426690851298e+00 1.332989376990675323e+00 1.000000000000000000e+00
1.579540688831355455e+00 1.412481402092480964e+00 1.404917075808516991e+00 1.000000000000000000e+00
1.593900149638913133e+00 6.112581726255702582e-15 1.475719456049940259e+00 1.000000000000000000e+00
1.608259610446471033e+00 -1.412481402092468974e+00 1.545339806016359008e+00 1.000000000000000000e+00
1.622619071254028711e+00 -2.823831426690838864e+00 1.613722360798608868e+00 1.000000000000000000e+00
1.636978532061586611e+00 -4.232919602518355084e+00 1.680812346943851177e+00 1.000000000000000000e+00
1.651337992869144289e+00 -5.638617270006776927e+00 1.746556026328314859e+00 1.000000000000000000e+00
1.665697453676702189e+00 -7.039798485336948630e+00 1.810900739200786758e+00 1.000000000000000000e+00
1.680056914484259867e+00 -8.435340922303419475e+00 1.873794946362304703e+00 1.000000000000000000e+00
1.694416375291817767e+00 -9.824126771282113424e+00 1.935188270448338521e+00 1.000000000000000000e+00
1.708775836099375445e+00 -1.120504363457955321e+01 1.995031536280326590e+00 1.000000000000000000e+00
1.723135296906933123e+00 -1.257698541744790255e+01 2.053276810254306195e+00 1.000000000000000000e+00
1.737494757714491023e+00 -1.393885321405097244e+01 2.109877438735043409e+00 1.000000000000000000e+00
1.751854218522048701e+00 -1.528955618767203006e+01 2.164788085424924624e+00 1.000000000000000000e+00
1.766213679329606601e+00 -1.662801244445876137e+01 2.217964767677697679e+00 1.000000000000000000e+00
1.780573140137164279e+00 -1.795314990000451516e+01 2.269364891727932321e+00 1.000000000000000000e+00
1.794932600944722179e+00 -1.926390713807298383e+01 2.318947286808032526e+00 1.000000000000000000e+00
1.809292061752279857e+00 -2.055923426077722382e+01 2.366672238125424599e+00 1.000000000000000000e+00
1.823651522559837757e+00 -2.183809372953306749e+01 2.412501518673546563e+00 1.000000000000000000e+00
1.838010983367395434e+00 -2.309946119611270987e+01 2.456398419851134829e+00 1.000000000000000000e+00
1.852370444174953112e+00 -2.434232632313302958e+01 2.498327780865289061e+00 1.000000000000000000e+00
1.866729904982511012e+00 -2.556569359332155500e+01 2.538256016894772760e+00 1.000000000000000000e+00
1.881089365790068690e+00 -2.676858310691149256e+01 2.576151145990968949e+00 1.000000000000000000e+00
1.895448826597626590e+00 -2.795003136652756126e+01 2.611982814694971289e+00 1.000000000000000000e+00
1.909808287405184268e+00 -2.910909204893366109e+01 2.645722322350270606e+00 1.000000000000000000e+00
1.924167748212742168e+00 -3.024483676302433466e+01 2.677342644091571966e+00 1.000000000000000000e+00
1.938527209020299846e+00 -3.135635579345277435e+01 2.706818452491328131e+00 1.000000000000000000e+00
1.952886669827857746e+00 -3.244275882929990473e+01 2.734126137846647708e+00 1.000000000000000000e+00
1.967246130635415424e+00 -3.350317567720073697e+01 2.759243827090330115e+00 1.000000000000000000e+00
1.981605591442973102e+00 -3.453675695835691073e+01 2.782151401310883010e+00 1.000000000000000000e+00
1.995965052250531002e+00 -3.554267478887692988e+01 2.802830511867483665e+00 1.000000000000000000e+00
2.010324513058088680e+00 -3.652012344289942547e+01 2.821264595086976357e+00 1.000000000000000000e+00
2.024683973865646358e+00 -3.746831999796813051e+01 2.837438885531141874e+00 1.000000000000000000e+00
2.039043434673204480e+00 -3.838650496214159347e+01 2.851340427823602308e+00 1.000000000000000000e+00
2.053402895480762158e+00 -3.927394288233533359e+01 2.862958087026892695e+00 1.000000000000000000e+00
2.067762356288319836e+00 -4.012992293340945338e+01 2.872282557561387062e+00 1.000000000000000000e+00
2.082121817095877514e+00 -4.095375948752927542e+01 2.879306370658937020e+00 1.000000000000000000e+00
2.096481277903435636e+00 -4.174479266334370209e+01 2.884023900345246805e+00 1.000000000000000000e+00
2.110840738710993314e+00 -4.250238885454048443e+01 2.886431367946199700e+00 1.000000000000000000e+00
2.125200199518550992e+00 -4.322594123735611049e+01 2.886526845114521400e+00 1.000000000000000000e+00
2.139559660326108670e+00 -4.391487025663293764e+01 2.884310255374358700e+00 1.000000000000000000e+00
2.153919121133666348e+00 -4.456862409003454673e+01 2.879783374182538047e+00 1.000000000000000000e+00
2.168278581941224470e+00 -4.518667909004766159e+01 2.872949827506445342e+00 1.000000000000000000e+00
2.182638042748782148e+00 -4.576854020341622942e+01 2.863815088919682061e+00 1.000000000000000000e+00
2.196997503556339826e+00 -4.631374136767227156e+01 2.852386475217807860e+00 1.000000000000000000e+00
2.211356964363897504e+00 -4.682184588444501117e+01 2.838673140557693042e+00 1.000000000000000000e+00
2.225716425171455626e+00 -4.729244676925024038e+01 2.822686069125168284e+00 1.000000000000000000e+00
2.240075885979013304e+00 -4.772516707747898579e+01 2.804438066336848667e+00 1.000000000000000000e+00
2.254435346786570982e+00 -4.811966020632485197e+01 2.783943748583177502e+00 1.000000000000000000e+00
2.268794807594128660e+00 -4.847561017240787606e+01 2.761219531520906045e+00 1.000000000000000000e+00
2.283154268401686338e+00 -4.879273186487277769e+01 2.736283616924382933e+00 1.000000000000000000e+00
2.297513729209244460e+00 -4.907077127375864478e+01 2.709155978106196905e+00 1.000000000000000000e+00
2.311873190016802138e+00 -4.930950569345728951e+01 2.679858343918835040e+00 1.000000000000000000e+00
2.326232650824359816e+00 -4.950874390109731848e+01 2.648414181350183139e+00 1.000000000000000000e+00
2.340592111631917493e+00 -4.966832630971089202e+01 2.614848676726796217e+00 1.000000000000000000e+00
2.354951572439475616e+00 -4.978812509606063941e+01 2.579188715540017718e+00 1.000000000000000000e+00
2.369311033247033293e+00 -4.986804430302419888e+01 2.541462860911083865e+00 1.000000000000000000e+00
2.383670494054590971e+00 -4.990801991645461300e+01 2.501701330712459370e+00 1.000000000000000000e+00
2.398029954862148649e+00 -4.990801991645461300e+01 2.459935973363763129e+00 1.000000000000000000e+00
2.412389415669706327e+00 -4.986804430302419888e+01 2.416200242321633773e+00 1.000000000000000000e+00
2.426748876477264449e+00 -4.978812509606062520e+01 2.370529169283985382e+00 1.000000000000000000e+00
2.441108337284822127e+00 -4.966832630971089202e+01 2.322959336130118846e+00 1.000000000000000000e+00
2.455467798092379805e+00 -4.950874390109731848e+01 2.273528845619155803e+00 1.000000000000000000e+00
2.469827258899937483e+00 -4.930950569345729662e+01 2.222277290870271926e+00 1.000000000000000000e+00
2.484186719707495605e+00 -4.907077127375864478e+01 2.169245723649166901e+00 1.000000000000000000e+00
2.498546180515053283e+00 -4.879273186487278480e+01 2.114476621486198304e+00 1.000000000000000000e+00
2.512905641322610961e+00 -4.847561017240789738e+01 2.058013853652470360e+00 1.000000000000000000e+00
2.527265102130168639e+00 -4.811966020632485908e+01 1.999902646021174180e+00 1.000000000000000000e+00
2.541624562937726317e+00 -4.772516707747899289e+01 1.940189544842315428e+00 1.000000000000000000e+00
2.555984023745284439e+00 -4.729244676925023327e+01 1.878922379459822212e+00 1.000000000000000000e+00
2.570343484552842117e+00 -4.682184588444501827e+01 1.816150224000933511e+00 1.000000000000000000e+00
2.584702945360399795e+00 -4.631374136767228578e+01 1.751923358068500747e+00 1.000000000000000000e+00
2.599062406167957473e+00 -4.576854020341624363e+01 1.686293226467763473e+00 1.000000000000000000e+00
2.613421866975515595e+00 -4.518667909004764027e+01 1.619312397999779884e+00 1.000000000000000000e+00
2.627781327783073273e+00 -4.456862409003456094e+01 1.551034523354571926e+00 1.000000000000000000e+00
2.642140788590630951e+00 -4.391487025663293764e+01 1.481514292137682265e+00 1.000000000000000000e+00
2.656500249398188629e+00 -4.322594123735611760e+01 1.410807389064580253e+00 1.000000000000000000e+00
2.670859710205746307e+00 -4.250238885454049154e+01 1.338970449358001691e+00 1.000000000000000000e+00
2.685219171013304429e+00 -4.174479266334369498e+01 1.266061013383927403e+00 1.000000000000000000e+00
2.699578631820862107e+00 -4.095375948752928252e+01 1.192137480562593721e+00 1.000000000000000000e+00
2.713938092628419785e+00 -4.012992293340946048e+01 1.117259062591367869e+00 1.000000000000000000e+00
2.728297553435977463e+00 -3.927394288233534780e+01 1.041485736017022878e+00 1.000000000000000000e+00
2.742657014243535585e+00 -3.838650496214157926e+01 9.648781941953864516e-01 1.000000000000000000e+00
2.757016475051093263e+00 -3.746831999796815182e+01 8.874977986768310956e-01 1.000000000000000000e+00
2.771375935858650941e+00 -3.652012344289943968e+01 8.094065300565228549e-01 1.000000000000000000e+00
2.785735396666208619e+00 -3.554267478887693699e+01 7.306669383288711961e-01 1.000000000000000000e+00
2.800094857473766297e+00 -3.453675695835691783e+01 6.513420927858626364e-01 1.000000000000000000e+00
2.814454318281324419e+00 -3.350317567720074408e+01 5.714955314994577540e-01 1.000000000000000000e+00
2.828813779088882097e+00 -3.244275882929990473e+01 4.911912104284997249e-01 1.000000000000000000e+00
2.843173239896439775e+00 -3.135635579345276369e+01 4.104934521909026079e-01 1.000000000000000000e+00
2.857532700703997453e+00 -3.024483676302436663e+01 3.294668945421518891e-01 1.000000000000000000e+00
2.871892161511555575e+00 -2.910909204893366109e+01 2.481764386013704526e-01 1.000000000000000000e+00
2.886251622319113253e+00 -2.795003136652755060e+01 1.666871968664713211e-01 1.000000000000000000e+00
2.900611083126670930e+00 -2.676858310691148901e+01 8.506444105994828697e-02 1.000000000000000000e+00
2.914970543934228608e+00 -2.556569359332158697e+01 3.373549847170895927e-03 1.000000000000000000e+00
2.929330004741786286e+00 -2.434232632313306155e+01 -7.832004353100861793e-02 1.000000000000000000e+00
2.943689465549344408e+00 -2.309946119611268145e+01 -1.599509036693368691e-01 1.000000000000000000e+00
2.958048926356902086e+00 -2.183809372953308525e+01 -2.414536454109847963e-01 1.000000000000000000e+00
2.972408387164459764e+00 -2.055923426077724159e+01 -3.227629862201505384e-01 1.000000000000000000e+00
2.986767847972017442e+00 -1.926390713807299804e+01 -4.038137984724154417e-01 1.000000000000000000e+00
3.001127308779575564e+00 -1.795314990000453648e+01 -4.845411616210568706e-01 1.000000000000000000e+00
3.015486769587133242e+00 -1.662801244445875426e+01 -5.648804141974795856e-01 1.000000000000000000e+00
3.029846230394690920e+00 -1.528955618767204605e+01 -6.447672056041310329e-01 1.000000000000000000e+00
3.044205691202248598e+00 -1.393885321405097066e+01 -7.241375476584142046e-01 1.000000000000000000e+00
3.058565152009806276e+00 -1.257698541744796117e+01 -8.029278658463084861e-01 1.000000000000000000e+00
3.072924612817364398e+00 -1.120504363457954788e+01 -8.810750502446623722e-01 1.000000000000000000e+00
3.087284073624922076e+00 -9.824126771282088555e+00 -9.585165060713191076e-01 1.000000000000000000e+00
3.101643534432479754e+00 -8.435340922303462108e+00 -1.035190203822667909e+00 1.000000000000000000e+00
3.116002995240037432e+00 -7.039798485336968170e+00 -1.111034728958390616e+00 1.000000000000000000e+00
3.130362456047595554e+00 -5.638617270006773374e+00 -1.185989331093625143e+00 1.000000000000000000e+00
3.144721916855153232e+00 -4.232919602518329327e+00 -1.259993972659158468e+00 1.000000000000000000e+00
3.159081377662710910e+00 -2.823831426690879720e+00 -1.332989376990673991e+00 1.000000000000000000e+00
3.173440838470268588e+00 -1.412481402092487182e+00 -1.404917075808516769e+00 1.000000000000000000e+00
3.187800299277826266e+00 -1.222516345251140516e-14 -1.475719456049940037e+00 1.000000000000000000e+00
