0.000000000000000000e+00 0.000000000000000000e+00 -7.244443697168012619e-01 1.000000000000000000e+00
7.159835574980156180e-03 2.212308979422636657e-01 -7.215026345869380853e-01 1.000000000000000000e+00
1.431967114996031236e-02 4.424136700307146897e-01 -7.184039461081501710e-01 1.000000000000000000e+00
2.147950672494046767e-02 6.635002008806828444e-01 -7.151489783591046256e-01 1.000000000000000000e+00
2.863934229992062472e-02 8.844423960435052745e-01 -7.117384394149549598e-01 1.000000000000000000e+00
3.579917787490077830e-02 1.105192192468838597e+00 -7.081730711933093003e-01 1.000000000000000000e+00
4.295901344988093534e-02 1.325701568960137022e+00 -7.044536492928361593e-01 1.000000000000000000e+00
5.011884902486109239e-02 1.545922556621030619e+00 -7.005809828245423976e-01 1.000000000000000000e+00
5.727868459984124944e-02 1.765807249290320957e+00 -6.965559142357629074e-01 1.000000000000000000e+00
6.443852017482140648e-02 1.985307813963336221e+00 -6.923793191268963199e-01 1.000000000000000000e+00
7.159835574980155659e-02 2.204376501197364391e+00 -6.880521060609308126e-01 1.000000000000000000e+00
7.875819132478172058e-02 2.422965655498916515e+00 -6.835752163657973224e-01 1.000000000000000000e+00
8.591802689976187068e-02 2.641027725690542560e+00 -6.789496239295963464e-01 1.000000000000000000e+00
9.307786247474203467e-02 2.858515275254968735e+00 -6.741763349887418544e-01 1.000000000000000000e+00
1.002376980497221848e-01 3.075380992654277446e+00 -6.692563879090674961e-01 1.000000000000000000e+00
1.073975336247023488e-01 3.291577701621908325e+00 -6.641908529599439559e-01 1.000000000000000000e+00
1.145573691996824989e-01 3.507058371425232579e+00 -6.589808320814561915e-01 1.000000000000000000e+00
1.217172047746626490e-01 3.721776127096462883e+00 -6.536274586446904067e-01 1.000000000000000000e+00
1.288770403496428130e-01 3.935684259629686377e+00 -6.481318972051851590e-01 1.000000000000000000e+00
1.360368759246229631e-01 4.148736236141785660e+00 -6.424953432495964512e-01 1.000000000000000000e+00
1.431967114996031132e-01 4.360885709995055315e+00 -6.367190229356366471e-01 1.000000000000000000e+00
1.503565470745832910e-01 4.572086530879299282e+00 -6.308041928253389496e-01 1.000000000000000000e+00
1.575163826495634412e-01 4.782292754851218852e+00 -6.247521396117103887e-01 1.000000000000000000e+00
1.646762182245435913e-01 4.991458654328908118e+00 -6.185641798388271662e-01 1.000000000000000000e+00
1.718360537995237414e-01 5.199538728039290625e+00 -6.122416596154389712e-01 1.000000000000000000e+00
1.789958893745038915e-01 5.406487710916309197e+00 -6.057859543221408849e-01 1.000000000000000000e+00
1.861557249494840693e-01 5.612260583947751513e+00 -5.991984683121766020e-01 1.000000000000000000e+00
1.933155605244642194e-01 5.816812583968530959e+00 -5.924806346059412476e-01 1.000000000000000000e+00
2.004753960994443696e-01 6.020099213398332871e+00 -5.856339145792454071e-01 1.000000000000000000e+00
2.076352316744245197e-01 6.222076249921460800e+00 -5.786597976454134207e-01 1.000000000000000000e+00
2.147950672494046975e-01 6.422699756106827529e+00 -5.715598009312803374e-01 1.000000000000000000e+00
2.219549028243848476e-01 6.621926088965952140e+00 -5.643354689471614671e-01 1.000000000000000000e+00
2.291147383993649977e-01 6.819711909446921183e+00 -5.569883732508645879e-01 1.000000000000000000e+00
2.362745739743451479e-01 7.016014191862224969e+00 -5.495201121058179705e-01 1.000000000000000000e+00
2.434344095493252980e-01 7.210790233248422609e+00 -5.419323101333901604e-01 1.000000000000000000e+00
2.505942451243054481e-01 7.403997662655608991e+00 -5.342266179594737929e-01 1.000000000000000000e+00
2.577540806992856259e-01 7.595594450364655081e+00 -5.264047118554151528e-01 1.000000000000000000e+00
2.649139162742658038e-01 7.785538917030220496e+00 -5.184682933733626431e-01 1.000000000000000000e+00
2.720737518492459261e-01 7.973789742747527498e+00 -5.104190889761170968e-01 1.000000000000000000e+00
2.792335874242261040e-01 8.160305976040982401e+00 -5.022588496615620901e-01 1.000000000000000000e+00
2.863934229992062264e-01 8.345047042772607782e+00 -4.939893505817584685e-01 1.000000000000000000e+00
2.935532585741864042e-01 8.527972754968429214e+00 -4.856123906567823001e-01 1.000000000000000000e+00
3.007130941491665821e-01 8.709043319560809238e+00 -4.771297921833945743e-01 1.000000000000000000e+00
3.078729297241467044e-01 8.888219347044923779e+00 -4.685434004386244689e-01 1.000000000000000000e+00
3.150327652991268823e-01 9.065461860047431486e+00 -4.598550832783533382e-01 1.000000000000000000e+00
3.221926008741070047e-01 9.240732301805458349e+00 -4.510667307309879082e-01 1.000000000000000000e+00
3.293524364490871825e-01 9.413992544554149688e+00 -4.421802545863090517e-01 1.000000000000000000e+00
3.365122720240673604e-01 9.585204897820821301e+00 -4.331975879795880169e-01 1.000000000000000000e+00
3.436721075990474827e-01 9.754332116624052418e+00 -4.241206849710577043e-01 1.000000000000000000e+00
3.508319431740276606e-01 9.921337409575823330e+00 -4.149515201208329729e-01 1.000000000000000000e+00
3.579917787490077830e-01 1.008618444688500126e+01 -4.056920880593711809e-01 1.000000000000000000e+00
3.651516143239879608e-01 1.024883736826040170e+01 -3.963444030535669960e-01 1.000000000000000000e+00
3.723114498989681387e-01 1.040926079071172339e+01 -3.869104985685749565e-01 1.000000000000000000e+00
3.794712854739482610e-01 1.056741981624664639e+01 -3.773924268254562620e-01 1.000000000000000000e+00
3.866311210489284389e-01 1.072328003946243768e+01 -3.677922583547448276e-01 1.000000000000000000e+00
3.937909566239086168e-01 1.087680755503036956e+01 -3.581120815460315243e-01 1.000000000000000000e+00
4.009507921988887391e-01 1.102796896507139834e+01 -3.483540021936620823e-01 1.000000000000000000e+00
4.081106277738689170e-01 1.117673138642142838e+01 -3.385201430386494126e-01 1.000000000000000000e+00
4.152704633488490393e-01 1.132306245778458553e+01 -3.286126433068996544e-01 1.000000000000000000e+00
4.224302989238292172e-01 1.146693034677302059e+01 -3.186336582438515364e-01 1.000000000000000000e+00
4.295901344988093951e-01 1.160830375683160476e+01 -3.085853586456319686e-01 1.000000000000000000e+00
4.367499700737895174e-01 1.174715193404607660e+01 -2.984699303868272868e-01 1.000000000000000000e+00
4.439098056487696953e-01 1.188344467383317671e+01 -2.882895739449753414e-01 1.000000000000000000e+00
4.510696412237498176e-01 1.201715232751122109e+01 -2.780465039218811274e-01 1.000000000000000000e+00
4.582294767987299955e-01 1.214824580874980064e+01 -2.677429485618589844e-01 1.000000000000000000e+00
4.653893123737101734e-01 1.227669659989711803e+01 -2.573811492670080581e-01 1.000000000000000000e+00
4.725491479486902957e-01 1.240247675818362971e+01 -2.469633601096245523e-01 1.000000000000000000e+00
4.797089835236704736e-01 1.252555892180062891e+01 -2.364918473418579359e-01 1.000000000000000000e+00
4.868688190986505959e-01 1.264591631585243370e+01 -2.259688889027184899e-01 1.000000000000000000e+00
4.940286546736307738e-01 1.276352275818092963e+01 -2.153967739225409739e-01 1.000000000000000000e+00
5.011884902486108961e-01 1.287835266506112575e+01 -2.047778022250155427e-01 1.000000000000000000e+00
5.083483258235911295e-01 1.299038105676658006e+01 -1.941142838268905546e-01 1.000000000000000000e+00
5.155081613985712519e-01 1.309958356300338878e+01 -1.834085384354602333e-01 1.000000000000000000e+00
5.226679969735513742e-01 1.320593642821164337e+01 -1.726628949439413252e-01 1.000000000000000000e+00
5.298278325485316076e-01 1.330941651673311732e+01 -1.618796909248547411e-01 1.000000000000000000e+00
5.369876681235117299e-01 1.341000131784413263e+01 -1.510612721215172649e-01 1.000000000000000000e+00
5.441475036984918523e-01 1.350766895065246409e+01 -1.402099919377555459e-01 1.000000000000000000e+00
5.513073392734719746e-01 1.360239816885725261e+01 -1.293282109259546730e-01 1.000000000000000000e+00
5.584671748484522080e-01 1.369416836537082816e+01 -1.184182962735511324e-01 1.000000000000000000e+00
5.656270104234323304e-01 1.378295957680154160e+01 -1.074826212880829884e-01 1.000000000000000000e+00
5.727868459984124527e-01 1.386875248779650960e+01 -9.652356488090749198e-02 1.000000000000000000e+00
5.799466815733926861e-01 1.395152843524343922e+01 -8.554351104970026043e-02 1.000000000000000000e+00
5.871065171483728085e-01 1.403126941233051639e+01 -7.454484835984959146e-02 1.000000000000000000e+00
5.942663527233529308e-01 1.410795807246356226e+01 -6.352996942485403253e-02 1.000000000000000000e+00
6.014261882983331642e-01 1.418157773303955516e+01 -5.250127038584162520e-02 1.000000000000000000e+00
6.085860238733132865e-01 1.425211237907570450e+01 -4.146115039032162441e-02 1.000000000000000000e+00
6.157458594482934089e-01 1.431954666669330933e+01 -3.041201107028071796e-02 1.000000000000000000e+00
6.229056950232736423e-01 1.438386592645560569e+01 -1.935625601974028456e-02 1.000000000000000000e+00
6.300655305982537646e-01 1.444505616655890279e+01 -8.296290271886788692e-03 1.000000000000000000e+00
6.372253661732338870e-01 1.450310407587633499e+01 2.765480224112146657e-03 1.000000000000000000e+00
6.443852017482140093e-01 1.455799702685350816e+01 1.382664912649017065e-02 1.000000000000000000e+00
6.515450373231942427e-01 1.460972307825545968e+01 2.488481022434932410e-02 1.000000000000000000e+00
6.587048728981743650e-01 1.465827097776429966e+01 3.593755796109938255e-02 1.000000000000000000e+00
6.658647084731544874e-01 1.470363016442704129e+01 4.698248795775568365e-02 1.000000000000000000e+00
6.730245440481347208e-01 1.474579077095296142e+01 5.801719753597944784e-02 1.000000000000000000e+00
6.801843796231148431e-01 1.478474362586011104e+01 6.903928624074814890e-02 1.000000000000000000e+00
6.873442151980949655e-01 1.482048025547045533e+01 8.004635636254377185e-02 1.000000000000000000e+00
6.945040507730751989e-01 1.485299288575321164e+01 9.103601345894206387e-02 1.000000000000000000e+00
7.016638863480553212e-01 1.488227444401596067e+01 1.020058668754919712e-01 1.000000000000000000e+00
7.088237219230354436e-01 1.490831856044325754e+01 1.129535302657709017e-01 1.000000000000000000e+00
7.159835574980155659e-01 1.493111956948226826e+01 1.238766221105028070e-01 1.000000000000000000e+00
7.231433930729957993e-01 1.495067251107525585e+01 1.347727662356262845e-01 1.000000000000000000e+00
7.303032286479759216e-01 1.496697313173856259e+01 1.456395923291992078e-01 1.000000000000000000e+00
7.374630642229560440e-01 1.498001788548790891e+01 1.564747364570296950e-01 1.000000000000000000e+00
7.446228997979362774e-01 1.498980393460975513e+01 1.672758415769181328e-01 1.000000000000000000e+00
7.517827353729163997e-01 1.499632915027864932e+01 1.780405580514000108e-01 1.000000000000000000e+00
7.589425709478965221e-01 1.499959211302026674e+01 1.887665441588798898e-01 1.000000000000000000e+00
7.661024065228767554e-01 1.499959211302026674e+01 1.994514666030406391e-01 1.000000000000000000e+00
7.732622420978568778e-01 1.499632915027864932e+01 2.100930010204213327e-01 1.000000000000000000e+00
7.804220776728370002e-01 1.498980393460975868e+01 2.206888324860523665e-01 1.000000000000000000e+00
7.875819132478172335e-01 1.498001788548790714e+01 2.312366560170364960e-01 1.000000000000000000e+00
7.947417488227973559e-01 1.496697313173856436e+01 2.417341770739667717e-01 1.000000000000000000e+00
8.019015843977774782e-01 1.495067251107525585e+01 2.521791120600741509e-01 1.000000000000000000e+00
8.090614199727576006e-01 1.493111956948227359e+01 2.625691888179932376e-01 1.000000000000000000e+00
8.162212555477378340e-01 1.490831856044325754e+01 2.729021471240400398e-01 1.000000000000000000e+00
8.233810911227179563e-01 1.488227444401596067e+01 2.831757391798938039e-01 1.000000000000000000e+00
8.305409266976980787e-01 1.485299288575321164e+01 2.933877301015758166e-01 1.000000000000000000e+00
8.377007622726783120e-01 1.482048025547045889e+01 3.035358984056188980e-01 1.000000000000000000e+00
8.448605978476584344e-01 1.478474362586011104e+01 3.136180364923212283e-01 1.000000000000000000e+00
8.520204334226385567e-01 1.474579077095296498e+01 3.236319511259813653e-01 1.000000000000000000e+00
8.591802689976187901e-01 1.470363016442704129e+01 3.335754639120069309e-01 1.000000000000000000e+00
8.663401045725989125e-01 1.465827097776430321e+01 3.434464117707954900e-01 1.000000000000000000e+00
8.734999401475790348e-01 1.460972307825546146e+01 3.532426474082841494e-01 1.000000000000000000e+00
8.806597757225591572e-01 1.455799702685351349e+01 3.629620397830655154e-01 1.000000000000000000e+00
8.878196112975393905e-01 1.450310407587633676e+01 3.726024745699665353e-01 1.000000000000000000e+00
8.949794468725195129e-01 1.444505616655890279e+01 3.821618546199920252e-01 1.000000000000000000e+00
9.021392824474996353e-01 1.438386592645560569e+01 3.916381004165325752e-01 1.000000000000000000e+00
9.092991180224798686e-01 1.431954666669331111e+01 4.010291505277352453e-01 1.000000000000000000e+00
9.164589535974599910e-01 1.425211237907570627e+01 4.103329620549404089e-01 1.000000000000000000e+00
9.236187891724401133e-01 1.418157773303955516e+01 4.195475110770883198e-01 1.000000000000000000e+00
9.307786247474203467e-01 1.410795807246356404e+01 4.286707930909957609e-01 1.000000000000000000e+00
9.379384603224004691e-01 1.403126941233051994e+01 4.377008234474085158e-01 1.000000000000000000e+00
9.450982958973805914e-01 1.395152843524344100e+01 4.466356377827372937e-01 1.000000000000000000e+00
9.522581314723608248e-01 1.386875248779651137e+01 4.554732924463774646e-01 1.000000000000000000e+00
9.594179670473409471e-01 1.378295957680154160e+01 4.642118649235247307e-01 1.000000000000000000e+00
9.665778026223210695e-01 1.369416836537082993e+01 4.728494542533935308e-01 1.000000000000000000e+00
9.737376381973011918e-01 1.360239816885725439e+01 4.813841814427454180e-01 1.000000000000000000e+00
9.808974737722814252e-01 1.350766895065246764e+01 4.898141898746394829e-01 1.000000000000000000e+00
9.880573093472615476e-01 1.341000131784413441e+01 4.981376457123135593e-01 1.000000000000000000e+00
9.952171449222416699e-01 1.330941651673311910e+01 5.063527382981130032e-01 1.000000000000000000e+00
1.002376980497221792e+00 1.320593642821164515e+01 5.144576805473742853e-01 1.000000000000000000e+00
1.009536816072202026e+00 1.309958356300339055e+01 5.224507093371814070e-01 1.000000000000000000e+00
1.016696651647182259e+00 1.299038105676657651e+01 5.303300858899107073e-01 1.000000000000000000e+00
1.023856487222162270e+00 1.287835266506112752e+01 5.380940961514777410e-01 1.000000000000000000e+00
1.031016322797142504e+00 1.276352275818093496e+01 5.457410511642089013e-01 1.000000000000000000e+00
1.038176158372122737e+00 1.264591631585243903e+01 5.532692874342499678e-01 1.000000000000000000e+00
1.045335993947102748e+00 1.252555892180063424e+01 5.606771672934376394e-01 1.000000000000000000e+00
1.052495829522082982e+00 1.240247675818362971e+01 5.679630792555540042e-01 1.000000000000000000e+00
1.059655665097063215e+00 1.227669659989711803e+01 5.751254383668816805e-01 1.000000000000000000e+00
1.066815500672043227e+00 1.214824580874980242e+01 5.821626865509913484e-01 1.000000000000000000e+00
1.073975336247023460e+00 1.201715232751122464e+01 5.890732929476798496e-01 1.000000000000000000e+00
1.081135171822003693e+00 1.188344467383317493e+01 5.958557542459893552e-01 1.000000000000000000e+00
1.088295007396983705e+00 1.174715193404608016e+01 6.025085950112307742e-01 1.000000000000000000e+00
1.095454842971963938e+00 1.160830375683160476e+01 6.090303680059478975e-01 1.000000000000000000e+00
1.102614678546943949e+00 1.146693034677302414e+01 6.154196545047424527e-01 1.000000000000000000e+00
1.109774514121924183e+00 1.132306245778459264e+01 6.216750646029002292e-01 1.000000000000000000e+00
1.116934349696904416e+00 1.117673138642142838e+01 6.277952375187461076e-01 1.000000000000000000e+00
1.124094185271884427e+00 1.102796896507140367e+01 6.337788418896632692e-01 1.000000000000000000e+00
1.131254020846864661e+00 1.087680755503036956e+01 6.396245760617159659e-01 1.000000000000000000e+00
1.138413856421844894e+00 1.072328003946243768e+01 6.453311683728036874e-01 1.000000000000000000e+00
1.145573691996824905e+00 1.056741981624665350e+01 6.508973774292972081e-01 1.000000000000000000e+00
1.152733527571805139e+00 1.040926079071172694e+01 6.563219923760866825e-01 1.000000000000000000e+00
1.159893363146785372e+00 1.024883736826040348e+01 6.616038331599857214e-01 1.000000000000000000e+00
1.167053198721765384e+00 1.008618444688500304e+01 6.667417507864382697e-01 1.000000000000000000e+00
1.174213034296745617e+00 9.921337409575826882e+00 6.717346275694660029e-01 1.000000000000000000e+00
1.181372869871725850e+00 9.754332116624052418e+00 6.765813773748063920e-01 1.000000000000000000e+00
1.188532705446705862e+00 9.585204897820826631e+00 6.812809458561870368e-01 1.000000000000000000e+00
1.195692541021686095e+00 9.413992544554149688e+00 6.858323106846845318e-01 1.000000000000000000e+00
1.202852376596666328e+00 9.240732301805460125e+00 6.902344817711185687e-01 1.000000000000000000e+00
1.210012212171646340e+00 9.065461860047436815e+00 6.944865014814329829e-01 1.000000000000000000e+00
1.217172047746626573e+00 8.888219347044923779e+00 6.985874448450163365e-01 1.000000000000000000e+00
1.224331883321606806e+00 8.709043319560809238e+00 7.025364197559161861e-01 1.000000000000000000e+00
1.231491718896586818e+00 8.527972754968432767e+00 7.063325671669065109e-01 1.000000000000000000e+00
1.238651554471567051e+00 8.345047042772614887e+00 7.099750612763606750e-01 1.000000000000000000e+00
1.245811390046547285e+00 8.160305976040978848e+00 7.134631097078943940e-01 1.000000000000000000e+00
1.252971225621527296e+00 7.973789742747530163e+00 7.167959536827360756e-01 1.000000000000000000e+00
1.260131061196507529e+00 7.785538917030217831e+00 7.199728681847903378e-01 1.000000000000000000e+00
1.267290896771487541e+00 7.595594450364662187e+00 7.229931621183538493e-01 1.000000000000000000e+00
1.274450732346467774e+00 7.403997662655616097e+00 7.258561784584557364e-01 1.000000000000000000e+00
1.281610567921448007e+00 7.210790233248423498e+00 7.285612943937841424e-01 1.000000000000000000e+00
1.288770403496428019e+00 7.016014191862232963e+00 7.311079214621695188e-01 1.000000000000000000e+00
1.295930239071408252e+00 6.819711909446923848e+00 7.334955056785985583e-01 1.000000000000000000e+00
1.303090074646388485e+00 6.621926088965955692e+00 7.357235276557252401e-01 1.000000000000000000e+00
1.310249910221368497e+00 6.422699756106830193e+00 7.377915027168564510e-01 1.000000000000000000e+00
1.317409745796348730e+00 6.222076249921464353e+00 7.396989810013878675e-01 1.000000000000000000e+00
1.324569581371328963e+00 6.020099213398337312e+00 7.414455475626645642e-01 1.000000000000000000e+00
1.331729416946308975e+00 5.816812583968536288e+00 7.430308224582472532e-01 1.000000000000000000e+00
1.338889252521289208e+00 5.612260583947755954e+00 7.444544608325637247e-01 1.000000000000000000e+00
1.346049088096269442e+00 5.406487710916309197e+00 7.457161529919279497e-01 1.000000000000000000e+00
1.353208923671249453e+00 5.199538728039296842e+00 7.468156244719094117e-01 1.000000000000000000e+00
1.360368759246229686e+00 4.991458654328909006e+00 7.477526360970391250e-01 1.000000000000000000e+00
1.367528594821209920e+00 4.782292754851218852e+00 7.485269840328399038e-01 1.000000000000000000e+00
1.374688430396189931e+00 4.572086530879301058e+00 7.491384998301666709e-01 1.000000000000000000e+00
1.381848265971170164e+00 4.360885709995057979e+00 7.495870504618514785e-01 1.000000000000000000e+00
1.389008101546150398e+00 4.148736236141788325e+00 7.498725383516409160e-01 1.000000000000000000e+00
1.396167937121130409e+00 3.935684259629690374e+00 7.499949013954227972e-01 1.000000000000000000e+00
1.403327772696110642e+00 3.721776127096467324e+00 7.499541129747369084e-01 1.000000000000000000e+00
1.410487608271090876e+00 3.507058371425230803e+00 7.497501819625644881e-01 1.000000000000000000e+00
1.417647443846070887e+00 3.291577701621914098e+00 7.493831527213974386e-01 1.000000000000000000e+00
1.424807279421051120e+00 3.075380992654277001e+00 7.488531050935898215e-01 1.000000000000000000e+00
1.431967114996031132e+00 2.858515275254975396e+00 7.481601543839879742e-01 1.000000000000000000e+00
1.439126950571011365e+00 2.641027725690543448e+00 7.473044513348472417e-01 1.000000000000000000e+00
1.446286786145991599e+00 2.422965655498917403e+00 7.462861820930406509e-01 1.000000000000000000e+00
1.453446621720971610e+00 2.204376501197373717e+00 7.451055681695646360e-01 1.000000000000000000e+00
1.460606457295951843e+00 1.985307813963339107e+00 7.437628663913526950e-01 1.000000000000000000e+00
1.467766292870932077e+00 1.765807249290324510e+00 7.422583688454057471e-01 1.000000000000000000e+00
1.474926128445912088e+00 1.545922556621034616e+00 7.405924028152526262e-01 1.000000000000000000e+00
1.482085964020892321e+00 1.325701568960141907e+00 7.387653307097536981e-01 1.000000000000000000e+00
1.489245799595872555e+00 1.105192192468837487e+00 7.367775499842639242e-01 1.000000000000000000e+00
1.496405635170852566e+00 8.844423960435113807e-01 7.346294930541715784e-01 1.000000000000000000e+00
1.503565470745832799e+00 6.635002008806895057e-01 7.323216272008316041e-01 1.000000000000000000e+00
1.510725306320813033e+00 4.424136700307152448e-01 7.298544544699153702e-01 1.000000000000000000e+00
1.517885141895793044e+00 2.212308979422715760e-01 7.272285115621971441e-01 1.000000000000000000e+00
1.525044977470773278e+00 1.836970198721029589e-15 7.244443697168013729e-01 1.000000000000000000e+00
1.532204813045753511e+00 -2.212308979422612232e-01 7.215026345869380853e-01 1.000000000000000000e+00
1.539364648620733522e+00 -4.424136700307115810e-01 7.184039461081501710e-01 1.000000000000000000e+00
1.546524484195713756e+00 -6.635002008806789586e-01 7.151489783591047367e-01 1.000000000000000000e+00
1.553684319770693989e+00 -8.844423960435077170e-01 7.117384394149549598e-01 1.000000000000000000e+00
1.560844155345674000e+00 -1.105192192468833712e+00 7.081730711933095224e-01 1.000000000000000000e+00
1.568003990920654234e+00 -1.325701568960131693e+00 7.044536492928362703e-01 1.000000000000000000e+00
1.575163826495634467e+00 -1.545922556621030841e+00 7.005809828245423976e-01 1.000000000000000000e+00
1.582323662070614478e+00 -1.765807249290314296e+00 6.965559142357629074e-01 1.000000000000000000e+00
1.589483497645594712e+00 -1.985307813963335555e+00 6.923793191268964309e-01 1.000000000000000000e+00
1.596643333220574723e+00 -2.204376501197357285e+00 6.880521060609310346e-01 1.000000000000000000e+00
1.603803168795554956e+00 -2.422965655498914295e+00 6.835752163657973224e-01 1.000000000000000000e+00
1.610963004370535190e+00 -2.641027725690540340e+00 6.789496239295963464e-01 1.000000000000000000e+00
1.618122839945515201e+00 -2.858515275254965626e+00 6.741763349887419654e-01 1.000000000000000000e+00
1.625282675520495435e+00 -3.075380992654273449e+00 6.692563879090676071e-01 1.000000000000000000e+00
1.632442511095475668e+00 -3.291577701621904328e+00 6.641908529599440669e-01 1.000000000000000000e+00
1.639602346670455679e+00 -3.507058371425228138e+00 6.589808320814563025e-01 1.000000000000000000e+00
1.646762182245435913e+00 -3.721776127096457998e+00 6.536274586446905177e-01 1.000000000000000000e+00
1.653922017820416146e+00 -3.935684259629686377e+00 6.481318972051852700e-01 1.000000000000000000e+00
1.661081853395396157e+00 -4.148736236141779443e+00 6.424953432495965622e-01 1.000000000000000000e+00
1.668241688970376391e+00 -4.360885709995055315e+00 6.367190229356367581e-01 1.000000000000000000e+00
1.675401524545356624e+00 -4.572086530879297506e+00 6.308041928253391717e-01 1.000000000000000000e+00
1.682561360120336635e+00 -4.782292754851210859e+00 6.247521396117104997e-01 1.000000000000000000e+00
1.689721195695316869e+00 -4.991458654328906341e+00 6.185641798388272772e-01 1.000000000000000000e+00
1.696881031270297102e+00 -5.199538728039287960e+00 6.122416596154393043e-01 1.000000000000000000e+00
1.704040866845277113e+00 -5.406487710916305645e+00 6.057859543221411069e-01 1.000000000000000000e+00
1.711200702420257347e+00 -5.612260583947747072e+00 5.991984683121769351e-01 1.000000000000000000e+00
1.718360537995237580e+00 -5.816812583968532735e+00 5.924806346059410256e-01 1.000000000000000000e+00
1.725520373570217592e+00 -6.020099213398328430e+00 5.856339145792456291e-01 1.000000000000000000e+00
1.732680209145197825e+00 -6.222076249921462576e+00 5.786597976454133097e-01 1.000000000000000000e+00
1.739840044720178058e+00 -6.422699756106826641e+00 5.715598009312802263e-01 1.000000000000000000e+00
1.746999880295158070e+00 -6.621926088965945034e+00 5.643354689471619112e-01 1.000000000000000000e+00
1.754159715870138303e+00 -6.819711909446921183e+00 5.569883732508645879e-01 1.000000000000000000e+00
1.761319551445118314e+00 -7.016014191862216975e+00 5.495201121058184146e-01 1.000000000000000000e+00
1.768479387020098548e+00 -7.210790233248420833e+00 5.419323101333900494e-01 1.000000000000000000e+00
1.775639222595078781e+00 -7.403997662655607215e+00 5.342266179594737929e-01 1.000000000000000000e+00
1.782799058170058792e+00 -7.595594450364654193e+00 5.264047118554151528e-01 1.000000000000000000e+00
1.789958893745039026e+00 -7.785538917030214279e+00 5.184682933733627541e-01 1.000000000000000000e+00
1.797118729320019259e+00 -7.973789742747529274e+00 5.104190889761170968e-01 1.000000000000000000e+00
1.804278564894999271e+00 -8.160305976040978848e+00 5.022588496615623121e-01 1.000000000000000000e+00
1.811438400469979504e+00 -8.345047042772606005e+00 4.939893505817585240e-01 1.000000000000000000e+00
1.818598236044959737e+00 -8.527972754968429214e+00 4.856123906567824111e-01 1.000000000000000000e+00
1.825758071619939749e+00 -8.709043319560800356e+00 4.771297921833947964e-01 1.000000000000000000e+00
1.832917907194919982e+00 -8.888219347044923779e+00 4.685434004386246354e-01 1.000000000000000000e+00
1.840077742769900215e+00 -9.065461860047427933e+00 4.598550832783535602e-01 1.000000000000000000e+00
1.847237578344880227e+00 -9.240732301805458349e+00 4.510667307309880747e-01 1.000000000000000000e+00
1.854397413919860460e+00 -9.413992544554146136e+00 4.421802545863093292e-01 1.000000000000000000e+00
1.861557249494840693e+00 -9.585204897820823078e+00 4.331975879795878503e-01 1.000000000000000000e+00
1.868717085069820705e+00 -9.754332116624048865e+00 4.241206849710580373e-01 1.000000000000000000e+00
1.875876920644800938e+00 -9.921337409575818000e+00 4.149515201208333059e-01 1.000000000000000000e+00
1.883036756219781171e+00 -1.008618444688500126e+01 4.056920880593709589e-01 1.000000000000000000e+00
1.890196591794761183e+00 -1.024883736826039460e+01 3.963444030535674401e-01 1.000000000000000000e+00
1.897356427369741416e+00 -1.040926079071172339e+01 3.869104985685748455e-01 1.000000000000000000e+00
1.904516262944721650e+00 -1.056741981624664639e+01 3.773924268254560954e-01 1.000000000000000000e+00
1.911676098519701661e+00 -1.072328003946243413e+01 3.677922583547447721e-01 1.000000000000000000e+00
1.918835934094681894e+00 -1.087680755503036778e+01 3.581120815460315243e-01 1.000000000000000000e+00
1.925995769669661906e+00 -1.102796896507139479e+01 3.483540021936626374e-01 1.000000000000000000e+00
1.933155605244642139e+00 -1.117673138642142483e+01 3.385201430386494126e-01 1.000000000000000000e+00
1.940315440819622372e+00 -1.132306245778458376e+01 3.286126433068996544e-01 1.000000000000000000e+00
1.947475276394602384e+00 -1.146693034677301526e+01 3.186336582438522580e-01 1.000000000000000000e+00
1.954635111969582617e+00 -1.160830375683160476e+01 3.085853586456321351e-01 1.000000000000000000e+00
1.961794947544562850e+00 -1.174715193404607838e+01 2.984699303868273979e-01 1.000000000000000000e+00
1.968954783119542862e+00 -1.188344467383317671e+01 2.882895739449754524e-01 1.000000000000000000e+00
1.976114618694523095e+00 -1.201715232751122109e+01 2.780465039218812384e-01 1.000000000000000000e+00
1.983274454269503329e+00 -1.214824580874980064e+01 2.677429485618592064e-01 1.000000000000000000e+00
1.990434289844483340e+00 -1.227669659989711803e+01 2.573811492670083356e-01 1.000000000000000000e+00
1.997594125419463573e+00 -1.240247675818362971e+01 2.469633601096248021e-01 1.000000000000000000e+00
2.004753960994443585e+00 -1.252555892180062713e+01 2.364918473418582412e-01 1.000000000000000000e+00
2.011913796569424040e+00 -1.264591631585243192e+01 2.259688889027187675e-01 1.000000000000000000e+00
2.019073632144404051e+00 -1.276352275818092785e+01 2.153967739225413347e-01 1.000000000000000000e+00
2.026233467719384063e+00 -1.287835266506112042e+01 2.047778022250159036e-01 1.000000000000000000e+00
2.033393303294364518e+00 -1.299038105676658006e+01 1.941142838268904713e-01 1.000000000000000000e+00
2.040553138869344529e+00 -1.309958356300338345e+01 1.834085384354606219e-01 1.000000000000000000e+00
2.047712974444324541e+00 -1.320593642821163982e+01 1.726628949439417138e-01 1.000000000000000000e+00
2.054872810019304996e+00 -1.330941651673311910e+01 1.618796909248546578e-01 1.000000000000000000e+00
2.062032645594285007e+00 -1.341000131784412908e+01 1.510612721215178200e-01 1.000000000000000000e+00
2.069192481169265019e+00 -1.350766895065246231e+01 1.402099919377561288e-01 1.000000000000000000e+00
2.076352316744245474e+00 -1.360239816885725261e+01 1.293282109259546175e-01 1.000000000000000000e+00
2.083512152319225486e+00 -1.369416836537082816e+01 1.184182962735512157e-01 1.000000000000000000e+00
2.090671987894205497e+00 -1.378295957680153450e+01 1.074826212880837240e-01 1.000000000000000000e+00
2.097831823469185952e+00 -1.386875248779651137e+01 9.652356488090740871e-02 1.000000000000000000e+00
2.104991659044165964e+00 -1.395152843524343922e+01 8.554351104970034370e-02 1.000000000000000000e+00
2.112151494619145975e+00 -1.403126941233051284e+01 7.454484835985035474e-02 1.000000000000000000e+00
2.119311330194126430e+00 -1.410795807246356226e+01 6.352996942485412968e-02 1.000000000000000000e+00
2.126471165769106442e+00 -1.418157773303955160e+01 5.250127038584188194e-02 1.000000000000000000e+00
2.133631001344086453e+00 -1.425211237907570450e+01 4.146115039032188809e-02 1.000000000000000000e+00
2.140790836919066908e+00 -1.431954666669330933e+01 3.041201107028097816e-02 1.000000000000000000e+00
2.147950672494046920e+00 -1.438386592645560036e+01 1.935625601974070784e-02 1.000000000000000000e+00
2.155110508069026931e+00 -1.444505616655890101e+01 8.296290271887215434e-03 1.000000000000000000e+00
2.162270343644007387e+00 -1.450310407587633676e+01 -2.765480224112554317e-03 1.000000000000000000e+00
2.169430179218987398e+00 -1.455799702685350816e+01 -1.382664912648991218e-02 1.000000000000000000e+00
2.176590014793967409e+00 -1.460972307825545968e+01 -2.488481022434890083e-02 1.000000000000000000e+00
2.183749850368947421e+00 -1.465827097776429966e+01 -3.593755796109895928e-02 1.000000000000000000e+00
2.190909685943927876e+00 -1.470363016442704129e+01 -4.698248795775525344e-02 1.000000000000000000e+00
2.198069521518907887e+00 -1.474579077095296142e+01 -5.801719753597885110e-02 1.000000000000000000e+00
2.205229357093887899e+00 -1.478474362586011104e+01 -6.903928624074756604e-02 1.000000000000000000e+00
2.212389192668868354e+00 -1.482048025547045889e+01 -8.004635636254384123e-02 1.000000000000000000e+00
2.219549028243848365e+00 -1.485299288575321164e+01 -9.103601345894146712e-02 1.000000000000000000e+00
2.226708863818828377e+00 -1.488227444401596067e+01 -1.020058668754913883e-01 1.000000000000000000e+00
2.233868699393808832e+00 -1.490831856044325754e+01 -1.129535302657709850e-01 1.000000000000000000e+00
2.241028534968788843e+00 -1.493111956948226826e+01 -1.238766221105022242e-01 1.000000000000000000e+00
2.248188370543768855e+00 -1.495067251107525585e+01 -1.347727662356255629e-01 1.000000000000000000e+00
2.255348206118749310e+00 -1.496697313173856259e+01 -1.456395923291991246e-01 1.000000000000000000e+00
2.262508041693729322e+00 -1.498001788548790891e+01 -1.564747364570295840e-01 1.000000000000000000e+00
2.269667877268709333e+00 -1.498980393460975513e+01 -1.672758415769172446e-01 1.000000000000000000e+00
2.276827712843689788e+00 -1.499632915027864932e+01 -1.780405580513999275e-01 1.000000000000000000e+00
2.283987548418669800e+00 -1.499959211302026674e+01 -1.887665441588798065e-01 1.000000000000000000e+00
2.291147383993649811e+00 -1.499959211302026674e+01 -1.994514666030397787e-01 1.000000000000000000e+00
2.298307219568630266e+00 -1.499632915027864932e+01 -2.100930010204210552e-01 1.000000000000000000e+00
2.305467055143610278e+00 -1.498980393460975868e+01 -2.206888324860521444e-01 1.000000000000000000e+00
2.312626890718590289e+00 -1.498001788548790714e+01 -2.312366560170360796e-01 1.000000000000000000e+00
2.319786726293570744e+00 -1.496697313173856436e+01 -2.417341770739663553e-01 1.000000000000000000e+00
2.326946561868550756e+00 -1.495067251107525941e+01 -2.521791120600737623e-01 1.000000000000000000e+00
2.334106397443530767e+00 -1.493111956948226826e+01 -2.625691888179928490e-01 1.000000000000000000e+00
2.341266233018511222e+00 -1.490831856044325754e+01 -2.729021471240402619e-01 1.000000000000000000e+00
2.348426068593491234e+00 -1.488227444401596422e+01 -2.831757391798934154e-01 1.000000000000000000e+00
2.355585904168471245e+00 -1.485299288575321164e+01 -2.933877301015754280e-01 1.000000000000000000e+00
2.362745739743451701e+00 -1.482048025547045533e+01 -3.035358984056189535e-01 1.000000000000000000e+00
2.369905575318431712e+00 -1.478474362586011637e+01 -3.136180364923206731e-01 1.000000000000000000e+00
2.377065410893411723e+00 -1.474579077095296498e+01 -3.236319511259808102e-01 1.000000000000000000e+00
2.384225246468392179e+00 -1.470363016442704129e+01 -3.335754639120068754e-01 1.000000000000000000e+00
2.391385082043372190e+00 -1.465827097776429966e+01 -3.434464117707953790e-01 1.000000000000000000e+00
2.398544917618352201e+00 -1.460972307825546146e+01 -3.532426474082836498e-01 1.000000000000000000e+00
2.405704753193332657e+00 -1.455799702685350816e+01 -3.629620397830656264e-01 1.000000000000000000e+00
2.412864588768312668e+00 -1.450310407587633676e+01 -3.726024745699664242e-01 1.000000000000000000e+00
2.420024424343292679e+00 -1.444505616655890812e+01 -3.821618546199913591e-01 1.000000000000000000e+00
2.427184259918273135e+00 -1.438386592645560569e+01 -3.916381004165324642e-01 1.000000000000000000e+00
2.434344095493253146e+00 -1.431954666669331111e+01 -4.010291505277349677e-01 1.000000000000000000e+00
2.441503931068233157e+00 -1.425211237907570627e+01 -4.103329620549401313e-01 1.000000000000000000e+00
2.448663766643213613e+00 -1.418157773303955516e+01 -4.195475110770880978e-01 1.000000000000000000e+00
2.455823602218193624e+00 -1.410795807246356404e+01 -4.286707930909953168e-01 1.000000000000000000e+00
2.462983437793173636e+00 -1.403126941233051994e+01 -4.377008234474083492e-01 1.000000000000000000e+00
2.470143273368154091e+00 -1.395152843524344100e+01 -4.466356377827371271e-01 1.000000000000000000e+00
2.477303108943134102e+00 -1.386875248779651493e+01 -4.554732924463771315e-01 1.000000000000000000e+00
2.484462944518114114e+00 -1.378295957680154338e+01 -4.642118649235243977e-01 1.000000000000000000e+00
2.491622780093094569e+00 -1.369416836537082638e+01 -4.728494542533938083e-01 1.000000000000000000e+00
2.498782615668074580e+00 -1.360239816885725439e+01 -4.813841814427451959e-01 1.000000000000000000e+00
2.505942451243054592e+00 -1.350766895065246942e+01 -4.898141898746389833e-01 1.000000000000000000e+00
2.513102286818034603e+00 -1.341000131784413796e+01 -4.981376457123131152e-01 1.000000000000000000e+00
2.520262122393015058e+00 -1.330941651673311732e+01 -5.063527382981131142e-01 1.000000000000000000e+00
2.527421957967995070e+00 -1.320593642821164693e+01 -5.144576805473738412e-01 1.000000000000000000e+00
2.534581793542975081e+00 -1.309958356300339233e+01 -5.224507093371809630e-01 1.000000000000000000e+00
2.541741629117955537e+00 -1.299038105676657651e+01 -5.303300858899105963e-01 1.000000000000000000e+00
2.548901464692935548e+00 -1.287835266506113285e+01 -5.380940961514774079e-01 1.000000000000000000e+00
2.556061300267915559e+00 -1.276352275818093673e+01 -5.457410511642084572e-01 1.000000000000000000e+00
2.563221135842896015e+00 -1.264591631585243903e+01 -5.532692874342497458e-01 1.000000000000000000e+00
2.570380971417876026e+00 -1.252555892180063246e+01 -5.606771672934376394e-01 1.000000000000000000e+00
2.577540806992856037e+00 -1.240247675818363859e+01 -5.679630792555533381e-01 1.000000000000000000e+00
2.584700642567836493e+00 -1.227669659989711803e+01 -5.751254383668814585e-01 1.000000000000000000e+00
2.591860478142816504e+00 -1.214824580874980420e+01 -5.821626865509911264e-01 1.000000000000000000e+00
2.599020313717796515e+00 -1.201715232751123352e+01 -5.890732929476794055e-01 1.000000000000000000e+00
2.606180149292776971e+00 -1.188344467383318204e+01 -5.958557542459890222e-01 1.000000000000000000e+00
2.613339984867756982e+00 -1.174715193404608016e+01 -6.025085950112305522e-01 1.000000000000000000e+00
2.620499820442736993e+00 -1.160830375683160476e+01 -6.090303680059476754e-01 1.000000000000000000e+00
2.627659656017717449e+00 -1.146693034677302414e+01 -6.154196545047423417e-01 1.000000000000000000e+00
2.634819491592697460e+00 -1.132306245778459264e+01 -6.216750646029001182e-01 1.000000000000000000e+00
2.641979327167677472e+00 -1.117673138642143194e+01 -6.277952375187457745e-01 1.000000000000000000e+00
2.649139162742657927e+00 -1.102796896507140723e+01 -6.337788418896631581e-01 1.000000000000000000e+00
2.656298998317637938e+00 -1.087680755503037489e+01 -6.396245760617155218e-01 1.000000000000000000e+00
2.663458833892617950e+00 -1.072328003946244301e+01 -6.453311683728033543e-01 1.000000000000000000e+00
2.670618669467598405e+00 -1.056741981624664639e+01 -6.508973774292974301e-01 1.000000000000000000e+00
2.677778505042578416e+00 -1.040926079071173049e+01 -6.563219923760863495e-01 1.000000000000000000e+00
2.684938340617558428e+00 -1.024883736826041059e+01 -6.616038331599853883e-01 1.000000000000000000e+00
2.692098176192538883e+00 -1.008618444688500126e+01 -6.667417507864382697e-01 1.000000000000000000e+00
2.699258011767518894e+00 -9.921337409575823330e+00 -6.717346275694660029e-01 1.000000000000000000e+00
2.706417847342498906e+00 -9.754332116624061300e+00 -6.765813773748059479e-01 1.000000000000000000e+00
2.713577682917479361e+00 -9.585204897820821301e+00 -6.812809458561870368e-01 1.000000000000000000e+00
2.720737518492459373e+00 -9.413992544554151465e+00 -6.858323106846844208e-01 1.000000000000000000e+00
2.727897354067439384e+00 -9.240732301805472559e+00 -6.902344817711182356e-01 1.000000000000000000e+00
2.735057189642419839e+00 -9.065461860047433262e+00 -6.944865014814329829e-01 1.000000000000000000e+00
2.742217025217399851e+00 -8.888219347044927332e+00 -6.985874448450162255e-01 1.000000000000000000e+00
2.749376860792379862e+00 -8.709043319560811014e+00 -7.025364197559160750e-01 1.000000000000000000e+00
2.756536696367360317e+00 -8.527972754968432767e+00 -7.063325671669063999e-01 1.000000000000000000e+00
2.763696531942340329e+00 -8.345047042772614887e+00 -7.099750612763605639e-01 1.000000000000000000e+00
2.770856367517320340e+00 -8.160305976040987730e+00 -7.134631097078941719e-01 1.000000000000000000e+00
2.778016203092300795e+00 -7.973789742747531939e+00 -7.167959536827359646e-01 1.000000000000000000e+00
2.785176038667280807e+00 -7.785538917030224937e+00 -7.199728681847901157e-01 1.000000000000000000e+00
2.792335874242260818e+00 -7.595594450364663075e+00 -7.229931621183536272e-01 1.000000000000000000e+00
2.799495709817241273e+00 -7.403997662655604550e+00 -7.258561784584559584e-01 1.000000000000000000e+00
2.806655545392221285e+00 -7.210790233248430603e+00 -7.285612943937840313e-01 1.000000000000000000e+00
2.813815380967201296e+00 -7.016014191862233851e+00 -7.311079214621694078e-01 1.000000000000000000e+00
2.820975216542181752e+00 -6.819711909446918519e+00 -7.334955056785985583e-01 1.000000000000000000e+00
2.828135052117161763e+00 -6.621926088965961910e+00 -7.357235276557250181e-01 1.000000000000000000e+00
2.835294887692141774e+00 -6.422699756106838187e+00 -7.377915027168563400e-01 1.000000000000000000e+00
2.842454723267121786e+00 -6.222076249921472346e+00 -7.396989810013877564e-01 1.000000000000000000e+00
2.849614558842102241e+00 -6.020099213398332871e+00 -7.414455475626645642e-01 1.000000000000000000e+00
2.856774394417082252e+00 -5.816812583968543393e+00 -7.430308224582470311e-01 1.000000000000000000e+00
2.863934229992062264e+00 -5.612260583947762171e+00 -7.444544608325636137e-01 1.000000000000000000e+00
2.871094065567042719e+00 -5.406487710916310974e+00 -7.457161529919279497e-01 1.000000000000000000e+00
2.878253901142022730e+00 -5.199538728039292401e+00 -7.468156244719094117e-01 1.000000000000000000e+00
2.885413736717002742e+00 -4.991458654328924105e+00 -7.477526360970390140e-01 1.000000000000000000e+00
2.892573572291983197e+00 -4.782292754851220629e+00 -7.485269840328399038e-01 1.000000000000000000e+00
2.899733407866963208e+00 -4.572086530879302835e+00 -7.491384998301666709e-01 1.000000000000000000e+00
2.906893243441943220e+00 -4.360885709995073078e+00 -7.495870504618513674e-01 1.000000000000000000e+00
2.914053079016923675e+00 -4.148736236141790101e+00 -7.498725383516409160e-01 1.000000000000000000e+00
2.921212914591903687e+00 -3.935684259629692150e+00 -7.499949013954227972e-01 1.000000000000000000e+00
2.928372750166883698e+00 -3.721776127096469988e+00 -7.499541129747371304e-01 1.000000000000000000e+00
2.935532585741864153e+00 -3.507058371425240129e+00 -7.497501819625644881e-01 1.000000000000000000e+00
2.942692421316844165e+00 -3.291577701621916319e+00 -7.493831527213974386e-01 1.000000000000000000e+00
2.949852256891824176e+00 -3.075380992654285439e+00 -7.488531050935900435e-01 1.000000000000000000e+00
2.957012092466804631e+00 -2.858515275254978061e+00 -7.481601543839879742e-01 1.000000000000000000e+00
2.964171928041784643e+00 -2.641027725690552330e+00 -7.473044513348472417e-01 1.000000000000000000e+00
2.971331763616764654e+00 -2.422965655498926285e+00 -7.462861820930406509e-01 1.000000000000000000e+00
2.978491599191745109e+00 -2.204376501197362170e+00 -7.451055681695646360e-01 1.000000000000000000e+00
2.985651434766725121e+00 -1.985307813963347767e+00 -7.437628663913528060e-01 1.000000000000000000e+00
2.992811270341705132e+00 -1.765807249290333170e+00 -7.422583688454059692e-01 1.000000000000000000e+00
2.999971105916685588e+00 -1.545922556621029731e+00 -7.405924028152526262e-01 1.000000000000000000e+00
3.007130941491665599e+00 -1.325701568960150345e+00 -7.387653307097538091e-01 1.000000000000000000e+00
3.014290777066645610e+00 -1.105192192468852364e+00 -7.367775499842641462e-01 1.000000000000000000e+00
3.021450612641626066e+00 -8.844423960435064958e-01 -7.346294930541715784e-01 1.000000000000000000e+00
3.028610448216606077e+00 -6.635002008806845097e-01 -7.323216272008316041e-01 1.000000000000000000e+00
3.035770283791586088e+00 -4.424136700307303438e-01 -7.298544544699155923e-01 1.000000000000000000e+00
3.042930119366566544e+00 -2.212308979422667465e-01 -7.272285115621971441e-01 1.000000000000000000e+00
3.050089954941546555e+00 -3.673940397442059178e-15 -7.244443697168013729e-01 1.000000000000000000e+00
