0.000000000000000000e+00 0.000000000000000000e+00 -1.517676252939791137e+00 1.000000000000000000e+00
1.439946419967691807e-02 6.050742698968439304e-02 -1.439216588089369253e+00 1.000000000000000000e+00
2.879892839935383614e-02 1.209663883917726918e-01 -1.359604131241501035e+00 1.000000000000000000e+00
4.319839259903075768e-02 1.813284574389145420e-01 -1.278902650840707533e+00 1.000000000000000000e+00
5.759785679870767228e-02 2.415452849731563600e-01 -1.197176787623871252e+00 1.000000000000000000e+00
7.199732099838458688e-02 3.015686381729286714e-01 -1.114492002843927132e+00 1.000000000000000000e+00
8.639678519806151535e-02 3.613504391868497256e-01 -1.030914525836330142e+00 1.000000000000000000e+00
1.007962493977384300e-01 4.208428036433992658e-01 -9.465113009703005620e-01 1.000000000000000000e+00
1.151957135974153446e-01 4.799980790056194158e-01 -8.613499340273375049e-01 1.000000000000000000e+00
1.295951777970922592e-01 5.387688827401174718e-01 -7.754986380499502285e-01 1.000000000000000000e+00
1.439946419967691738e-01 5.971081402698009688e-01 -6.890261787039825281e-01 1.000000000000000000e+00
1.583941061964460884e-01 6.549691226799438937e-01 -6.020018191982927647e-01 1.000000000000000000e+00
1.727935703961230307e-01 7.123054841473822618e-01 -5.144952648059101241e-01 1.000000000000000000e+00
1.871930345957999453e-01 7.690712990628574275e-01 -4.265766070311036717e-01 1.000000000000000000e+00
2.015924987954768599e-01 8.252210988167770767e-01 -3.383162674670844305e-01 1.000000000000000000e+00
2.159919629951537745e-01 8.807099082189225880e-01 -2.497849413893119264e-01 1.000000000000000000e+00
2.303914271948306891e-01 9.354932815229379806e-01 -1.610535411295856978e-01 1.000000000000000000e+00
2.447908913945076037e-01 9.895273380267372021e-01 -7.219313927627662997e-02 1.000000000000000000e+00
2.591903555941845183e-01 1.042768797220325006e+00 1.672508825380510794e-02 1.000000000000000000e+00
2.735898197938614329e-01 1.095175013452866830e+00 1.056299192263043252e-01 1.000000000000000000e+00
2.879892839935383475e-01 1.146704010091248671e+00 1.944501421373187322e-01 1.000000000000000000e+00
3.023887481932152621e-01 1.197314513142763159e+00 2.831146132527987969e-01 1.000000000000000000e+00
3.167882123928921767e-01 1.246965984314989839e+00 3.715523135936647514e-01 1.000000000000000000e+00
3.311876765925690913e-01 1.295618653486390270e+00 4.596924058210000164e-01 1.000000000000000000e+00
3.455871407922460614e-01 1.343233550561609091e+00 5.474642909757501119e-01 1.000000000000000000e+00
3.599866049919229760e-01 1.389772536685964788e+00 6.347976650274816945e-01 1.000000000000000000e+00
3.743860691915998906e-01 1.435198334794130393e+00 7.216225751869145277e-01 1.000000000000000000e+00
3.887855333912768052e-01 1.479474559468532791e+00 8.078694759371054523e-01 1.000000000000000000e+00
4.031849975909537198e-01 1.522565746083552662e+00 8.934692847384203551e-01 1.000000000000000000e+00
4.175844617906306344e-01 1.564437379212185064e+00 9.783534373626636693e-01 1.000000000000000000e+00
4.319839259903075490e-01 1.605055920272405068e+00 1.062453942812047858e+00 1.000000000000000000e+00
4.463833901899844636e-01 1.644388834391095511e+00 1.145703437779017619e+00 1.000000000000000000e+00
4.607828543896613782e-01 1.682404616464015845e+00 1.228035240603297495e+00 1.000000000000000000e+00
4.751823185893382928e-01 1.719072816390943004e+00 1.309383404682953556e+00 1.000000000000000000e+00
4.895817827890152074e-01 1.754364063465767343e+00 1.389682771296683272e+00 1.000000000000000000e+00
5.039812469886921775e-01 1.788250089902011286e+00 1.468869021795022434e+00 1.000000000000000000e+00
5.183807111883690366e-01 1.820703753474921749e+00 1.546878729118667639e+00 1.000000000000000000e+00
5.327801753880460067e-01 1.851699059262009062e+00 1.623649408602649835e+00 1.000000000000000000e+00
5.471796395877228658e-01 1.881211180464606336e+00 1.699119568025657889e+00 1.000000000000000000e+00
5.615791037873998359e-01 1.909216478293783714e+00 1.773228756864437372e+00 1.000000000000000000e+00
5.759785679870766950e-01 1.935692520904681801e+00 1.845917614713793009e+00 1.000000000000000000e+00
5.903780321867536651e-01 1.960618101364099530e+00 1.917127918833434697e+00 1.000000000000000000e+00
6.047774963864305242e-01 1.983973254636944406e+00 1.986802630783555790e+00 1.000000000000000000e+00
6.191769605861074943e-01 2.005739273577945347e+00 2.054885942111820185e+00 1.000000000000000000e+00
6.335764247857843534e-01 2.025898723915804389e+00 2.121323319055130607e+00 1.000000000000000000e+00
6.479758889854613235e-01 2.044435458217804591e+00 2.186061546220401830e+00 1.000000000000000000e+00
6.623753531851381826e-01 2.061334628823670023e+00 2.249048769209328391e+00 1.000000000000000000e+00
6.767748173848151527e-01 2.076582699738334092e+00 2.310234536153024099e+00 1.000000000000000000e+00
6.911742815844921228e-01 2.090167457474074730e+00 2.369569838123246175e+00 1.000000000000000000e+00
7.055737457841689819e-01 2.102078020833346717e+00 2.427007148387851032e+00 1.000000000000000000e+00
7.199732099838459520e-01 2.112304849624466296e+00 2.482500460479032611e+00 1.000000000000000000e+00
7.343726741835228111e-01 2.120839752303167458e+00 2.536005325043843683e+00 1.000000000000000000e+00
7.487721383831997812e-01 2.127675892533912538e+00 2.587478885447498822e+00 1.000000000000000000e+00
7.631716025828766403e-01 2.132807794665700918e+00 2.636879912100923207e+00 1.000000000000000000e+00
7.775710667825536104e-01 2.136231348117985984e+00 2.684168835485074123e+00 1.000000000000000000e+00
7.919705309822304695e-01 2.137943810673191614e+00 2.729307777845555005e+00 1.000000000000000000e+00
8.063699951819074396e-01 2.137943810673191614e+00 2.772260583532163203e+00 1.000000000000000000e+00
8.207694593815842987e-01 2.136231348117985984e+00 2.812992847959046916e+00 1.000000000000000000e+00
8.351689235812612688e-01 2.132807794665700918e+00 2.851471945162291632e+00 1.000000000000000000e+00
8.495683877809381279e-01 2.127675892533912538e+00 2.887667053932849726e+00 1.000000000000000000e+00
8.639678519806150980e-01 2.120839752303167458e+00 2.921549182503893505e+00 1.000000000000000000e+00
8.783673161802919571e-01 2.112304849624466296e+00 2.953091191772804880e+00 1.000000000000000000e+00
8.927667803799689272e-01 2.102078020833346717e+00 2.982267817039212510e+00 1.000000000000000000e+00
9.071662445796457863e-01 2.090167457474074730e+00 3.009055688241654369e+00 1.000000000000000000e+00
9.215657087793227564e-01 2.076582699738334092e+00 3.033433348676667585e+00 1.000000000000000000e+00
9.359651729789997265e-01 2.061334628823670023e+00 3.055381272185298869e+00 1.000000000000000000e+00
9.503646371786765856e-01 2.044435458217804591e+00 3.074881878793283008e+00 1.000000000000000000e+00
9.647641013783535557e-01 2.025898723915804389e+00 3.091919548792350092e+00 1.000000000000000000e+00
9.791635655780304148e-01 2.005739273577945347e+00 3.106480635251390066e+00 1.000000000000000000e+00
9.935630297777073849e-01 1.983973254636944406e+00 3.118553474947450610e+00 1.000000000000000000e+00
1.007962493977384355e+00 1.960618101364099086e+00 3.128128397707811370e+00 1.000000000000000000e+00
1.022361958177061103e+00 1.935692520904681801e+00 3.135197734155656502e+00 1.000000000000000000e+00
1.036761422376738073e+00 1.909216478293783714e+00 3.139755821853134066e+00 1.000000000000000000e+00
1.051160886576415043e+00 1.881211180464606336e+00 3.141799009836891532e+00 1.000000000000000000e+00
1.065560350776092013e+00 1.851699059262008840e+00 3.141325661542440528e+00 1.000000000000000000e+00
1.079959814975768762e+00 1.820703753474921749e+00 3.138336156115027809e+00 1.000000000000000000e+00
1.094359279175445732e+00 1.788250089902011286e+00 3.132832888105938629e+00 1.000000000000000000e+00
1.108758743375122702e+00 1.754364063465767787e+00 3.124820265554501209e+00 1.000000000000000000e+00
1.123158207574799672e+00 1.719072816390943004e+00 3.114304706457305727e+00 1.000000000000000000e+00
1.137557671774476420e+00 1.682404616464016511e+00 3.101294633627483144e+00 1.000000000000000000e+00
1.151957135974153390e+00 1.644388834391095955e+00 3.085800467948150327e+00 1.000000000000000000e+00
1.166356600173830360e+00 1.605055920272405290e+00 3.067834620025431835e+00 1.000000000000000000e+00
1.180756064373507330e+00 1.564437379212184398e+00 3.047411480247739224e+00 1.000000000000000000e+00
1.195155528573184300e+00 1.522565746083551996e+00 3.024547407259278842e+00 1.000000000000000000e+00
1.209554992772861048e+00 1.479474559468532791e+00 2.999260714857006516e+00 1.000000000000000000e+00
1.223954456972538019e+00 1.435198334794130393e+00 2.971571657321538051e+00 1.000000000000000000e+00
1.238353921172214989e+00 1.389772536685964566e+00 2.941502413193761267e+00 1.000000000000000000e+00
1.252753385371891959e+00 1.343233550561608647e+00 2.909077067510136061e+00 1.000000000000000000e+00
1.267152849571568707e+00 1.295618653486391159e+00 2.874321592510928447e+00 1.000000000000000000e+00
1.281552313771245677e+00 1.246965984314990505e+00 2.837263826836810665e+00 1.000000000000000000e+00
1.295951777970922647e+00 1.197314513142763381e+00 2.797933453230509127e+00 1.000000000000000000e+00
1.310351242170599617e+00 1.146704010091248671e+00 2.756361974761350364e+00 1.000000000000000000e+00
1.324750706370276365e+00 1.095175013452867274e+00 2.712582689591750640e+00 1.000000000000000000e+00
1.339150170569953335e+00 1.042768797220324783e+00 2.666630664305858378e+00 1.000000000000000000e+00
1.353549634769630305e+00 9.895273380267370911e-01 2.618542705821727878e+00 1.000000000000000000e+00
1.367949098969307276e+00 9.354932815229375365e-01 2.568357331909492114e+00 1.000000000000000000e+00
1.382348563168984246e+00 8.807099082189222550e-01 2.516114740339184142e+00 1.000000000000000000e+00
1.396748027368660994e+00 8.252210988167771877e-01 2.461856776682893155e+00 1.000000000000000000e+00
1.411147491568337964e+00 7.690712990628574275e-01 2.405626900797054990e+00 1.000000000000000000e+00
1.425546955768014934e+00 7.123054841473822618e-01 2.347470152011731148e+00 1.000000000000000000e+00
1.439946419967691904e+00 6.549691226799438937e-01 2.287433113054740286e+00 1.000000000000000000e+00
1.454345884167368652e+00 5.971081402698016349e-01 2.225563872739563021e+00 1.000000000000000000e+00
1.468745348367045622e+00 5.387688827401178049e-01 2.161911987446878847e+00 1.000000000000000000e+00
1.483144812566722592e+00 4.799980790056197488e-01 2.096528441430619782e+00 1.000000000000000000e+00
1.497544276766399562e+00 4.208428036433986552e-01 2.029465605980301568e+00 1.000000000000000000e+00
1.511943740966076311e+00 3.613504391868498367e-01 1.960777197472372668e+00 1.000000000000000000e+00
1.526343205165753281e+00 3.015686381729287269e-01 1.890518234344152892e+00 1.000000000000000000e+00
1.540742669365430251e+00 2.415452849731562213e-01 1.818744993024857592e+00 1.000000000000000000e+00
1.555142133565107221e+00 1.813284574389142367e-01 1.745514962858972341e+00 1.000000000000000000e+00
1.569541597764783969e+00 1.209663883917732469e-01 1.670886800058112298e+00 1.000000000000000000e+00
1.583941061964460939e+00 6.050742698968478855e-02 1.594920280718224115e+00 1.000000000000000000e+00
1.598340526164137909e+00 2.618488229097987646e-16 1.517676252939791581e+00 1.000000000000000000e+00
1.612739990363814879e+00 -6.050742698968426814e-02 1.439216588089369475e+00 1.000000000000000000e+00
1.627139454563491849e+00 -1.209663883917727334e-01 1.359604131241501257e+00 1.000000000000000000e+00
1.641538918763168597e+00 -1.813284574389137371e-01 1.278902650840708644e+00 1.000000000000000000e+00
1.655938382962845568e+00 -2.415452849731566098e-01 1.197176787623870808e+00 1.000000000000000000e+00
1.670337847162522538e+00 -3.015686381729291154e-01 1.114492002843926688e+00 1.000000000000000000e+00
1.684737311362199508e+00 -3.613504391868502252e-01 1.030914525836329254e+00 1.000000000000000000e+00
1.699136775561876256e+00 -4.208428036433990438e-01 9.465113009703008951e-01 1.000000000000000000e+00
1.713536239761553226e+00 -4.799980790056192492e-01 8.613499340273376159e-01 1.000000000000000000e+00
1.727935703961230196e+00 -5.387688827401174718e-01 7.754986380499502285e-01 1.000000000000000000e+00
1.742335168160907166e+00 -5.971081402698010798e-01 6.890261787039823060e-01 1.000000000000000000e+00
1.756734632360583914e+00 -6.549691226799433386e-01 6.020018191982936528e-01 1.000000000000000000e+00
1.771134096560260884e+00 -7.123054841473818177e-01 5.144952648059110123e-01 1.000000000000000000e+00
1.785533560759937854e+00 -7.690712990628570944e-01 4.265766070311043934e-01 1.000000000000000000e+00
1.799933024959614825e+00 -8.252210988167767436e-01 3.383162674670848191e-01 1.000000000000000000e+00
1.814332489159291573e+00 -8.807099082189224770e-01 2.497849413893121484e-01 1.000000000000000000e+00
1.828731953358968543e+00 -9.354932815229377585e-01 1.610535411295857255e-01 1.000000000000000000e+00
1.843131417558645513e+00 -9.895273380267375352e-01 7.219313927627632466e-02 1.000000000000000000e+00
1.857530881758322483e+00 -1.042768797220325228e+00 -1.672508825380542019e-02 1.000000000000000000e+00
1.871930345957999453e+00 -1.095175013452867052e+00 -1.056299192263049774e-01 1.000000000000000000e+00
1.886329810157676201e+00 -1.146704010091248227e+00 -1.944501421373183436e-01 1.000000000000000000e+00
1.900729274357353171e+00 -1.197314513142763159e+00 -2.831146132527984083e-01 1.000000000000000000e+00
1.915128738557030141e+00 -1.246965984314989839e+00 -3.715523135936647514e-01 1.000000000000000000e+00
1.929528202756707111e+00 -1.295618653486390492e+00 -4.596924058210002939e-01 1.000000000000000000e+00
1.943927666956383860e+00 -1.343233550561608647e+00 -5.474642909757486686e-01 1.000000000000000000e+00
1.958327131156060830e+00 -1.389772536685963900e+00 -6.347976650274805843e-01 1.000000000000000000e+00
1.972726595355737800e+00 -1.435198334794130837e+00 -7.216225751869148608e-01 1.000000000000000000e+00
1.987126059555414770e+00 -1.479474559468533679e+00 -8.078694759371061185e-01 1.000000000000000000e+00
2.001525523755091740e+00 -1.522565746083553107e+00 -8.934692847384212433e-01 1.000000000000000000e+00
2.015924987954768710e+00 -1.564437379212185508e+00 -9.783534373626644465e-01 1.000000000000000000e+00
2.030324452154445236e+00 -1.605055920272404624e+00 -1.062453942812046526e+00 1.000000000000000000e+00
2.044723916354122206e+00 -1.644388834391095511e+00 -1.145703437779017619e+00 1.000000000000000000e+00
2.059123380553799176e+00 -1.682404616464015845e+00 -1.228035240603297940e+00 1.000000000000000000e+00
2.073522844753476146e+00 -1.719072816390943004e+00 -1.309383404682954222e+00 1.000000000000000000e+00
2.087922308953153117e+00 -1.754364063465767787e+00 -1.389682771296684161e+00 1.000000000000000000e+00
2.102321773152830087e+00 -1.788250089902011508e+00 -1.468869021795023100e+00 1.000000000000000000e+00
2.116721237352507057e+00 -1.820703753474922415e+00 -1.546878729118668527e+00 1.000000000000000000e+00
2.131120701552184027e+00 -1.851699059262009506e+00 -1.623649408602650723e+00 1.000000000000000000e+00
2.145520165751860997e+00 -1.881211180464607002e+00 -1.699119568025659666e+00 1.000000000000000000e+00
2.159919629951537523e+00 -1.909216478293783270e+00 -1.773228756864436706e+00 1.000000000000000000e+00
2.174319094151214493e+00 -1.935692520904681801e+00 -1.845917614713792787e+00 1.000000000000000000e+00
2.188718558350891463e+00 -1.960618101364099086e+00 -1.917127918833434030e+00 1.000000000000000000e+00
2.203118022550568433e+00 -1.983973254636944406e+00 -1.986802630783555790e+00 1.000000000000000000e+00
2.217517486750245403e+00 -2.005739273577944903e+00 -2.054885942111820185e+00 1.000000000000000000e+00
2.231916950949922374e+00 -2.025898723915804389e+00 -2.121323319055131051e+00 1.000000000000000000e+00
2.246316415149599344e+00 -2.044435458217804591e+00 -2.186061546220402274e+00 1.000000000000000000e+00
2.260715879349276314e+00 -2.061334628823670023e+00 -2.249048769209329279e+00 1.000000000000000000e+00
2.275115343548952840e+00 -2.076582699738333648e+00 -2.310234536153022322e+00 1.000000000000000000e+00
2.289514807748629810e+00 -2.090167457474074286e+00 -2.369569838123244399e+00 1.000000000000000000e+00
2.303914271948306780e+00 -2.102078020833346272e+00 -2.427007148387850588e+00 1.000000000000000000e+00
2.318313736147983750e+00 -2.112304849624466296e+00 -2.482500460479032611e+00 1.000000000000000000e+00
2.332713200347660720e+00 -2.120839752303167458e+00 -2.536005325043843683e+00 1.000000000000000000e+00
2.347112664547337690e+00 -2.127675892533912538e+00 -2.587478885447498378e+00 1.000000000000000000e+00
2.361512128747014660e+00 -2.132807794665700918e+00 -2.636879912100923651e+00 1.000000000000000000e+00
2.375911592946691631e+00 -2.136231348117985984e+00 -2.684168835485074123e+00 1.000000000000000000e+00
2.390311057146368601e+00 -2.137943810673191614e+00 -2.729307777845555449e+00 1.000000000000000000e+00
2.404710521346045127e+00 -2.137943810673191614e+00 -2.772260583532163647e+00 1.000000000000000000e+00
2.419109985545722097e+00 -2.136231348117985984e+00 -2.812992847959047804e+00 1.000000000000000000e+00
2.433509449745399067e+00 -2.132807794665700918e+00 -2.851471945162292077e+00 1.000000000000000000e+00
2.447908913945076037e+00 -2.127675892533912538e+00 -2.887667053932850170e+00 1.000000000000000000e+00
2.462308378144753007e+00 -2.120839752303167458e+00 -2.921549182503893949e+00 1.000000000000000000e+00
2.476707842344429977e+00 -2.112304849624466296e+00 -2.953091191772805768e+00 1.000000000000000000e+00
2.491107306544106947e+00 -2.102078020833346717e+00 -2.982267817039213398e+00 1.000000000000000000e+00
2.505506770743783918e+00 -2.090167457474074286e+00 -3.009055688241655258e+00 1.000000000000000000e+00
2.519906234943460444e+00 -2.076582699738334092e+00 -3.033433348676666697e+00 1.000000000000000000e+00
2.534305699143137414e+00 -2.061334628823670467e+00 -3.055381272185297981e+00 1.000000000000000000e+00
2.548705163342814384e+00 -2.044435458217804591e+00 -3.074881878793282564e+00 1.000000000000000000e+00
2.563104627542491354e+00 -2.025898723915804389e+00 -3.091919548792349648e+00 1.000000000000000000e+00
2.577504091742168324e+00 -2.005739273577945347e+00 -3.106480635251390066e+00 1.000000000000000000e+00
2.591903555941845294e+00 -1.983973254636945072e+00 -3.118553474947450166e+00 1.000000000000000000e+00
2.606303020141522264e+00 -1.960618101364099530e+00 -3.128128397707811370e+00 1.000000000000000000e+00
2.620702484341199234e+00 -1.935692520904682024e+00 -3.135197734155656057e+00 1.000000000000000000e+00
2.635101948540876204e+00 -1.909216478293783714e+00 -3.139755821853134066e+00 1.000000000000000000e+00
2.649501412740552730e+00 -1.881211180464607002e+00 -3.141799009836891088e+00 1.000000000000000000e+00
2.663900876940229701e+00 -1.851699059262009950e+00 -3.141325661542440528e+00 1.000000000000000000e+00
2.678300341139906671e+00 -1.820703753474921527e+00 -3.138336156115027809e+00 1.000000000000000000e+00
2.692699805339583641e+00 -1.788250089902010620e+00 -3.132832888105938629e+00 1.000000000000000000e+00
2.707099269539260611e+00 -1.754364063465767121e+00 -3.124820265554501209e+00 1.000000000000000000e+00
2.721498733738937581e+00 -1.719072816390942560e+00 -3.114304706457305727e+00 1.000000000000000000e+00
2.735898197938614551e+00 -1.682404616464015401e+00 -3.101294633627483144e+00 1.000000000000000000e+00
2.750297662138291521e+00 -1.644388834391094845e+00 -3.085800467948150327e+00 1.000000000000000000e+00
2.764697126337968491e+00 -1.605055920272404180e+00 -3.067834620025431391e+00 1.000000000000000000e+00
2.779096590537645017e+00 -1.564437379212185286e+00 -3.047411480247739668e+00 1.000000000000000000e+00
2.793496054737321987e+00 -1.522565746083553107e+00 -3.024547407259278842e+00 1.000000000000000000e+00
2.807895518936998958e+00 -1.479474559468533013e+00 -2.999260714857006072e+00 1.000000000000000000e+00
2.822294983136675928e+00 -1.435198334794130393e+00 -2.971571657321537607e+00 1.000000000000000000e+00
2.836694447336352898e+00 -1.389772536685964788e+00 -2.941502413193760823e+00 1.000000000000000000e+00
2.851093911536029868e+00 -1.343233550561608869e+00 -2.909077067510135617e+00 1.000000000000000000e+00
2.865493375735706838e+00 -1.295618653486390270e+00 -2.874321592510928003e+00 1.000000000000000000e+00
2.879892839935383808e+00 -1.246965984314989839e+00 -2.837263826836809333e+00 1.000000000000000000e+00
2.894292304135060334e+00 -1.197314513142764492e+00 -2.797933453230510459e+00 1.000000000000000000e+00
2.908691768334737304e+00 -1.146704010091249781e+00 -2.756361974761352140e+00 1.000000000000000000e+00
2.923091232534414274e+00 -1.095175013452867718e+00 -2.712582689591751528e+00 1.000000000000000000e+00
2.937490696734091244e+00 -1.042768797220325894e+00 -2.666630664305860154e+00 1.000000000000000000e+00
2.951890160933768215e+00 -9.895273380267380903e-01 -2.618542705821729655e+00 1.000000000000000000e+00
2.966289625133445185e+00 -9.354932815229385357e-01 -2.568357331909493890e+00 1.000000000000000000e+00
2.980689089333122155e+00 -8.807099082189232542e-01 -2.516114740339186362e+00 1.000000000000000000e+00
2.995088553532799125e+00 -8.252210988167756334e-01 -2.461856776682890935e+00 1.000000000000000000e+00
3.009488017732476095e+00 -7.690712990628560952e-01 -2.405626900797052770e+00 1.000000000000000000e+00
3.023887481932152621e+00 -7.123054841473824839e-01 -2.347470152011732036e+00 1.000000000000000000e+00
3.038286946131829591e+00 -6.549691226799440047e-01 -2.287433113054741618e+00 1.000000000000000000e+00
3.052686410331506561e+00 -5.971081402698009688e-01 -2.225563872739563021e+00 1.000000000000000000e+00
3.067085874531183531e+00 -5.387688827401172498e-01 -2.161911987446879291e+00 1.000000000000000000e+00
3.081485338730860501e+00 -4.799980790056190272e-01 -2.096528441430620227e+00 1.000000000000000000e+00
3.095884802930537472e+00 -4.208428036433988217e-01 -2.029465605980302900e+00 1.000000000000000000e+00
3.110284267130214442e+00 -3.613504391868491150e-01 -1.960777197472373112e+00 1.000000000000000000e+00
3.124683731329891412e+00 -3.015686381729280052e-01 -1.890518234344153337e+00 1.000000000000000000e+00
3.139083195529567938e+00 -2.415452849731574148e-01 -1.818744993024857814e+00 1.000000000000000000e+00
3.153482659729244908e+00 -1.813284574389154580e-01 -1.745514962858972785e+00 1.000000000000000000e+00
3.167882123928921878e+00 -1.209663883917734967e-01 -1.670886800058111632e+00 1.000000000000000000e+00
3.182281588128598848e+00 -6.050742698968505223e-02 -1.594920280718223227e+00 1.000000000000000000e+00
3.196681052328275818e+00 -5.236976458195975293e-16 -1.517676252939790693e+00 1.000000000000000000e+00
