0.000000000000000000e+00 0.000000000000000000e+00 2.633235258652971922e+00 1.000000000000000000e+00
1.432212027453075992e-02 2.125678552495364332e-02 2.593987345692999380e+00 1.000000000000000000e+00
2.864424054906151984e-02 4.251028049631328659e-02 2.554337883102055340e+00 1.000000000000000000e+00
4.296636082359227976e-02 6.375719486986312912e-02 2.514293008622910719e+00 1.000000000000000000e+00
5.728848109812303968e-02 8.499423962006490141e-02 2.473858921208151429e+00 1.000000000000000000e+00
7.161060137265379266e-02 1.062181272491994621e-01 2.433041880060587747e+00 1.000000000000000000e+00
8.593272164718455952e-02 1.274255722962721049e-01 2.391848203664320938e+00 1.000000000000000000e+00
1.002548419217153264e-01 1.486132918456021523e-01 2.350284268806651422e+00 1.000000000000000000e+00
1.145769621962460794e-01 1.697780060350190801e-01 2.308356509590940853e+00 1.000000000000000000e+00
1.288990824707768323e-01 1.909164385635853389e-01 2.266071416440616826e+00 1.000000000000000000e+00
1.432212027453075853e-01 2.120253171987687424e-01 2.223435535094453019e+00 1.000000000000000000e+00
1.575433230198383661e-01 2.331013742829839697e-01 2.180455465593292619e+00 1.000000000000000000e+00
1.718654432943691190e-01 2.541413472394267736e-01 2.137137861258351812e+00 1.000000000000000000e+00
1.861875635688998720e-01 2.751419790771214013e-01 2.093489427661293423e+00 1.000000000000000000e+00
2.005096838434306528e-01 2.961000188951031786e-01 2.049516921586195473e+00 1.000000000000000000e+00
2.148318041179614057e-01 3.170122223856583488e-01 2.005227149983610513e+00 1.000000000000000000e+00
2.291539243924921587e-01 3.378753523365436995e-01 1.960626968916837409e+00 1.000000000000000000e+00
2.434760446670229117e-01 3.586861791321071524e-01 1.915723282500608526e+00 1.000000000000000000e+00
2.577981649415536647e-01 3.794414812532332371e-01 1.870523041832328426e+00 1.000000000000000000e+00
2.721202852160844454e-01 4.001380457760340126e-01 1.825033243916048820e+00 1.000000000000000000e+00
2.864424054906151706e-01 4.207726688692109418e-01 1.779260930579322109e+00 1.000000000000000000e+00
3.007645257651459514e-01 4.413421562900080586e-01 1.733213187383132237e+00 1.000000000000000000e+00
3.150866460396767321e-01 4.618433238786809891e-01 1.686897142525044968e+00 1.000000000000000000e+00
3.294087663142074573e-01 4.822729980514061099e-01 1.640319965735768548e+00 1.000000000000000000e+00
3.437308865887382381e-01 5.026280162915506278e-01 1.593488867169268852e+00 1.000000000000000000e+00
3.580530068632690188e-01 5.229052276392321952e-01 1.546411096286639753e+00 1.000000000000000000e+00
3.723751271377997440e-01 5.431014931790864031e-01 1.499093940733893682e+00 1.000000000000000000e+00
3.866972474123305248e-01 5.632136865261725411e-01 1.451544725213819165e+00 1.000000000000000000e+00
4.010193676868613055e-01 5.832386943099374665e-01 1.403770810352125364e+00 1.000000000000000000e+00
4.153414879613920307e-01 6.031734166561669719e-01 1.355779591558013308e+00 1.000000000000000000e+00
4.296636082359228115e-01 6.230147676668457146e-01 1.307578497879362533e+00 1.000000000000000000e+00
4.439857285104535367e-01 6.427596758978550984e-01 1.259174990852722553e+00 1.000000000000000000e+00
4.583078487849843174e-01 6.624050848344336107e-01 1.210576563348254142e+00 1.000000000000000000e+00
4.726299690595150982e-01 6.819479533643253433e-01 1.161790738409837154e+00 1.000000000000000000e+00
4.869520893340458234e-01 7.013852562485445308e-01 1.112825068090507630e+00 1.000000000000000000e+00
5.012742096085766041e-01 7.207139845896836094e-01 1.063687132283388515e+00 1.000000000000000000e+00
5.155963298831073294e-01 7.399311462976901899e-01 1.014384537548327803e+00 1.000000000000000000e+00
5.299184501576381656e-01 7.590337665530439981e-01 9.649249159343986637e-01 1.000000000000000000e+00
5.442405704321688908e-01 7.780188882672582906e-01 9.153159237984633823e-01 1.000000000000000000e+00
5.585626907066996161e-01 7.968835725406383519e-01 8.655652406199592086e-01 1.000000000000000000e+00
5.728848109812303413e-01 8.156248991172235785e-01 8.156805678121190617e-01 1.000000000000000000e+00
5.872069312557611775e-01 8.342399668368432053e-01 7.656696275297893983e-01 1.000000000000000000e+00
6.015290515302919028e-01 8.527258940842166179e-01 7.155401614740453109e-01 1.000000000000000000e+00
6.158511718048226280e-01 8.710798192350274194e-01 6.652999296937648355e-01 1.000000000000000000e+00
6.301732920793534642e-01 8.892989010989038601e-01 6.149567093843781862e-01 1.000000000000000000e+00
6.444954123538841895e-01 9.073803193592352434e-01 5.645182936839554522e-01 1.000000000000000000e+00
6.588175326284149147e-01 9.253212750097574713e-01 5.139924904668258243e-01 1.000000000000000000e+00
6.731396529029457509e-01 9.431189907878395617e-01 4.633871211349245289e-01 1.000000000000000000e+00
6.874617731774764762e-01 9.607707116044037488e-01 4.127100194070280059e-01 1.000000000000000000e+00
7.017838934520072014e-01 9.782737049704153254e-01 3.619690301060982107e-01 1.000000000000000000e+00
7.161060137265380376e-01 9.956252614198699558e-01 3.111720079449086240e-01 1.000000000000000000e+00
7.304281340010687629e-01 1.012822694929221834e+00 2.603268163101223331e-01 1.000000000000000000e+00
7.447502542755994881e-01 1.029863343333178971e+00 2.094413260450460890e-01 1.000000000000000000e+00
7.590723745501303243e-01 1.046744568736807990e+00 1.585234142312187677e-01 1.000000000000000000e+00
7.733944948246610496e-01 1.063463757923878372e+00 1.075809629690454433e-01 1.000000000000000000e+00
7.877166150991917748e-01 1.080018322761391536e+00 5.662185815763588759e-02 1.000000000000000000e+00
8.020387353737226110e-01 1.096405700600222577e+00 5.653988274071874987e-03 1.000000000000000000e+00
8.163608556482533363e-01 1.112623354671819387e+00 -4.531475684772489493e-02 1.000000000000000000e+00
8.306829759227840615e-01 1.128668774480893866e+00 -9.627648723835117994e-02 1.000000000000000000e+00
8.450050961973147867e-01 1.144539476194048389e+00 -1.472233140142833185e-01 1.000000000000000000e+00
8.593272164718456230e-01 1.160233003024272458e+00 -1.981473505990795081e-01 1.000000000000000000e+00
8.736493367463763482e-01 1.175746925611254046e+00 -2.490407139442247231e-01 1.000000000000000000e+00
8.879714570209070734e-01 1.191078842397445214e+00 -2.998955257494206328e-01 1.000000000000000000e+00
9.022935772954379097e-01 1.206226379999823406e+00 -3.507039136821584746e-01 1.000000000000000000e+00
9.166156975699686349e-01 1.221187193577290220e+00 -4.014580125963519985e-01 1.000000000000000000e+00
9.309378178444993601e-01 1.235958967193656610e+00 -4.521499657498576630e-01 1.000000000000000000e+00
9.452599381190301964e-01 1.250539414176145669e+00 -5.027719260207105245e-01 1.000000000000000000e+00
9.595820583935609216e-01 1.264926277469373916e+00 -5.533160571218525003e-01 1.000000000000000000e+00
9.739041786680916468e-01 1.279117329984740703e+00 -6.037745348141928536e-01 1.000000000000000000e+00
9.882262989426224831e-01 1.293110374945184660e+00 -6.541395481178029492e-01 1.000000000000000000e+00
1.002548419217153208e+00 1.306903246225241899e+00 -7.044033005210503795e-01 1.000000000000000000e+00
1.016870539491683934e+00 1.320493808686366233e+00 -7.545580111875107576e-01 1.000000000000000000e+00
1.031192659766214659e+00 1.333879958507445007e+00 -8.045959161604349097e-01 1.000000000000000000e+00
1.045514780040745384e+00 1.347059623510475479e+00 -8.545092695646144820e-01 1.000000000000000000e+00
1.059836900315276331e+00 1.360030763481333338e+00 -9.042903448054372406e-01 1.000000000000000000e+00
1.074159020589807056e+00 1.372791370485601625e+00 -9.539314357649762988e-01 1.000000000000000000e+00
1.088481140864337782e+00 1.385339469179398986e+00 -1.003424857994890118e+00 1.000000000000000000e+00
1.102803261138868507e+00 1.397673117115160846e+00 -1.052762949905980738e+00 1.000000000000000000e+00
1.117125381413399232e+00 1.409790405042333994e+00 -1.101938073954202402e+00 1.000000000000000000e+00
1.131447501687929957e+00 1.421689457202925500e+00 -1.150942617822962477e+00 1.000000000000000000e+00
1.145769621962460683e+00 1.433368431621872441e+00 -1.199768995601505628e+00 1.000000000000000000e+00
1.160091742236991630e+00 1.444825520392180485e+00 -1.248409648959215135e+00 1.000000000000000000e+00
1.174413862511522355e+00 1.456058949954785131e+00 -1.296857048315637639e+00 1.000000000000000000e+00
1.188735982786053080e+00 1.467066981373102319e+00 -1.345103694006072992e+00 1.000000000000000000e+00
1.203058103060583806e+00 1.477847910602213544e+00 -1.393142117442517147e+00 1.000000000000000000e+00
1.217380223335114531e+00 1.488400068752654182e+00 -1.440964882269802683e+00 1.000000000000000000e+00
1.231702343609645256e+00 1.498721822348756838e+00 -1.488564585516748195e+00 1.000000000000000000e+00
1.246024463884176203e+00 1.508811573581513299e+00 -1.535933858742135616e+00 1.000000000000000000e+00
1.260346584158706928e+00 1.518667760555916013e+00 -1.583065369175349124e+00 1.000000000000000000e+00
1.274668704433237654e+00 1.528288857532740908e+00 -1.629951820851491373e+00 1.000000000000000000e+00
1.288990824707768379e+00 1.537673375164728906e+00 -1.676585955740796274e+00 1.000000000000000000e+00
1.303312944982299104e+00 1.546819860727140838e+00 -1.722960554872174033e+00 1.000000000000000000e+00
1.317635065256829829e+00 1.555726898342636666e+00 -1.769068439450709906e+00 1.000000000000000000e+00
1.331957185531360777e+00 1.564393109200455712e+00 -1.814902471968942832e+00 1.000000000000000000e+00
1.346279305805891502e+00 1.572817151769853483e+00 -1.860455557311748720e+00 1.000000000000000000e+00
1.360601426080422227e+00 1.580997722007774886e+00 -1.905720643854668550e+00 1.000000000000000000e+00
1.374923546354952952e+00 1.588933553560717415e+00 -1.950690724555504518e+00 1.000000000000000000e+00
1.389245666629483678e+00 1.596623417960764124e+00 -1.995358838039005045e+00 1.000000000000000000e+00
1.403567786904014403e+00 1.604066124815749950e+00 -2.039718069674489875e+00 1.000000000000000000e+00
1.417889907178545128e+00 1.611260521993534978e+00 -2.083761552646234971e+00 1.000000000000000000e+00
1.432212027453076075e+00 1.618205495800355775e+00 -2.127482469016457767e+00 1.000000000000000000e+00
1.446534147727606801e+00 1.624899971153221934e+00 -2.170874050780731146e+00 1.000000000000000000e+00
1.460856268002137526e+00 1.631342911746343605e+00 -2.213929580915677153e+00 1.000000000000000000e+00
1.475178388276668251e+00 1.637533320211548515e+00 -2.256642394418763242e+00 1.000000000000000000e+00
1.489500508551198976e+00 1.643470238272675799e+00 -2.299005879340033864e+00 1.000000000000000000e+00
1.503822628825729701e+00 1.649152746893917332e+00 -2.341013477805660603e+00 1.000000000000000000e+00
1.518144749100260649e+00 1.654579966422084158e+00 -2.382658687033086142e+00 1.000000000000000000e+00
1.532466869374791374e+00 1.659751056722778229e+00 -2.423935060337662595e+00 1.000000000000000000e+00
1.546788989649322099e+00 1.664665217310443479e+00 -2.464836208130602113e+00 1.000000000000000000e+00
1.561111109923852824e+00 1.669321687472282267e+00 -2.505355798908074583e+00 1.000000000000000000e+00
1.575433230198383550e+00 1.673719746386013840e+00 -2.545487560231340041e+00 1.000000000000000000e+00
1.589755350472914275e+00 1.677858713231457966e+00 -2.585225279697715983e+00 1.000000000000000000e+00
1.604077470747445222e+00 1.681737947295923963e+00 -2.624562805902252993e+00 1.000000000000000000e+00
1.618399591021975947e+00 1.685356848073395808e+00 -2.663494049389984575e+00 1.000000000000000000e+00
1.632721711296506673e+00 1.688714855357489775e+00 -2.702012983598567342e+00 1.000000000000000000e+00
1.647043831571037398e+00 1.691811449328173067e+00 -2.740113645791196983e+00 1.000000000000000000e+00
1.661365951845568123e+00 1.694646150632233894e+00 -2.777790137979640139e+00 1.000000000000000000e+00
1.675688072120098848e+00 1.697218520457484559e+00 -2.815036627837243621e+00 1.000000000000000000e+00
1.690010192394629573e+00 1.699528160600689342e+00 -2.851847349601778436e+00 1.000000000000000000e+00
1.704332312669160521e+00 1.701574713529206528e+00 -2.888216604967984935e+00 1.000000000000000000e+00
1.718654432943691246e+00 1.703357862436335690e+00 -2.924138763969663657e+00 1.000000000000000000e+00
1.732976553218221971e+00 1.704877331290358011e+00 -2.959608265851204401e+00 1.000000000000000000e+00
1.747298673492752696e+00 1.706132884877266109e+00 -2.994619619928384324e+00 1.000000000000000000e+00
1.761620793767283422e+00 1.707124328837176019e+00 -3.029167406438330268e+00 1.000000000000000000e+00
1.775942914041814147e+00 1.707851509694414682e+00 -3.063246277378498750e+00 1.000000000000000000e+00
1.790265034316345094e+00 1.708314314881275164e+00 -3.096850957334548848e+00 1.000000000000000000e+00
1.804587154590875819e+00 1.708512672755445161e+00 -3.129976244296967636e+00 1.000000000000000000e+00
1.818909274865406545e+00 1.708446552611096347e+00 -3.162617010466357570e+00 1.000000000000000000e+00
1.833231395139937270e+00 1.708115964683636578e+00 -3.194768203047209987e+00 1.000000000000000000e+00
1.847553515414467995e+00 1.707520960148126488e+00 -3.226424845030080313e+00 1.000000000000000000e+00
1.861875635688998720e+00 1.706661631111358490e+00 -3.257582035962033551e+00 1.000000000000000000e+00
1.876197755963529445e+00 1.705538110597595747e+00 -3.288234952705229475e+00 1.000000000000000000e+00
1.890519876238060393e+00 1.704150572527983076e+00 -3.318378850183550277e+00 1.000000000000000000e+00
1.904841996512591118e+00 1.702499231693622272e+00 -3.348009062117136558e+00 1.000000000000000000e+00
1.919164116787121843e+00 1.700584343722322034e+00 -3.377121001744724627e+00 1.000000000000000000e+00
1.933486237061652568e+00 1.698406205039028949e+00 -3.405710162533687413e+00 1.000000000000000000e+00
1.947808357336183294e+00 1.695965152819938204e+00 -3.433772118877636892e+00 1.000000000000000000e+00
1.962130477610714019e+00 1.693261564940300223e+00 -3.461302526781514732e+00 1.000000000000000000e+00
1.976452597885244966e+00 1.690295859915925014e+00 -3.488297124534038840e+00 1.000000000000000000e+00
1.990774718159775691e+00 1.687068496838395770e+00 -3.514751733367419639e+00 1.000000000000000000e+00
2.005096838434306417e+00 1.683579975304002385e+00 -3.540662258104236848e+00 1.000000000000000000e+00
2.019418958708837142e+00 1.679830835336402650e+00 -3.566024687791361281e+00 1.000000000000000000e+00
2.033741078983367867e+00 1.675821657303026901e+00 -3.590835096320872388e+00 1.000000000000000000e+00
2.048063199257898592e+00 1.671553061825237441e+00 -3.615089643037796119e+00 1.000000000000000000e+00
2.062385319532429317e+00 1.667025709682255608e+00 -3.638784573334656436e+00 1.000000000000000000e+00
2.076707439806960043e+00 1.662240301708873380e+00 -3.661916219232682845e+00 1.000000000000000000e+00
2.091029560081490768e+00 1.657197578686964601e+00 -3.684480999949613533e+00 1.000000000000000000e+00
2.105351680356021493e+00 1.651898321230810707e+00 -3.706475422454002633e+00 1.000000000000000000e+00
2.119673800630552662e+00 1.646343349666262057e+00 -3.727896082005941469e+00 1.000000000000000000e+00
2.133995920905083388e+00 1.640533523903752400e+00 -3.748739662684110296e+00 1.000000000000000000e+00
2.148318041179614113e+00 1.634469743305182909e+00 -3.769002937899088135e+00 1.000000000000000000e+00
2.162640161454144838e+00 1.628152946544700885e+00 -3.788682770892826124e+00 1.000000000000000000e+00
2.176962281728675563e+00 1.621584111463394873e+00 -3.807776115224219549e+00 1.000000000000000000e+00
2.191284402003206289e+00 1.614764254917922415e+00 -3.826280015240696386e+00 1.000000000000000000e+00
2.205606522277737014e+00 1.607694432623101743e+00 -3.844191606535753092e+00 1.000000000000000000e+00
2.219928642552267739e+00 1.600375738988486729e+00 -3.861508116392365242e+00 1.000000000000000000e+00
2.234250762826798464e+00 1.592809306948951953e+00 -3.878226864212205083e+00 1.000000000000000000e+00
2.248572883101329190e+00 1.584996307789314329e+00 -3.894345261930594493e+00 1.000000000000000000e+00
2.262895003375859915e+00 1.576937950963017698e+00 -3.909860814417148500e+00 1.000000000000000000e+00
2.277217123650390640e+00 1.568635483904910144e+00 -3.924771119862007218e+00 1.000000000000000000e+00
2.291539243924921365e+00 1.560090191838140017e+00 -3.939073870147647316e+00 1.000000000000000000e+00
2.305861364199452535e+00 1.551303397575203302e+00 -3.952766851206176657e+00 1.000000000000000000e+00
2.320183484473983260e+00 1.542276461313172975e+00 -3.965847943362066363e+00 1.000000000000000000e+00
2.334505604748513985e+00 1.533010780423138764e+00 -3.978315121660288778e+00 1.000000000000000000e+00
2.348827725023044710e+00 1.523507789233895515e+00 -3.990166456179765397e+00 1.000000000000000000e+00
2.363149845297575435e+00 1.513768958809906806e+00 -4.001400112332134995e+00 1.000000000000000000e+00
2.377471965572106161e+00 1.503795796723586209e+00 -4.012014351145734459e+00 1.000000000000000000e+00
2.391794085846636886e+00 1.493589846821923750e+00 -4.022007529534802117e+00 1.000000000000000000e+00
2.406116206121167611e+00 1.483152688987498191e+00 -4.031378100553818733e+00 1.000000000000000000e+00
2.420438326395698336e+00 1.472485938893910440e+00 -4.040124613636985274e+00 1.000000000000000000e+00
2.434760446670229062e+00 1.461591247755678724e+00 -4.048245714822759744e+00 1.000000000000000000e+00
2.449082566944759787e+00 1.450470302072627504e+00 -4.055740146963459303e+00 1.000000000000000000e+00
2.463404687219290512e+00 1.439124823368821193e+00 -4.062606749919861926e+00 1.000000000000000000e+00
2.477726807493821681e+00 1.427556567926067332e+00 -4.068844460740797864e+00 1.000000000000000000e+00
2.492048927768352407e+00 1.415767326512048507e+00 -4.074452313827693573e+00 1.000000000000000000e+00
2.506371048042883132e+00 1.403758924103105654e+00 -4.079429441084050367e+00 1.000000000000000000e+00
2.520693168317413857e+00 1.391533219601737592e+00 -4.083775072049818711e+00 1.000000000000000000e+00
2.535015288591944582e+00 1.379092105548838099e+00 -4.087488534020674358e+00 1.000000000000000000e+00
2.549337408866475307e+00 1.366437507830732700e+00 -4.090569252152143953e+00 1.000000000000000000e+00
2.563659529141006033e+00 1.353571385381049597e+00 -4.093016749548599620e+00 1.000000000000000000e+00
2.577981649415536758e+00 1.340495729877478226e+00 -4.094830647337074581e+00 1.000000000000000000e+00
2.592303769690067483e+00 1.327212565433455449e+00 -4.096010664725920236e+00 1.000000000000000000e+00
2.606625889964598208e+00 1.313723948284833076e+00 -4.096556619048267400e+00 1.000000000000000000e+00
2.620948010239128934e+00 1.300031966471573375e+00 -4.096468425790303236e+00 1.000000000000000000e+00
2.635270130513659659e+00 1.286138739514519624e+00 -4.095746098604358565e+00 1.000000000000000000e+00
2.649592250788190384e+00 1.272046418087291686e+00 -4.094389749306790449e+00 1.000000000000000000e+00
2.663914371062721553e+00 1.257757183683364532e+00 -4.092399587860673371e+00 1.000000000000000000e+00
2.678236491337252279e+00 1.243273248278372156e+00 -4.089775922343299897e+00 1.000000000000000000e+00
2.692558611611783004e+00 1.228596853987691029e+00 -4.086519158898483717e+00 1.000000000000000000e+00
2.706880731886313729e+00 1.213730272719364622e+00 -4.082629801673697933e+00 1.000000000000000000e+00
2.721202852160844454e+00 1.198675805822406293e+00 -4.078108452742024603e+00 1.000000000000000000e+00
2.735524972435375179e+00 1.183435783730555135e+00 -4.072955812008957288e+00 1.000000000000000000e+00
2.749847092709905905e+00 1.168012565601521002e+00 -4.067172677104056611e+00 1.000000000000000000e+00
2.764169212984436630e+00 1.152408538951787964e+00 -4.060759943257475690e+00 1.000000000000000000e+00
2.778491333258967355e+00 1.136626119287026615e+00 -4.053718603161375889e+00 1.000000000000000000e+00
2.792813453533498080e+00 1.120667749728173623e+00 -4.046049746816263948e+00 1.000000000000000000e+00
2.807135573808028806e+00 1.104535900633235146e+00 -4.037754561362254080e+00 1.000000000000000000e+00
2.821457694082559531e+00 1.088233069214875171e+00 -4.028834330895300297e+00 1.000000000000000000e+00
2.835779814357090256e+00 1.071761779153847183e+00 -4.019290436268422084e+00 1.000000000000000000e+00
2.850101934631621425e+00 1.055124580208328000e+00 -4.009124354877939389e+00 1.000000000000000000e+00
2.864424054906152151e+00 1.038324047819215501e+00 -3.998337660434779561e+00 1.000000000000000000e+00
2.878746175180682876e+00 1.021362782711448647e+00 -3.986932022720866442e+00 1.000000000000000000e+00
2.893068295455213601e+00 1.004243410491415078e+00 -3.974909207330628913e+00 1.000000000000000000e+00
2.907390415729744326e+00 9.869685812405072367e-01 -3.962271075397699516e+00 1.000000000000000000e+00
2.921712536004275051e+00 9.695409691048894052e-01 -3.949019583306796921e+00 1.000000000000000000e+00
2.936034656278805777e+00 9.519632718815388417e-01 -3.935156782390891284e+00 1.000000000000000000e+00
2.950356776553336502e+00 9.342382106006287268e-01 -3.920684818613647593e+00 1.000000000000000000e+00
2.964678896827867227e+00 9.163685291043087711e-01 -3.905605932237233180e+00 1.000000000000000000e+00
2.979001017102397952e+00 8.983569936219598651e-01 -3.889922457475525341e+00 1.000000000000000000e+00
2.993323137376928678e+00 8.802063923419822800e-01 -3.873636822132774160e+00 1.000000000000000000e+00
3.007645257651459403e+00 8.619195349801811457e-01 -3.856751547227778243e+00 1.000000000000000000e+00
3.021967377925990128e+00 8.434992523448255897e-01 -3.839269246603629782e+00 1.000000000000000000e+00
3.036289498200521297e+00 8.249483958984348275e-01 -3.821192626523095548e+00 1.000000000000000000e+00
3.050611618475052023e+00 8.062698373163763588e-01 -3.802524485249678232e+00 1.000000000000000000e+00
3.064933738749582748e+00 7.874664680423247853e-01 -3.783267712614454048e+00 1.000000000000000000e+00
3.079255859024113473e+00 7.685411988406699590e-01 -3.763425289568720356e+00 1.000000000000000000e+00
3.093577979298644198e+00 7.494969593459281931e-01 -3.743000287722545671e+00 1.000000000000000000e+00
3.107900099573174924e+00 7.303366976092363627e-01 -3.721995868869289570e+00 1.000000000000000000e+00
3.122222219847705649e+00 7.110633796419906227e-01 -3.700415284496142210e+00 1.000000000000000000e+00
3.136544340122236374e+00 6.916799889567091242e-01 -3.678261875280812720e+00 1.000000000000000000e+00
3.150866460396767099e+00 6.721895261051824555e-01 -3.655539070574372218e+00 1.000000000000000000e+00
3.165188580671297824e+00 6.525950082139898578e-01 -3.632250387870409547e+00 1.000000000000000000e+00
3.179510700945828550e+00 6.328994685174448298e-01 -3.608399432260501527e+00 1.000000000000000000e+00
3.193832821220359275e+00 6.131059558880541660e-01 -3.583989895876166010e+00 1.000000000000000000e+00
3.208154941494890444e+00 5.932175343645460508e-01 -3.559025557317302191e+00 1.000000000000000000e+00
3.222477061769421169e+00 5.732372826775627983e-01 -3.533510281067269165e+00 1.000000000000000000e+00
3.236799182043951895e+00 5.531682937730679761e-01 -3.507448016894671117e+00 1.000000000000000000e+00
3.251121302318482620e+00 5.330136743335599503e-01 -3.480842799241910424e+00 1.000000000000000000e+00
3.265443422593013345e+00 5.127765442971563559e-01 -3.453698746600684544e+00 1.000000000000000000e+00
3.279765542867544070e+00 4.924600363746300391e-01 -3.426020060874420459e+00 1.000000000000000000e+00
3.294087663142074796e+00 4.720672955644597546e-01 -3.397811026727827866e+00 1.000000000000000000e+00
3.308409783416605521e+00 4.516014786659879321e-01 -3.369076010923632403e+00 1.000000000000000000e+00
3.322731903691136246e+00 4.310657537907464087e-01 -3.339819461646599486e+00 1.000000000000000000e+00
3.337054023965666971e+00 4.104632998720313952e-01 -3.310045907814953559e+00 1.000000000000000000e+00
3.351376144240197696e+00 3.897973061728073896e-01 -3.279759958379301121e+00 1.000000000000000000e+00
3.365698264514728422e+00 3.690709717920042654e-01 -3.248966301609172547e+00 1.000000000000000000e+00
3.380020384789259147e+00 3.482875051692990165e-01 -3.217669704367255079e+00 1.000000000000000000e+00
3.394342505063790316e+00 3.274501235884479944e-01 -3.185875011371512855e+00 1.000000000000000000e+00
3.408664625338321041e+00 3.065620526792528500e-01 -3.153587144445197499e+00 1.000000000000000000e+00
3.422986745612851767e+00 2.856265259182282912e-01 -3.120811101754958461e+00 1.000000000000000000e+00
3.437308865887382492e+00 2.646467841280647493e-01 -3.087551957037138806e+00 1.000000000000000000e+00
3.451630986161913217e+00 2.436260749759438238e-01 -3.053814858812329280e+00 1.000000000000000000e+00
3.465953106436443942e+00 2.225676524708014858e-01 -3.019605029588414702e+00 1.000000000000000000e+00
3.480275226710974668e+00 2.014747764596063750e-01 -2.984927765052091342e+00 1.000000000000000000e+00
3.494597346985505393e+00 1.803507121227344578e-01 -2.949788433249127984e+00 1.000000000000000000e+00
3.508919467260036118e+00 1.591987294685213161e-01 -2.914192473753367096e+00 1.000000000000000000e+00
3.523241587534566843e+00 1.380221028270600947e-01 -2.878145396824687730e+00 1.000000000000000000e+00
3.537563707809097568e+00 1.168241103433375755e-01 -2.841652782556016721e+00 1.000000000000000000e+00
3.551885828083628294e+00 9.560803346977610195e-02 -2.804720280009526334e+00 1.000000000000000000e+00
3.566207948358159019e+00 7.437715645826359356e-02 -2.767353606342163097e+00 1.000000000000000000e+00
3.580530068632690188e+00 5.313476585175302275e-02 -2.729558545920622414e+00 1.000000000000000000e+00
3.594852188907220913e+00 3.188414997550360203e-02 -2.691340949425943929e+00 1.000000000000000000e+00
3.609174309181751639e+00 1.062859842804602870e-02 -2.652706732947806234e+00 1.000000000000000000e+00
3.623496429456282364e+00 -1.062859842804560889e-02 -2.613661877068726103e+00 1.000000000000000000e+00
3.637818549730813089e+00 -3.188414997550318569e-02 -2.574212425938262605e+00 1.000000000000000000e+00
3.652140670005343814e+00 -5.313476585175335581e-02 -2.534364486337376210e+00 1.000000000000000000e+00
3.666462790279874540e+00 -7.437715645826317723e-02 -2.494124226733114291e+00 1.000000000000000000e+00
3.680784910554405265e+00 -9.560803346977492234e-02 -2.453497876323700311e+00 1.000000000000000000e+00
3.695107030828935990e+00 -1.168241103433363820e-01 -2.412491724074295352e+00 1.000000000000000000e+00
3.709429151103466715e+00 -1.380221028270589290e-01 -2.371112117743417791e+00 1.000000000000000000e+00
3.723751271377997440e+00 -1.591987294685201504e-01 -2.329365462900359951e+00 1.000000000000000000e+00
3.738073391652528166e+00 -1.803507121227340138e-01 -2.287258221933552882e+00 1.000000000000000000e+00
3.752395511927058891e+00 -2.014747764596052093e-01 -2.244796913050235876e+00 1.000000000000000000e+00
3.766717632201590060e+00 -2.225676524708010695e-01 -2.201988109267402738e+00 1.000000000000000000e+00
3.781039752476120785e+00 -2.436260749759434074e-01 -2.158838437394309473e+00 1.000000000000000000e+00
3.795361872750651511e+00 -2.646467841280643052e-01 -2.115354577006656633e+00 1.000000000000000000e+00
3.809683993025182236e+00 -2.856265259182278471e-01 -2.071543259412555127e+00 1.000000000000000000e+00
3.824006113299712961e+00 -3.065620526792524614e-01 -2.027411266610562368e+00 1.000000000000000000e+00
3.838328233574243686e+00 -3.274501235884475503e-01 -1.982965430239793658e+00 1.000000000000000000e+00
3.852650353848774412e+00 -3.482875051692978507e-01 -1.938212630522399227e+00 1.000000000000000000e+00
3.866972474123305137e+00 -3.690709717920030442e-01 -1.893159795198501083e+00 1.000000000000000000e+00
3.881294594397835862e+00 -3.897973061728062794e-01 -1.847813898453778636e+00 1.000000000000000000e+00
3.895616714672366587e+00 -4.104632998720310066e-01 -1.802181959839862957e+00 1.000000000000000000e+00
3.909938834946897313e+00 -4.310657537907452985e-01 -1.756271043187706660e+00 1.000000000000000000e+00
3.924260955221428038e+00 -4.516014786659869329e-01 -1.710088255514117028e+00 1.000000000000000000e+00
3.938583075495958763e+00 -4.720672955644586444e-01 -1.663640745921553865e+00 1.000000000000000000e+00
3.952905195770489932e+00 -4.924600363746296505e-01 -1.616935704491492709e+00 1.000000000000000000e+00
3.967227316045020657e+00 -5.127765442971560228e-01 -1.569980361171363192e+00 1.000000000000000000e+00
3.981549436319551383e+00 -5.330136743335596172e-01 -1.522781984655364518e+00 1.000000000000000000e+00
3.995871556594082108e+00 -5.531682937730675320e-01 -1.475347881259285288e+00 1.000000000000000000e+00
4.010193676868612833e+00 -5.732372826775624652e-01 -1.427685393789446699e+00 1.000000000000000000e+00
4.024515797143143558e+00 -5.932175343645456067e-01 -1.379801900406085968e+00 1.000000000000000000e+00
4.038837917417674284e+00 -6.131059558880530558e-01 -1.331704813481161764e+00 1.000000000000000000e+00
4.053160037692205009e+00 -6.328994685174446078e-01 -1.283401578450968916e+00 1.000000000000000000e+00
4.067482157966735734e+00 -6.525950082139887476e-01 -1.234899672663546388e+00 1.000000000000000000e+00
4.081804278241266459e+00 -6.721895261051814563e-01 -1.186206604221199390e+00 1.000000000000000000e+00
4.096126398515797185e+00 -6.916799889567080140e-01 -1.137329910818241085e+00 1.000000000000000000e+00
4.110448518790327910e+00 -7.110633796419896235e-01 -1.088277158574155745e+00 1.000000000000000000e+00
4.124770639064858635e+00 -7.303366976092353635e-01 -1.039055940862363414e+00 1.000000000000000000e+00
4.139092759339389360e+00 -7.494969593459277490e-01 -9.896738771347599606e-01 1.000000000000000000e+00
4.153414879613920085e+00 -7.685411988406689598e-01 -9.401386117422424471e-01 1.000000000000000000e+00
4.167736999888450811e+00 -7.874664680423236751e-01 -8.904578127513245178e-01 1.000000000000000000e+00
4.182059120162981536e+00 -8.062698373163751375e-01 -8.406391707571706506e-01 1.000000000000000000e+00
4.196381240437512261e+00 -8.249483958984338283e-01 -7.906903976930346190e-01 1.000000000000000000e+00
4.210703360712042986e+00 -8.434992523448244794e-01 -7.406192256365045079e-01 1.000000000000000000e+00
4.225025480986574600e+00 -8.619195349801814787e-01 -6.904334056125329688e-01 1.000000000000000000e+00
4.239347601261105325e+00 -8.802063923419818359e-01 -6.401407063936090935e-01 1.000000000000000000e+00
4.253669721535636050e+00 -8.983569936219594210e-01 -5.897489132971270864e-01 1.000000000000000000e+00
4.267991841810166775e+00 -9.163685291043083270e-01 -5.392658269802320659e-01 1.000000000000000000e+00
4.282313962084697501e+00 -9.342382106006282827e-01 -4.886992622322727797e-01 1.000000000000000000e+00
4.296636082359228226e+00 -9.519632718815383976e-01 -4.380570467650722333e-01 1.000000000000000000e+00
4.310958202633758951e+00 -9.695409691048890721e-01 -3.873470200011920883e-01 1.000000000000000000e+00
4.325280322908289676e+00 -9.869685812405069036e-01 -3.365770318604076605e-01 1.000000000000000000e+00
4.339602443182820402e+00 -1.004243410491414634e+00 -2.857549415444990415e-01 1.000000000000000000e+00
4.353924563457351127e+00 -1.021362782711448203e+00 -2.348886163206997946e-01 1.000000000000000000e+00
4.368246683731881852e+00 -1.038324047819215057e+00 -1.839859303037848226e-01 1.000000000000000000e+00
4.382568804006412577e+00 -1.055124580208327778e+00 -1.330547632372107714e-01 1.000000000000000000e+00
4.396890924280943302e+00 -1.071761779153846073e+00 -8.210299927329046954e-02 1.000000000000000000e+00
4.411213044555474028e+00 -1.088233069214874060e+00 -3.113852575274320134e-02 1.000000000000000000e+00
4.425535164830004753e+00 -1.104535900633234036e+00 1.983076801627047664e-02 1.000000000000000000e+00
4.439857285104535478e+00 -1.120667749728172957e+00 7.079699197941483058e-02 1.000000000000000000e+00
4.454179405379066203e+00 -1.136626119287026171e+00 1.217522565575605009e-01 1.000000000000000000e+00
4.468501525653596929e+00 -1.152408538951787298e+00 1.726886738680962763e-01 1.000000000000000000e+00
4.482823645928127654e+00 -1.168012565601519892e+00 2.235983589459561716e-01 1.000000000000000000e+00
4.497145766202658379e+00 -1.183435783730554247e+00 2.744734309642533621e-01 1.000000000000000000e+00
4.511467886477189104e+00 -1.198675805822405627e+00 3.253060144541787269e-01 1.000000000000000000e+00
4.525790006751719829e+00 -1.213730272719364178e+00 3.760882405241828264e-01 1.000000000000000000e+00
4.540112127026250555e+00 -1.228596853987690807e+00 4.268122480780268679e-01 1.000000000000000000e+00
4.554434247300781280e+00 -1.243273248278371268e+00 4.774701850317218388e-01 1.000000000000000000e+00
4.568756367575312005e+00 -1.257757183683363644e+00 5.280542095290137183e-01 1.000000000000000000e+00
4.583078487849842730e+00 -1.272046418087290576e+00 5.785564911553079392e-01 1.000000000000000000e+00
4.597400608124374344e+00 -1.286138739514519180e+00 6.289692121498221544e-01 1.000000000000000000e+00
4.611722728398905069e+00 -1.300031966471574041e+00 6.792845686157663598e-01 1.000000000000000000e+00
4.626044848673435794e+00 -1.313723948284833298e+00 7.294947717283903899e-01 1.000000000000000000e+00
4.640366968947966519e+00 -1.327212565433455449e+00 7.795920489407203169e-01 1.000000000000000000e+00
4.654689089222497245e+00 -1.340495729877477782e+00 8.295686451867002598e-01 1.000000000000000000e+00
4.669011209497027970e+00 -1.353571385381049375e+00 8.794168240817344939e-01 1.000000000000000000e+00
4.683333329771558695e+00 -1.366437507830732256e+00 9.291288691202241878e-01 1.000000000000000000e+00
4.697655450046089420e+00 -1.379092105548837655e+00 9.786970848701400660e-01 1.000000000000000000e+00
4.711977570320620146e+00 -1.391533219601737148e+00 1.028113798164220105e+00 1.000000000000000000e+00
4.726299690595150871e+00 -1.403758924103105210e+00 1.077371359287833785e+00 1.000000000000000000e+00
4.740621810869681596e+00 -1.415767326512048507e+00 1.126462143163108776e+00 1.000000000000000000e+00
4.754943931144212321e+00 -1.427556567926067776e+00 1.175378550529316390e+00 1.000000000000000000e+00
4.769266051418743046e+00 -1.439124823368820971e+00 1.224113009119258466e+00 1.000000000000000000e+00
4.783588171693273772e+00 -1.450470302072627504e+00 1.272657974831407079e+00 1.000000000000000000e+00
4.797910291967804497e+00 -1.461591247755678058e+00 1.321005932897787671e+00 1.000000000000000000e+00
4.812232412242335222e+00 -1.472485938893909996e+00 1.369149399047211668e+00 1.000000000000000000e+00
4.826554532516865947e+00 -1.483152688987497747e+00 1.417080920663897237e+00 1.000000000000000000e+00
4.840876652791396673e+00 -1.493589846821923306e+00 1.464793077941080490e+00 1.000000000000000000e+00
4.855198773065927398e+00 -1.503795796723585765e+00 1.512278485029658004e+00 1.000000000000000000e+00
4.869520893340458123e+00 -1.513768958809906362e+00 1.559529791181462288e+00 1.000000000000000000e+00
4.883843013614988848e+00 -1.523507789233894405e+00 1.606539681887212634e+00 1.000000000000000000e+00
4.898165133889519574e+00 -1.533010780423138764e+00 1.653300880008756080e+00 1.000000000000000000e+00
4.912487254164050299e+00 -1.542276461313172753e+00 1.699806146905588955e+00 1.000000000000000000e+00
4.926809374438581024e+00 -1.551303397575203080e+00 1.746048283555419189e+00 1.000000000000000000e+00
4.941131494713111749e+00 -1.560090191838139351e+00 1.792020131668530691e+00 1.000000000000000000e+00
4.955453614987643363e+00 -1.568635483904910144e+00 1.837714574795939360e+00 1.000000000000000000e+00
4.969775735262174088e+00 -1.576937950963017698e+00 1.883124539430975020e+00 1.000000000000000000e+00
4.984097855536704813e+00 -1.584996307789313885e+00 1.928242996104280627e+00 1.000000000000000000e+00
4.998419975811235538e+00 -1.592809306948951953e+00 1.973062960471995586e+00 1.000000000000000000e+00
5.012742096085766264e+00 -1.600375738988486507e+00 2.017577494396886717e+00 1.000000000000000000e+00
5.027064216360296989e+00 -1.607694432623101521e+00 2.061779707022424635e+00 1.000000000000000000e+00
5.041386336634827714e+00 -1.614764254917922193e+00 2.105662755839439182e+00 1.000000000000000000e+00
5.055708456909358439e+00 -1.621584111463394429e+00 2.149219847745391210e+00 1.000000000000000000e+00
5.070030577183889164e+00 -1.628152946544700885e+00 2.192444240095900554e+00 1.000000000000000000e+00
5.084352697458419890e+00 -1.634469743305182909e+00 2.235329241748528428e+00 1.000000000000000000e+00
5.098674817732950615e+00 -1.640533523903752400e+00 2.277868214098587529e+00 1.000000000000000000e+00
5.112996938007481340e+00 -1.646343349666262057e+00 2.320054572106751145e+00 1.000000000000000000e+00
5.127319058282012065e+00 -1.651898321230810485e+00 2.361881785318472371e+00 1.000000000000000000e+00
5.141641178556542791e+00 -1.657197578686964379e+00 2.403343378874846614e+00 1.000000000000000000e+00
5.155963298831073516e+00 -1.662240301708873158e+00 2.444432934514973343e+00 1.000000000000000000e+00
5.170285419105604241e+00 -1.667025709682255163e+00 2.485144091569450708e+00 1.000000000000000000e+00
5.184607539380134966e+00 -1.671553061825236997e+00 2.525470547945061206e+00 1.000000000000000000e+00
5.198929659654665691e+00 -1.675821657303026679e+00 2.565406061100284685e+00 1.000000000000000000e+00
5.213251779929196417e+00 -1.679830835336402650e+00 2.604944449011694196e+00 1.000000000000000000e+00
5.227573900203727142e+00 -1.683579975304002385e+00 2.644079591130893636e+00 1.000000000000000000e+00
5.241896020478257867e+00 -1.687068496838395548e+00 2.682805429331994507e+00 1.000000000000000000e+00
5.256218140752788592e+00 -1.690295859915924792e+00 2.721115968849435074e+00 1.000000000000000000e+00
5.270540261027319318e+00 -1.693261564940300001e+00 2.759005279205929639e+00 1.000000000000000000e+00
5.284862381301850043e+00 -1.695965152819937982e+00 2.796467495130550596e+00 1.000000000000000000e+00
5.299184501576380768e+00 -1.698406205039028949e+00 2.833496817466631512e+00 1.000000000000000000e+00
5.313506621850911493e+00 -1.700584343722322034e+00 2.870087514069521450e+00 1.000000000000000000e+00
5.327828742125443107e+00 -1.702499231693622272e+00 2.906233920693880091e+00 1.000000000000000000e+00
5.342150862399973832e+00 -1.704150572527983076e+00 2.941930441870525215e+00 1.000000000000000000e+00
5.356472982674504557e+00 -1.705538110597595747e+00 2.977171551772624269e+00 1.000000000000000000e+00
5.370795102949035282e+00 -1.706661631111358490e+00 3.011951795071057703e+00 1.000000000000000000e+00
5.385117223223566008e+00 -1.707520960148126488e+00 3.046265787778945189e+00 1.000000000000000000e+00
5.399439343498096733e+00 -1.708115964683636578e+00 3.080108218085054084e+00 1.000000000000000000e+00
5.413761463772627458e+00 -1.708446552611096347e+00 3.113473847176080778e+00 1.000000000000000000e+00
5.428083584047158183e+00 -1.708512672755445161e+00 3.146357510047637973e+00 1.000000000000000000e+00
5.442405704321688908e+00 -1.708314314881275164e+00 3.178754116303761812e+00 1.000000000000000000e+00
5.456727824596219634e+00 -1.707851509694414682e+00 3.210658650944942849e+00 1.000000000000000000e+00
5.471049944870750359e+00 -1.707124328837176019e+00 3.242066175144416196e+00 1.000000000000000000e+00
5.485372065145281084e+00 -1.706132884877266109e+00 3.272971827012723267e+00 1.000000000000000000e+00
5.499694185419811809e+00 -1.704877331290358011e+00 3.303370822350300884e+00 1.000000000000000000e+00
5.514016305694342535e+00 -1.703357862436335690e+00 3.333258455388111940e+00 1.000000000000000000e+00
5.528338425968873260e+00 -1.701574713529206528e+00 3.362630099516060955e+00 1.000000000000000000e+00
5.542660546243403985e+00 -1.699528160600689342e+00 3.391481207999230918e+00 1.000000000000000000e+00
5.556982666517934710e+00 -1.697218520457484781e+00 3.419807314681688304e+00 1.000000000000000000e+00
5.571304786792465435e+00 -1.694646150632233894e+00 3.447604034677858031e+00 1.000000000000000000e+00
5.585626907066996161e+00 -1.691811449328173067e+00 3.474867065051314707e+00 1.000000000000000000e+00
5.599949027341526886e+00 -1.688714855357489997e+00 3.501592185480851160e+00 1.000000000000000000e+00
5.614271147616057611e+00 -1.685356848073396030e+00 3.527775258913816270e+00 1.000000000000000000e+00
5.628593267890588336e+00 -1.681737947295923963e+00 3.553412232206499599e+00 1.000000000000000000e+00
5.642915388165119062e+00 -1.677858713231457966e+00 3.578499136751589926e+00 1.000000000000000000e+00
5.657237508439649787e+00 -1.673719746386014284e+00 3.603032089092486068e+00 1.000000000000000000e+00
5.671559628714180512e+00 -1.669321687472282711e+00 3.627007291524486199e+00 1.000000000000000000e+00
5.685881748988712125e+00 -1.664665217310443479e+00 3.650421032682646061e+00 1.000000000000000000e+00
5.700203869263242851e+00 -1.659751056722778229e+00 3.673269688116312270e+00 1.000000000000000000e+00
5.714525989537773576e+00 -1.654579966422083714e+00 3.695549720850197062e+00 1.000000000000000000e+00
5.728848109812304301e+00 -1.649152746893916888e+00 3.717257681931880331e+00 1.000000000000000000e+00
5.743170230086835026e+00 -1.643470238272675799e+00 3.738390210965722105e+00 1.000000000000000000e+00
5.757492350361365752e+00 -1.637533320211548515e+00 3.758944036633057539e+00 1.000000000000000000e+00
5.771814470635896477e+00 -1.631342911746343605e+00 3.778915977198578524e+00 1.000000000000000000e+00
5.786136590910427202e+00 -1.624899971153222156e+00 3.798302941002889455e+00 1.000000000000000000e+00
5.800458711184957927e+00 -1.618205495800355775e+00 3.817101926941073309e+00 1.000000000000000000e+00
5.814780831459488653e+00 -1.611260521993535200e+00 3.835310024927288453e+00 1.000000000000000000e+00
5.829102951734019378e+00 -1.604066124815750172e+00 3.852924416345223868e+00 1.000000000000000000e+00
5.843425072008550103e+00 -1.596623417960764346e+00 3.869942374484446113e+00 1.000000000000000000e+00
5.857747192283080828e+00 -1.588933553560717415e+00 3.886361264962475470e+00 1.000000000000000000e+00
5.872069312557611553e+00 -1.580997722007774886e+00 3.902178546132594850e+00 1.000000000000000000e+00
5.886391432832142279e+00 -1.572817151769853483e+00 3.917391769477307495e+00 1.000000000000000000e+00
5.900713553106673004e+00 -1.564393109200455712e+00 3.931998579987348030e+00 1.000000000000000000e+00
5.915035673381203729e+00 -1.555726898342637332e+00 3.945996716526259274e+00 1.000000000000000000e+00
5.929357793655734454e+00 -1.546819860727141283e+00 3.959384012180396706e+00 1.000000000000000000e+00
5.943679913930265180e+00 -1.537673375164729572e+00 3.972158394594384578e+00 1.000000000000000000e+00
5.958002034204795905e+00 -1.528288857532741130e+00 3.984317886291902422e+00 1.000000000000000000e+00
5.972324154479326630e+00 -1.518667760555916901e+00 3.995860604981811282e+00 1.000000000000000000e+00
5.986646274753857355e+00 -1.508811573581513965e+00 4.006784763849519315e+00 1.000000000000000000e+00
6.000968395028388080e+00 -1.498721822348757504e+00 4.017088671833595193e+00 1.000000000000000000e+00
6.015290515302918806e+00 -1.488400068752654404e+00 4.026770733887533815e+00 1.000000000000000000e+00
6.029612635577449531e+00 -1.477847910602213766e+00 4.035829451226670805e+00 1.000000000000000000e+00
6.043934755851980256e+00 -1.467066981373102541e+00 4.044263421560205352e+00 1.000000000000000000e+00
6.058256876126511870e+00 -1.456058949954784909e+00 4.052071339308259468e+00 1.000000000000000000e+00
6.072578996401042595e+00 -1.444825520392180485e+00 4.059251995803992763e+00 1.000000000000000000e+00
6.086901116675573320e+00 -1.433368431621872885e+00 4.065804279480700778e+00 1.000000000000000000e+00
6.101223236950104045e+00 -1.421689457202925722e+00 4.071727176043885343e+00 1.000000000000000000e+00
6.115545357224634770e+00 -1.409790405042334216e+00 4.077019768628268537e+00 1.000000000000000000e+00
6.129867477499165496e+00 -1.397673117115161512e+00 4.081681237939721818e+00 1.000000000000000000e+00
6.144189597773696221e+00 -1.385339469179398986e+00 4.085710862382097908e+00 1.000000000000000000e+00
6.158511718048226946e+00 -1.372791370485602291e+00 4.089108018168923664e+00 1.000000000000000000e+00
6.172833838322757671e+00 -1.360030763481333782e+00 4.091872179419976163e+00 1.000000000000000000e+00
6.187155958597288397e+00 -1.347059623510475479e+00 4.094002918242677147e+00 1.000000000000000000e+00
6.201478078871819122e+00 -1.333879958507445229e+00 4.095499904798336033e+00 1.000000000000000000e+00
6.215800199146349847e+00 -1.320493808686366233e+00 4.096362907353208627e+00 1.000000000000000000e+00
6.230122319420880572e+00 -1.306903246225242565e+00 4.096591792314371538e+00 1.000000000000000000e+00
6.244444439695411297e+00 -1.293110374945184882e+00 4.096186524250397198e+00 1.000000000000000000e+00
6.258766559969942023e+00 -1.279117329984741591e+00 4.095147165896842800e+00 1.000000000000000000e+00
6.273088680244472748e+00 -1.264926277469374361e+00 4.093473878146537182e+00 1.000000000000000000e+00
6.287410800519003473e+00 -1.250539414176146558e+00 4.091166920024677189e+00 1.000000000000000000e+00
6.301732920793534198e+00 -1.235958967193657498e+00 4.088226648648724648e+00 1.000000000000000000e+00
6.316055041068064924e+00 -1.221187193577291552e+00 4.084653519173133240e+00 1.000000000000000000e+00
6.330377161342595649e+00 -1.206226379999824516e+00 4.080448084718880430e+00 1.000000000000000000e+00
6.344699281617126374e+00 -1.191078842397445881e+00 4.075610996287851506e+00 1.000000000000000000e+00
6.359021401891657099e+00 -1.175746925611254712e+00 4.070143002662065967e+00 1.000000000000000000e+00
6.373343522166187824e+00 -1.160233003024273124e+00 4.064044950287754254e+00 1.000000000000000000e+00
6.387665642440718550e+00 -1.144539476194049277e+00 4.057317783144344325e+00 1.000000000000000000e+00
6.401987762715249275e+00 -1.128668774480894976e+00 4.049962542598319004e+00 1.000000000000000000e+00
6.416309882989780888e+00 -1.112623354671819387e+00 4.041980367242019589e+00 1.000000000000000000e+00
6.430632003264311614e+00 -1.096405700600222577e+00 4.033372492717393065e+00 1.000000000000000000e+00
6.444954123538842339e+00 -1.080018322761391980e+00 4.024140251524707779e+00 1.000000000000000000e+00
6.459276243813373064e+00 -1.063463757923878816e+00 4.014285072816289990e+00 1.000000000000000000e+00
6.473598364087903789e+00 -1.046744568736808434e+00 4.003808482175281291e+00 1.000000000000000000e+00
6.487920484362434514e+00 -1.029863343333179859e+00 3.992712101379491507e+00 1.000000000000000000e+00
6.502242604636965240e+00 -1.012822694929222722e+00 3.980997648150332413e+00 1.000000000000000000e+00
6.516564724911495965e+00 -9.956252614198697337e-01 3.968666935886925096e+00 1.000000000000000000e+00
6.530886845186026690e+00 -9.782737049704153254e-01 3.955721873385384058e+00 1.000000000000000000e+00
6.545208965460557415e+00 -9.607707116044040818e-01 3.942164464543325586e+00 1.000000000000000000e+00
6.559531085735088141e+00 -9.431189907878396728e-01 3.927996808049680322e+00 1.000000000000000000e+00
6.573853206009618866e+00 -9.253212750097581374e-01 3.913221097059798925e+00 1.000000000000000000e+00
6.588175326284149591e+00 -9.073803193592360206e-01 3.897839618855966748e+00 1.000000000000000000e+00
6.602497446558680316e+00 -8.892989010989046372e-01 3.881854754493317738e+00 1.000000000000000000e+00
6.616819566833211042e+00 -8.710798192350284186e-01 3.865268978431261715e+00 1.000000000000000000e+00
6.631141687107741767e+00 -8.527258940842177282e-01 3.848084858150421894e+00 1.000000000000000000e+00
6.645463807382272492e+00 -8.342399668368446486e-01 3.830305053755204803e+00 1.000000000000000000e+00
6.659785927656803217e+00 -8.156248991172239116e-01 3.811932317561997241e+00 1.000000000000000000e+00
6.674108047931333942e+00 -7.968835725406387960e-01 3.792969493673126635e+00 1.000000000000000000e+00
6.688430168205864668e+00 -7.780188882672588457e-01 3.773419517536583889e+00 1.000000000000000000e+00
6.702752288480395393e+00 -7.590337665530447753e-01 3.753285415491606436e+00 1.000000000000000000e+00
6.717074408754926118e+00 -7.399311462976911891e-01 3.732570304300224073e+00 1.000000000000000000e+00
6.731396529029456843e+00 -7.207139845896847197e-01 3.711277390664755149e+00 1.000000000000000000e+00
6.745718649303987569e+00 -7.013852562485457520e-01 3.689409970731437838e+00 1.000000000000000000e+00
6.760040769578518294e+00 -6.819479533643266755e-01 3.666971429580157871e+00 1.000000000000000000e+00
6.774362889853049019e+00 -6.624050848344353870e-01 3.643965240700463237e+00 1.000000000000000000e+00
6.788685010127580632e+00 -6.427596758978555425e-01 3.620394965453844982e+00 1.000000000000000000e+00
6.803007130402111358e+00 -6.230147676668462697e-01 3.596264252522456406e+00 1.000000000000000000e+00
6.817329250676642083e+00 -6.031734166561677490e-01 3.571576837344288879e+00 1.000000000000000000e+00
6.831651370951172808e+00 -5.832386943099370225e-01 3.546336541534916620e+00 1.000000000000000000e+00
6.845973491225703533e+00 -5.632136865261722081e-01 3.520547272295926788e+00 1.000000000000000000e+00
6.860295611500234259e+00 -5.431014931790864031e-01 3.494213021810077091e+00 1.000000000000000000e+00
6.874617731774764984e+00 -5.229052276392321952e-01 3.467337866623294129e+00 1.000000000000000000e+00
6.888939852049295709e+00 -5.026280162915509608e-01 3.439925967013646613e+00 1.000000000000000000e+00
6.903261972323826434e+00 -4.822729980514064985e-01 3.411981566347306316e+00 1.000000000000000000e+00
6.917584092598357159e+00 -4.618433238786817108e-01 3.383508990421705054e+00 1.000000000000000000e+00
6.931906212872887885e+00 -4.413421562900088913e-01 3.354512646795866360e+00 1.000000000000000000e+00
6.946228333147418610e+00 -4.207726688692120520e-01 3.324997024108149901e+00 1.000000000000000000e+00
6.960550453421949335e+00 -4.001380457760352338e-01 3.294966691381374879e+00 1.000000000000000000e+00
6.974872573696480060e+00 -3.794414812532346248e-01 3.264426297315570213e+00 1.000000000000000000e+00
6.989194693971010786e+00 -3.586861791321073745e-01 3.233380569568317764e+00 1.000000000000000000e+00
7.003516814245541511e+00 -3.378753523365439770e-01 3.201834314022943495e+00 1.000000000000000000e+00
7.017838934520072236e+00 -3.170122223856588484e-01 3.169792414044551698e+00 1.000000000000000000e+00
7.032161054794602961e+00 -2.961000188951039003e-01 3.137259829724064808e+00 1.000000000000000000e+00
7.046483175069133686e+00 -2.751419790771222895e-01 3.104241597110434903e+00 1.000000000000000000e+00
7.060805295343664412e+00 -2.541413472394279394e-01 3.070742827431023780e+00 1.000000000000000000e+00
7.075127415618195137e+00 -2.331013742829852742e-01 3.036768706300421616e+00 1.000000000000000000e+00
7.089449535892725862e+00 -2.120253171987702689e-01 3.002324492917675336e+00 1.000000000000000000e+00
7.103771656167256587e+00 -1.909164385635870875e-01 2.967415519252204259e+00 1.000000000000000000e+00
7.118093776441787313e+00 -1.697780060350209397e-01 2.932047189218367489e+00 1.000000000000000000e+00
7.132415896716318038e+00 -1.486132918456027352e-01 2.896224977838975256e+00 1.000000000000000000e+00
7.146738016990848763e+00 -1.274255722962728543e-01 2.859954430397738001e+00 1.000000000000000000e+00
7.161060137265380376e+00 -1.062181272491989209e-01 2.823241161580839709e+00 1.000000000000000000e+00
7.175382257539911102e+00 -8.499423962006452671e-02 2.786090854607817580e+00 1.000000000000000000e+00
7.189704377814441827e+00 -6.375719486986296258e-02 2.748509260351778671e+00 1.000000000000000000e+00
7.204026498088972552e+00 -4.251028049631332129e-02 2.710502196449151580e+00 1.000000000000000000e+00
7.218348618363503277e+00 -2.125678552495386536e-02 2.672075546399152124e+00 1.000000000000000000e+00
7.232670738638034003e+00 -4.184669395587969318e-16 2.633235258652971478e+00 1.000000000000000000e+00
