0.000000000000000000e+00 0.000000000000000000e+00 -2.674726849430719144e-01 1.000000000000000000e+00
1.433225348802598387e-02 9.674686781823312043e-02 -2.670957792360426630e-01 1.000000000000000000e+00
2.866450697605196773e-02 1.934647506863524102e-01 -2.666388527695681687e-01 1.000000000000000000e+00
4.299676046407795160e-02 2.901246723380118686e-01 -2.661020424368742421e-01 1.000000000000000000e+00
5.732901395210393547e-02 3.866976738717992079e-01 -2.654855090640534931e-01 1.000000000000000000e+00
7.166126744012991934e-02 4.831548224272000924e-01 -2.647894373618820962e-01 1.000000000000000000e+00
8.599352092815590320e-02 5.794672198527595075e-01 -2.640140358704815560e-01 1.000000000000000000e+00
1.003257744161818871e-01 6.756060113638453490e-01 -2.631595368968406845e-01 1.000000000000000000e+00
1.146580279042078709e-01 7.715423941874193225e-01 -2.622261964452176630e-01 1.000000000000000000e+00
1.289902813922338409e-01 8.672476261912246409e-01 -2.612142941404420604e-01 1.000000000000000000e+00
1.433225348802598387e-01 9.626930344948072538e-01 -2.601241331441406235e-01 1.000000000000000000e+00
1.576547883682858364e-01 1.057850024059788563e+00 -2.589560400639111526e-01 1.000000000000000000e+00
1.719870418563118064e-01 1.152690086256817015e+00 -2.577103648554723292e-01 1.000000000000000000e+00
1.863192953443377764e-01 1.247184807406633400e+00 -2.563874807178184168e-01 1.000000000000000000e+00
2.006515488323637741e-01 1.341305877292686688e+00 -2.549877839814106983e-01 1.000000000000000000e+00
2.149838023203897719e-01 1.435025097642754988e+00 -2.535116939894380694e-01 1.000000000000000000e+00
2.293160558084157419e-01 1.528314390577029336e+00 -2.519596529721840894e-01 1.000000000000000000e+00
2.436483092964417119e-01 1.621145807020125007e+00 -2.503321259145363520e-01 1.000000000000000000e+00
2.579805627844676819e-01 1.713491535074507688e+00 -2.486296004166790585e-01 1.000000000000000000e+00
2.723128162724937074e-01 1.805323908352816531e+00 -2.468525865480102888e-01 1.000000000000000000e+00
2.866450697605196773e-01 1.896615414266600519e+00 -2.450016166943269624e-01 1.000000000000000000e+00
3.009773232485456473e-01 1.987338702268968582e+00 -2.430772453983248149e-01 1.000000000000000000e+00
3.153095767365716728e-01 2.077466592048701877e+00 -2.410800491934592671e-01 1.000000000000000000e+00
3.296418302245976428e-01 2.166972081673353756e+00 -2.390106264312188422e-01 1.000000000000000000e+00
3.439740837126236128e-01 2.255828355678918040e+00 -2.368695971018614510e-01 1.000000000000000000e+00
3.583063372006495828e-01 2.344008793103627308e+00 -2.346576026486679178e-01 1.000000000000000000e+00
3.726385906886755528e-01 2.431486975463478473e+00 -2.323753057757683149e-01 1.000000000000000000e+00
3.869708441767015783e-01 2.518236694667100650e+00 -2.300233902495986971e-01 1.000000000000000000e+00
4.013030976647275483e-01 2.604231960867582796e+00 -2.276025606940474955e-01 1.000000000000000000e+00
4.156353511527535183e-01 2.689447010248927850e+00 -2.251135423793533263e-01 1.000000000000000000e+00
4.299676046407795438e-01 2.773856312744779284e+00 -2.225570810048169423e-01 1.000000000000000000e+00
4.442998581288055138e-01 2.857434579687119225e+00 -2.199339424753929406e-01 1.000000000000000000e+00
4.586321116168314838e-01 2.940156771382647527e+00 -2.172449126722280077e-01 1.000000000000000000e+00
4.729643651048574537e-01 3.021998104614564973e+00 -2.144907972172142574e-01 1.000000000000000000e+00
4.872966185928834237e-01 3.102934060067525923e+00 -2.116724212316280496e-01 1.000000000000000000e+00
5.016288720809094492e-01 3.182940389673514225e+00 -2.087906290889275929e-01 1.000000000000000000e+00
5.159611255689353637e-01 3.261993123876461453e+00 -2.058462841617819949e-01 1.000000000000000000e+00
5.302933790569613892e-01 3.340068578813429667e+00 -2.028402685634084768e-01 1.000000000000000000e+00
5.446256325449874147e-01 3.417143363410191093e+00 -1.997734828832951337e-01 1.000000000000000000e+00
5.589578860330133292e-01 3.493194386389093076e+00 -1.966468459173880690e-01 1.000000000000000000e+00
5.732901395210393547e-01 3.568198863187114878e+00 -1.934612943928239737e-01 1.000000000000000000e+00
5.876223930090653802e-01 3.642134322782015765e+00 -1.902177826872908650e-01 1.000000000000000000e+00
6.019546464970912947e-01 3.714978614424564451e+00 -1.869172825431003604e-01 1.000000000000000000e+00
6.162868999851173202e-01 3.786709914274807520e+00 -1.835607827760579180e-01 1.000000000000000000e+00
6.306191534731433457e-01 3.857306731940396638e+00 -1.801492889792178642e-01 1.000000000000000000e+00
6.449514069611692602e-01 3.926747916915021452e+00 -1.766838232216119686e-01 1.000000000000000000e+00
6.592836604491952857e-01 3.995012664915013278e+00 -1.731654237420418574e-01 1.000000000000000000e+00
6.736159139372212001e-01 4.062080524112214874e+00 -1.695951446380271621e-01 1.000000000000000000e+00
6.879481674252472256e-01 4.127931401261263566e+00 -1.659740555500022197e-01 1.000000000000000000e+00
7.022804209132732511e-01 4.192545567719445643e+00 -1.623032413408565799e-01 1.000000000000000000e+00
7.166126744012991656e-01 4.255903665357302579e+00 -1.585838017709146341e-01 1.000000000000000000e+00
7.309449278893251911e-01 4.317986712358260704e+00 -1.548168511684519522e-01 1.000000000000000000e+00
7.452771813773511056e-01 4.378776108905491071e+00 -1.510035180958474166e-01 1.000000000000000000e+00
7.596094348653771311e-01 4.438253642754337314e+00 -1.471449450114706292e-01 1.000000000000000000e+00
7.739416883534031566e-01 4.496401494688627487e+00 -1.432422879274063976e-01 1.000000000000000000e+00
7.882739418414290711e-01 4.553202243859238330e+00 -1.392967160631183587e-01 1.000000000000000000e+00
8.026061953294550966e-01 4.608638873003302550e+00 -1.353094114951556015e-01 1.000000000000000000e+00
8.169384488174811221e-01 4.662694773542512827e+00 -1.312815688030079253e-01 1.000000000000000000e+00
8.312707023055070366e-01 4.715353750558978874e+00 -1.272143947112146511e-01 1.000000000000000000e+00
8.456029557935330621e-01 4.766600027647156068e+00 -1.231091077278350654e-01 1.000000000000000000e+00
8.599352092815590876e-01 4.816418251640388171e+00 -1.189669377793888538e-01 1.000000000000000000e+00
8.742674627695850020e-01 4.864793497210655460e+00 -1.147891258423750227e-01 1.000000000000000000e+00
8.885997162576110275e-01 4.911711271340137408e+00 -1.105769235714807314e-01 1.000000000000000000e+00
9.029319697456369420e-01 4.957157517663249635e+00 -1.063315929245911423e-01 1.000000000000000000e+00
9.172642232336629675e-01 5.001118620677893034e+00 -1.020544057847115882e-01 1.000000000000000000e+00
9.315964767216889930e-01 5.043581409824575701e+00 -9.774664357891754696e-02 1.000000000000000000e+00
9.459287302097149075e-01 5.084533163432272573e+00 -9.340959689444401637e-02 1.000000000000000000e+00
9.602609836977409330e-01 5.123961612529781995e+00 -8.904456509203133308e-02 1.000000000000000000e+00
9.745932371857668475e-01 5.161854944521447663e+00 -8.465285591664209464e-02 1.000000000000000000e+00
9.889254906737928730e-01 5.198201806726177487e+00 -8.023578510566632682e-02 1.000000000000000000e+00
1.003257744161818898e+00 5.232991309778642020e+00 -7.579467599473242723e-02 1.000000000000000000e+00
1.017589997649844813e+00 5.266213030891695013e+00 -7.133085912124098593e-02 1.000000000000000000e+00
1.031922251137870727e+00 5.297857016978990252e+00 -6.684567182574176203e-02 1.000000000000000000e+00
1.046254504625896864e+00 5.327913787636885168e+00 -6.234045785127201311e-02 1.000000000000000000e+00
1.060586758113922778e+00 5.356374337984725287e+00 -5.781656694077698389e-02 1.000000000000000000e+00
1.074919011601948693e+00 5.383230141362678189e+00 -5.327535443273241633e-02 1.000000000000000000e+00
1.089251265089974829e+00 5.408473151886274088e+00 -4.871818085509083823e-02 1.000000000000000000e+00
1.103583518578000744e+00 5.432095806856922948e+00 -4.414641151767365740e-02 1.000000000000000000e+00
1.117915772066026658e+00 5.454091029027670068e+00 -3.956141610312963880e-02 1.000000000000000000e+00
1.132248025554052795e+00 5.474452228723500902e+00 -3.496456825658397077e-02 1.000000000000000000e+00
1.146580279042078709e+00 5.493173305815587604e+00 -3.035724517410025997e-02 1.000000000000000000e+00
1.160912532530104624e+00 5.510248651548858234e+00 -2.574082719007805137e-02 1.000000000000000000e+00
1.175244786018130760e+00 5.525673150222356611e+00 -2.111669736371072151e-02 1.000000000000000000e+00
1.189577039506156675e+00 5.539442180721882103e+00 -1.648624106462697608e-02 1.000000000000000000e+00
1.203909292994182589e+00 5.551551617904462610e+00 -1.185084555783973322e-02 1.000000000000000000e+00
1.218241546482208726e+00 5.561997833834219307e+00 -7.211899588127350554e-03 1.000000000000000000e+00
1.232573799970234640e+00 5.570777698869289196e+00 -2.570792963972130113e-03 1.000000000000000000e+00
1.246906053458260555e+00 5.577888582599452860e+00 2.071083858820980950e-03 1.000000000000000000e+00
1.261238306946286691e+00 5.583328354634188528e+00 6.712340193698798120e-03 1.000000000000000000e+00
1.275570560434312606e+00 5.587095385240928636e+00 1.135158554000349936e-02 1.000000000000000000e+00
1.289902813922338520e+00 5.589188545833328803e+00 1.598742999956106678e-02 1.000000000000000000e+00
1.304235067410364435e+00 5.589607209309376046e+00 2.061848469308862064e-02 1.000000000000000000e+00
1.318567320898390571e+00 5.588351250239272261e+00 2.524336217629688170e-02 1.000000000000000000e+00
1.332899574386416486e+00 5.585421044903015719e+00 2.986067685556226259e-02 1.000000000000000000e+00
1.347231827874442400e+00 5.580817471177660138e+00 3.446904540304543407e-02 1.000000000000000000e+00
1.361564081362468537e+00 5.574541908274315283e+00 3.906708717112991613e-02 1.000000000000000000e+00
1.375896334850494451e+00 5.566596236324937053e+00 4.365342460605830394e-02 1.000000000000000000e+00
1.390228588338520366e+00 5.556982835819043842e+00 4.822668366064179063e-02 1.000000000000000000e+00
1.404560841826546502e+00 5.545704586890540355e+00 5.278549420591870101e-02 1.000000000000000000e+00
1.418893095314572417e+00 5.532764868454837170e+00 5.732849044163913083e-02 1.000000000000000000e+00
1.433225348802598331e+00 5.518167557196542283e+00 6.185431130545320649e-02 1.000000000000000000e+00
1.447557602290624468e+00 5.501917026408023936e+00 6.636160088067945273e-02 1.000000000000000000e+00
1.461889855778650382e+00 5.484018144679188467e+00 7.084900880253139355e-02 1.000000000000000000e+00
1.476222109266676297e+00 5.464476274438874626e+00 7.531519066268170526e-02 1.000000000000000000e+00
1.490554362754702211e+00 5.443297270348291583e+00 7.975880841204061045e-02 1.000000000000000000e+00
1.504886616242728348e+00 5.420487477546984678e+00 8.417853076163007986e-02 1.000000000000000000e+00
1.519218869730754262e+00 5.396053729751862704e+00 8.857303358143209238e-02 1.000000000000000000e+00
1.533551123218780177e+00 5.370003347209843625e+00 9.294100029709259636e-02 1.000000000000000000e+00
1.547883376706806313e+00 5.342344134504739550e+00 9.728112228436149034e-02 1.000000000000000000e+00
1.562215630194832228e+00 5.313084378219036452e+00 1.015920992611507728e-01 1.000000000000000000e+00
1.576547883682858142e+00 5.282232844451270282e+00 1.058726396770936357e-01 1.000000000000000000e+00
1.590880137170884279e+00 5.249798776189737559e+00 1.101214611004877053e-01 1.000000000000000000e+00
1.605212390658910193e+00 5.215791890543342468e+00 1.143372906025053592e-01 1.000000000000000000e+00
1.619544644146936108e+00 5.180222375830386916e+00 1.185188651385587627e-01 1.000000000000000000e+00
1.633876897634962244e+00 5.143100888526194403e+00 1.226649319267020533e-01 1.000000000000000000e+00
1.648209151122988159e+00 5.104438550070473646e+00 1.267742488229594844e-01 1.000000000000000000e+00
1.662541404611014073e+00 5.064246943535390955e+00 1.308455846934666877e-01 1.000000000000000000e+00
1.676873658099040210e+00 5.022538110155315039e+00 1.348777197833132269e-01 1.000000000000000000e+00
1.691205911587066124e+00 4.979324545719335582e+00 1.388694460819756837e-01 1.000000000000000000e+00
1.705538165075092039e+00 4.934619196827559229e+00 1.428195676852324070e-01 1.000000000000000000e+00
1.719870418563118175e+00 4.888435457012372254e+00 1.467269011534520495e-01 1.000000000000000000e+00
1.734202672051144090e+00 4.840787162725795234e+00 1.505902758661460394e-01 1.000000000000000000e+00
1.748534925539170004e+00 4.791688589194139425e+00 1.544085343726821491e-01 1.000000000000000000e+00
1.762867179027195919e+00 4.741154446141205625e+00 1.581805327390518323e-01 1.000000000000000000e+00
1.777199432515222055e+00 4.689199873381323158e+00 1.619051408905875789e-01 1.000000000000000000e+00
1.791531686003247970e+00 4.635840436283515942e+00 1.655812429505285344e-01 1.000000000000000000e+00
1.805863939491273884e+00 4.581092121108190085e+00 1.692077375743329393e-01 1.000000000000000000e+00
1.820196192979300021e+00 4.524971330217714360e+00 1.727835382796358010e-01 1.000000000000000000e+00
1.834528446467325935e+00 4.467494877162348388e+00 1.763075737717543223e-01 1.000000000000000000e+00
1.848860699955351850e+00 4.408679981642968926e+00 1.797787882646434132e-01 1.000000000000000000e+00
1.863192953443377986e+00 4.348544264352118383e+00 1.831961417972050588e-01 1.000000000000000000e+00
1.877525206931403901e+00 4.287105741694929861e+00 1.865586105448554244e-01 1.000000000000000000e+00
1.891857460419429815e+00 4.224382820391480386e+00 1.898651871262590218e-01 1.000000000000000000e+00
1.906189713907455952e+00 4.160394291962218993e+00 1.931148809051357051e-01 1.000000000000000000e+00
1.920521967395481866e+00 4.095159327098106594e+00 1.963067182870507910e-01 1.000000000000000000e+00
1.934854220883507780e+00 4.028697469917156937e+00 1.994397430111003733e-01 1.000000000000000000e+00
1.949186474371533695e+00 3.961028632109108827e+00 2.025130164364023766e-01 1.000000000000000000e+00
1.963518727859559831e+00 3.892173086969954454e+00 2.055256178233100250e-01 1.000000000000000000e+00
1.977850981347585746e+00 3.822151463328164578e+00 2.084766446092609082e-01 1.000000000000000000e+00
1.992183234835611660e+00 3.750984739364367826e+00 2.113652126791812080e-01 1.000000000000000000e+00
2.006515488323637797e+00 3.678694236326371492e+00 2.141904566303630408e-01 1.000000000000000000e+00
2.020847741811663933e+00 3.605301612141421863e+00 2.169515300317348683e-01 1.000000000000000000e+00
2.035179995299689626e+00 3.530828854927573257e+00 2.196476056774490371e-01 1.000000000000000000e+00
2.049512248787715762e+00 3.455298276406133962e+00 2.222778758347091488e-01 1.000000000000000000e+00
2.063844502275741455e+00 3.378732505217187043e+00 2.248415524857630687e-01 1.000000000000000000e+00
2.078176755763767591e+00 3.301154480140124914e+00 2.273378675639901036e-01 1.000000000000000000e+00
2.092509009251793728e+00 3.222587443221307968e+00 2.297660731840101001e-01 1.000000000000000000e+00
2.106841262739819420e+00 3.143054932810837698e+00 2.321254418657469065e-01 1.000000000000000000e+00
2.121173516227845557e+00 3.062580776510559488e+00 2.344152667523784761e-01 1.000000000000000000e+00
2.135505769715871693e+00 2.981189084035431147e+00 2.366348618221078282e-01 1.000000000000000000e+00
2.149838023203897386e+00 2.898904239990346188e+00 2.387835620936923642e-01 1.000000000000000000e+00
2.164170276691923522e+00 2.815750896564597205e+00 2.408607238256697813e-01 1.000000000000000000e+00
2.178502530179949659e+00 2.731753966146210022e+00 2.428657247092196880e-01 1.000000000000000000e+00
2.192834783667975351e+00 2.646938613858284217e+00 2.447979640546050217e-01 1.000000000000000000e+00
2.207167037156001488e+00 2.561330250019623556e+00 2.466568629711361482e-01 1.000000000000000000e+00
2.221499290644027624e+00 2.474954522531926493e+00 2.484418645406039905e-01 1.000000000000000000e+00
2.235831544132053317e+00 2.387837309195776747e+00 2.501524339841302291e-01 1.000000000000000000e+00
2.250163797620079453e+00 2.300004709957756965e+00 2.517880588223850857e-01 1.000000000000000000e+00
2.264496051108105590e+00 2.211483039091031610e+00 2.533482490291236733e-01 1.000000000000000000e+00
2.278828304596131282e+00 2.122298817311692787e+00 2.548325371779957549e-01 1.000000000000000000e+00
2.293160558084157419e+00 2.032478763833262647e+00 2.562404785825850295e-01 1.000000000000000000e+00
2.307492811572183555e+00 1.942049788361742468e+00 2.575716514296348403e-01 1.000000000000000000e+00
2.321825065060209248e+00 1.851038983033572061e+00 2.588256569054220857e-01 1.000000000000000000e+00
2.336157318548235384e+00 1.759473614298935118e+00 2.600021193152396992e-01 1.000000000000000000e+00
2.350489572036261521e+00 1.667381114752861215e+00 2.611006861959534464e-01 1.000000000000000000e+00
2.364821825524287213e+00 1.574789074916527420e+00 2.621210284215982900e-01 1.000000000000000000e+00
2.379154079012313350e+00 1.481725234971251082e+00 2.630628403019831807e-01 1.000000000000000000e+00
2.393486332500339486e+00 1.388217476447662468e+00 2.639258396742744650e-01 1.000000000000000000e+00
2.407818585988365179e+00 1.294293813872512189e+00 2.647097679875306531e-01 1.000000000000000000e+00
2.422150839476391315e+00 1.199982386375620491e+00 2.654143903801634563e-01 1.000000000000000000e+00
2.436483092964417452e+00 1.105311449259545276e+00 2.660394957503007807e-01 1.000000000000000000e+00
2.450815346452443144e+00 1.010309365534393544e+00 2.665848968190325796e-01 1.000000000000000000e+00
2.465147599940469281e+00 9.150045974203804278e-01 2.670504301865182506e-01 1.000000000000000000e+00
2.479479853428495417e+00 8.194256978206846398e-01 2.674359563809409757e-01 1.000000000000000000e+00
2.493812106916521110e+00 7.236013017671117931e-01 2.677413599002925748e-01 1.000000000000000000e+00
2.508144360404547246e+00 6.275601178411537306e-01 2.679665492469776589e-01 1.000000000000000000e+00
2.522476613892573383e+00 5.313309195730337997e-01 2.681114569552257021e-01 1.000000000000000000e+00
2.536808867380599075e+00 4.349425368212729848e-01 2.681760396113035960e-01 1.000000000000000000e+00
2.551141120868625212e+00 3.384238471353789302e-01 2.681602778665223563e-01 1.000000000000000000e+00
2.565473374356650904e+00 2.418037671042723713e-01 2.680641764430335972e-01 1.000000000000000000e+00
2.579805627844677041e+00 1.451112436929806182e-01 2.678877641324151071e-01 1.000000000000000000e+00
2.594137881332703177e+00 4.837524557026662980e-02 2.676310937870447493e-01 1.000000000000000000e+00
2.608470134820728870e+00 -4.837524557026775390e-02 2.672942423042664606e-01 1.000000000000000000e+00
2.622802388308755006e+00 -1.451112436929817007e-01 2.668773106033516807e-01 1.000000000000000000e+00
2.637134641796781143e+00 -2.418037671042735370e-01 2.663804235952647592e-01 1.000000000000000000e+00
2.651466895284806835e+00 -3.384238471353775424e-01 2.658037301452398915e-01 1.000000000000000000e+00
2.665799148772832972e+00 -4.349425368212715970e-01 2.651474030281819605e-01 1.000000000000000000e+00
2.680131402260859108e+00 -5.313309195730349099e-01 2.644116388769037207e-01 1.000000000000000000e+00
2.694463655748884801e+00 -6.275601178411523984e-01 2.635966581232155881e-01 1.000000000000000000e+00
2.708795909236910937e+00 -7.236013017671105718e-01 2.627027049318850227e-01 1.000000000000000000e+00
2.723128162724937074e+00 -8.194256978206857500e-01 2.617300471274859319e-01 1.000000000000000000e+00
2.737460416212962766e+00 -9.150045974203790955e-01 2.606789761141597439e-01 1.000000000000000000e+00
2.751792669700988903e+00 -1.010309365534392212e+00 2.595498067883115212e-01 1.000000000000000000e+00
2.766124923189015039e+00 -1.105311449259546608e+00 2.583428774442687037e-01 1.000000000000000000e+00
2.780457176677040732e+00 -1.199982386375619381e+00 2.570585496729294595e-01 1.000000000000000000e+00
2.794789430165066868e+00 -1.294293813872510635e+00 2.556972082534316182e-01 1.000000000000000000e+00
2.809121683653093005e+00 -1.388217476447666021e+00 2.542592610378743290e-01 1.000000000000000000e+00
2.823453937141118697e+00 -1.481725234971252414e+00 2.527451388291275247e-01 1.000000000000000000e+00
2.837786190629144834e+00 -1.574789074916528531e+00 2.511552952517649984e-01 1.000000000000000000e+00
2.852118444117170970e+00 -1.667381114752864768e+00 2.494902066161606424e-01 1.000000000000000000e+00
2.866450697605196662e+00 -1.759473614298936450e+00 2.477503717757877921e-01 1.000000000000000000e+00
2.880782951093222799e+00 -1.851038983033572727e+00 2.459363119777646101e-01 1.000000000000000000e+00
2.895115204581248936e+00 -1.942049788361745799e+00 2.440485707066910592e-01 1.000000000000000000e+00
2.909447458069274628e+00 -2.032478763833261315e+00 2.420877135218231502e-01 1.000000000000000000e+00
2.923779711557300764e+00 -2.122298817311691455e+00 2.400543278876332842e-01 1.000000000000000000e+00
2.938111965045326901e+00 -2.211483039091034275e+00 2.379490229978090954e-01 1.000000000000000000e+00
2.952444218533352593e+00 -2.300004709957755633e+00 2.357724295927415281e-01 1.000000000000000000e+00
2.966776472021378730e+00 -2.387837309195775415e+00 2.335251997705569404e-01 1.000000000000000000e+00
2.981108725509404422e+00 -2.474954522531925161e+00 2.312080067917522963e-01 1.000000000000000000e+00
2.995440978997430559e+00 -2.561330250019622223e+00 2.288215448774884309e-01 1.000000000000000000e+00
3.009773232485456695e+00 -2.646938613858282441e+00 2.263665290016047826e-01 1.000000000000000000e+00
3.024105485973482388e+00 -2.731753966146208246e+00 2.238436946764161828e-01 1.000000000000000000e+00
3.038437739461508524e+00 -2.815750896564595429e+00 2.212537977323561500e-01 1.000000000000000000e+00
3.052769992949534661e+00 -2.898904239990344855e+00 2.185976140915338040e-01 1.000000000000000000e+00
3.067102246437560353e+00 -2.981189084035432035e+00 2.158759395352707611e-01 1.000000000000000000e+00
3.081434499925586490e+00 -3.062580776510560820e+00 2.130895894656880396e-01 1.000000000000000000e+00
3.095766753413612626e+00 -3.143054932810838142e+00 2.102393986614156385e-01 1.000000000000000000e+00
3.110099006901638319e+00 -3.222587443221308412e+00 2.073262210274961770e-01 1.000000000000000000e+00
3.124431260389664455e+00 -3.301154480140125802e+00 2.043509293395582571e-01 1.000000000000000000e+00
3.138763513877690592e+00 -3.378732505217187487e+00 2.013144149823370976e-01 1.000000000000000000e+00
3.153095767365716284e+00 -3.455298276406133517e+00 1.982175876826194338e-01 1.000000000000000000e+00
3.167428020853742421e+00 -3.530828854927574589e+00 1.950613752366923137e-01 1.000000000000000000e+00
3.181760274341768557e+00 -3.605301612141425416e+00 1.918467232323808891e-01 1.000000000000000000e+00
3.196092527829794250e+00 -3.678694236326370159e+00 1.885745947657531396e-01 1.000000000000000000e+00
3.210424781317820386e+00 -3.750984739364366494e+00 1.852459701525803193e-01 1.000000000000000000e+00
3.224757034805846523e+00 -3.822151463328165910e+00 1.818618466346393070e-01 1.000000000000000000e+00
3.239089288293872215e+00 -3.892173086969953122e+00 1.784232380809428753e-01 1.000000000000000000e+00
3.253421541781898352e+00 -3.961028632109107050e+00 1.749311746839883330e-01 1.000000000000000000e+00
3.267753795269924488e+00 -4.028697469917157825e+00 1.713867026511170788e-01 1.000000000000000000e+00
3.282086048757950181e+00 -4.095159327098104818e+00 1.677908838910748823e-01 1.000000000000000000e+00
3.296418302245976317e+00 -4.160394291962218993e+00 1.641447956958682342e-01 1.000000000000000000e+00
3.310750555734002454e+00 -4.224382820391482163e+00 1.604495304180130200e-01 1.000000000000000000e+00
3.325082809222028146e+00 -4.287105741694928085e+00 1.567061951432699440e-01 1.000000000000000000e+00
3.339415062710054283e+00 -4.348544264352117494e+00 1.529159113589657060e-01 1.000000000000000000e+00
3.353747316198080419e+00 -4.408679981642968038e+00 1.490798146180014050e-01 1.000000000000000000e+00
3.368079569686106112e+00 -4.467494877162349276e+00 1.451990541986449834e-01 1.000000000000000000e+00
3.382411823174132248e+00 -4.524971330217715249e+00 1.412747927602123477e-01 1.000000000000000000e+00
3.396744076662158385e+00 -4.581092121108190085e+00 1.373082059947397515e-01 1.000000000000000000e+00
3.411076330150184077e+00 -4.635840436283515942e+00 1.333004822747516638e-01 1.000000000000000000e+00
3.425408583638210214e+00 -4.689199873381323158e+00 1.292528222972284535e-01 1.000000000000000000e+00
3.439740837126236350e+00 -4.741154446141207401e+00 1.251664387238841103e-01 1.000000000000000000e+00
3.454073090614262043e+00 -4.791688589194140313e+00 1.210425558178569033e-01 1.000000000000000000e+00
3.468405344102288179e+00 -4.840787162725797010e+00 1.168824090769257917e-01 1.000000000000000000e+00
3.482737597590313872e+00 -4.888435457012371366e+00 1.126872448633605972e-01 1.000000000000000000e+00
3.497069851078340008e+00 -4.934619196827559229e+00 1.084583200305163642e-01 1.000000000000000000e+00
3.511402104566366145e+00 -4.979324545719335582e+00 1.041969015462867465e-01 1.000000000000000000e+00
3.525734358054391837e+00 -5.022538110155315927e+00 9.990426611352488939e-02 1.000000000000000000e+00
3.540066611542417974e+00 -5.064246943535390955e+00 9.558169978754901819e-02 1.000000000000000000e+00
3.554398865030444110e+00 -5.104438550070475422e+00 9.123049759084560228e-02 1.000000000000000000e+00
3.568731118518469803e+00 -5.143100888526192627e+00 8.685196312508641769e-02 1.000000000000000000e+00
3.583063372006495939e+00 -5.180222375830386916e+00 8.244740818057418041e-02 1.000000000000000000e+00
3.597395625494522076e+00 -5.215791890543344245e+00 7.801815234323697390e-02 1.000000000000000000e+00
3.611727878982547768e+00 -5.249798776189736671e+00 7.356552259928536563e-02 1.000000000000000000e+00
3.626060132470573905e+00 -5.282232844451268505e+00 6.909085293765221403e-02 1.000000000000000000e+00
3.640392385958600041e+00 -5.313084378219036452e+00 6.459548395033669344e-02 1.000000000000000000e+00
3.654724639446625734e+00 -5.342344134504739550e+00 6.008076243076763273e-02 1.000000000000000000e+00
3.669056892934651870e+00 -5.370003347209843625e+00 5.554804097031027649e-02 1.000000000000000000e+00
3.683389146422678007e+00 -5.396053729751862704e+00 5.099867755303556099e-02 1.000000000000000000e+00
3.697721399910703699e+00 -5.420487477546982902e+00 4.643403514887415456e-02 1.000000000000000000e+00
3.712053653398729836e+00 -5.443297270348289807e+00 4.185548130527549926e-02 1.000000000000000000e+00
3.726385906886755972e+00 -5.464476274438874626e+00 3.726438773749783662e-02 1.000000000000000000e+00
3.740718160374781665e+00 -5.484018144679188467e+00 3.266212991764719242e-02 1.000000000000000000e+00
3.755050413862807801e+00 -5.501917026408024824e+00 2.805008666259203517e-02 1.000000000000000000e+00
3.769382667350833938e+00 -5.518167557196542283e+00 2.342963972087561131e-02 1.000000000000000000e+00
3.783714920838859630e+00 -5.532764868454837170e+00 1.880217335875017035e-02 1.000000000000000000e+00
3.798047174326885767e+00 -5.545704586890540355e+00 1.416907394545575440e-02 1.000000000000000000e+00
3.812379427814911903e+00 -5.556982835819043842e+00 9.531729537871293581e-03 1.000000000000000000e+00
3.826711681302937595e+00 -5.566596236324937053e+00 4.891529464657949633e-03 1.000000000000000000e+00
3.841043934790963732e+00 -5.574541908274315283e+00 2.498639100214459651e-04 1.000000000000000000e+00
3.855376188278989869e+00 -5.580817471177660138e+00 -4.391876502779777300e-03 1.000000000000000000e+00
3.869708441767015561e+00 -5.585421044903015719e+00 -9.032301128060329226e-03 1.000000000000000000e+00
3.884040695255041697e+00 -5.588351250239272261e+00 -1.367001971433916795e-02 1.000000000000000000e+00
3.898372948743067390e+00 -5.589607209309376046e+00 -1.830364282085278349e-02 1.000000000000000000e+00
3.912705202231093526e+00 -5.589188545833328803e+00 -2.293178223382669884e-02 1.000000000000000000e+00
3.927037455719119663e+00 -5.587095385240928636e+00 -2.755305138237699319e-02 1.000000000000000000e+00
3.941369709207145355e+00 -5.583328354634188528e+00 -3.216606575392196715e-02 1.000000000000000000e+00
3.955701962695171492e+00 -5.577888582599452860e+00 -3.676944330897603114e-02 1.000000000000000000e+00
3.970034216183197628e+00 -5.570777698869289196e+00 -4.136180489520278891e-02 1.000000000000000000e+00
3.984366469671223321e+00 -5.561997833834219307e+00 -4.594177466060306303e-02 1.000000000000000000e+00
3.998698723159249457e+00 -5.551551617904462610e+00 -5.050798046571514793e-02 1.000000000000000000e+00
4.013030976647275594e+00 -5.539442180721882103e+00 -5.505905429470062812e-02 1.000000000000000000e+00
4.027363230135301286e+00 -5.525673150222356611e+00 -5.959363266519700914e-02 1.000000000000000000e+00
4.041695483623327867e+00 -5.510248651548858234e+00 -6.411035703681099152e-02 1.000000000000000000e+00
4.056027737111353559e+00 -5.493173305815586716e+00 -6.860787421813138720e-02 1.000000000000000000e+00
4.070359990599379252e+00 -5.474452228723500902e+00 -7.308483677213932495e-02 1.000000000000000000e+00
4.084692244087405832e+00 -5.454091029027668291e+00 -7.753990341989580592e-02 1.000000000000000000e+00
4.099024497575431525e+00 -5.432095806856922948e+00 -8.197173944238049514e-02 1.000000000000000000e+00
4.113356751063457217e+00 -5.408473151886274977e+00 -8.637901708037108717e-02 1.000000000000000000e+00
4.127689004551482910e+00 -5.383230141362678189e+00 -9.076041593223251047e-02 1.000000000000000000e+00
4.142021258039509490e+00 -5.356374337984725287e+00 -9.511462334950353259e-02 1.000000000000000000e+00
4.156353511527535183e+00 -5.327913787636885168e+00 -9.944033483016127828e-02 1.000000000000000000e+00
4.170685765015560875e+00 -5.297857016978992029e+00 -1.037362544094440620e-01 1.000000000000000000e+00
4.185018018503587456e+00 -5.266213030891695013e+00 -1.080010950481180287e-01 1.000000000000000000e+00
4.199350271991613148e+00 -5.232991309778642020e+00 -1.122335790180662429e-01 1.000000000000000000e+00
4.213682525479638841e+00 -5.198201806726177487e+00 -1.164324382850935591e-01 1.000000000000000000e+00
4.228014778967665421e+00 -5.161854944521447663e+00 -1.205964148888219872e-01 1.000000000000000000e+00
4.242347032455691114e+00 -5.123961612529780218e+00 -1.247242613195712890e-01 1.000000000000000000e+00
4.256679285943716806e+00 -5.084533163432274350e+00 -1.288147408921072323e-01 1.000000000000000000e+00
4.271011539431743387e+00 -5.043581409824573925e+00 -1.328666281161481333e-01 1.000000000000000000e+00
4.285343792919769079e+00 -5.001118620677893034e+00 -1.368787090635144033e-01 1.000000000000000000e+00
4.299676046407794772e+00 -4.957157517663252300e+00 -1.408497817318187795e-01 1.000000000000000000e+00
4.314008299895821352e+00 -4.911711271340135632e+00 -1.447786564045800695e-01 1.000000000000000000e+00
4.328340553383847045e+00 -4.864793497210657236e+00 -1.486641560076558122e-01 1.000000000000000000e+00
4.342672806871872737e+00 -4.816418251640388171e+00 -1.525051164618913824e-01 1.000000000000000000e+00
4.357005060359899318e+00 -4.766600027647156068e+00 -1.563003870318709077e-01 1.000000000000000000e+00
4.371337313847925010e+00 -4.715353750558978874e+00 -1.600488306706736308e-01 1.000000000000000000e+00
4.385669567335950703e+00 -4.662694773542514604e+00 -1.637493243605281645e-01 1.000000000000000000e+00
4.400001820823977283e+00 -4.608638873003300773e+00 -1.674007594492644968e-01 1.000000000000000000e+00
4.414334074312002976e+00 -4.553202243859238330e+00 -1.710020419824596627e-01 1.000000000000000000e+00
4.428666327800028668e+00 -4.496401494688627487e+00 -1.745520930311842411e-01 1.000000000000000000e+00
4.442998581288055249e+00 -4.438253642754337314e+00 -1.780498490152429558e-01 1.000000000000000000e+00
4.457330834776080941e+00 -4.378776108905491071e+00 -1.814942620218196467e-01 1.000000000000000000e+00
4.471663088264106634e+00 -4.317986712358262480e+00 -1.848843001194272195e-01 1.000000000000000000e+00
4.485995341752133214e+00 -4.255903665357300802e+00 -1.882189476670706740e-01 1.000000000000000000e+00
4.500327595240158907e+00 -4.192545567719445643e+00 -1.914972056185269278e-01 1.000000000000000000e+00
4.514659848728184599e+00 -4.127931401261263566e+00 -1.947180918216574463e-01 1.000000000000000000e+00
4.528992102216211180e+00 -4.062080524112213986e+00 -1.978806413126546482e-01 1.000000000000000000e+00
4.543324355704236872e+00 -3.995012664915012390e+00 -2.009839066051420375e-01 1.000000000000000000e+00
4.557656609192262565e+00 -3.926747916915023229e+00 -2.040269579740366379e-01 1.000000000000000000e+00
4.571988862680289145e+00 -3.857306731940392641e+00 -2.070088837340915144e-01 1.000000000000000000e+00
4.586321116168314838e+00 -3.786709914274806188e+00 -2.099287905130310938e-01 1.000000000000000000e+00
4.600653369656340530e+00 -3.714978614424567116e+00 -2.127858035192037034e-01 1.000000000000000000e+00
4.614985623144367111e+00 -3.642134322782013989e+00 -2.155790668036644542e-01 1.000000000000000000e+00
4.629317876632392803e+00 -3.568198863187116210e+00 -2.183077435166130564e-01 1.000000000000000000e+00
4.643650130120418495e+00 -3.493194386389093076e+00 -2.209710161581123489e-01 1.000000000000000000e+00
4.657982383608445076e+00 -3.417143363410190204e+00 -2.235680868230062734e-01 1.000000000000000000e+00
4.672314637096470769e+00 -3.340068578813428779e+00 -2.260981774399694888e-01 1.000000000000000000e+00
4.686646890584496461e+00 -3.261993123876463674e+00 -2.285605300046140709e-01 1.000000000000000000e+00
4.700979144072523042e+00 -3.182940389673511561e+00 -2.309544068065848832e-01 1.000000000000000000e+00
4.715311397560548734e+00 -3.102934060067526811e+00 -2.332790906505732287e-01 1.000000000000000000e+00
4.729643651048574426e+00 -3.021998104614564529e+00 -2.355338850711871657e-01 1.000000000000000000e+00
4.743975904536601007e+00 -2.940156771382645307e+00 -2.377181145416083219e-01 1.000000000000000000e+00
4.758308158024626700e+00 -2.857434579687117004e+00 -2.398311246759772530e-01 1.000000000000000000e+00
4.772640411512652392e+00 -2.773856312744780173e+00 -2.418722824254447290e-01 1.000000000000000000e+00
4.786972665000678973e+00 -2.689447010248923853e+00 -2.438409762678307724e-01 1.000000000000000000e+00
4.801304918488704665e+00 -2.604231960867581464e+00 -2.457366163908330237e-01 1.000000000000000000e+00
4.815637171976730357e+00 -2.518236694667103315e+00 -2.475586348687334459e-01 1.000000000000000000e+00
4.829969425464756938e+00 -2.431486975463476252e+00 -2.493064858325456379e-01 1.000000000000000000e+00
4.844301678952782630e+00 -2.344008793103628641e+00 -2.509796456335544601e-01 1.000000000000000000e+00
4.858633932440808323e+00 -2.255828355678918484e+00 -2.525776130002000963e-01 1.000000000000000000e+00
4.872966185928834904e+00 -2.166972081673353312e+00 -2.540999091882558680e-01 1.000000000000000000e+00
4.887298439416860596e+00 -2.077466592048700544e+00 -2.555460781242585022e-01 1.000000000000000000e+00
4.901630692904886288e+00 -1.987338702268971247e+00 -2.569156865421455271e-01 1.000000000000000000e+00
4.915962946392912869e+00 -1.896615414266596966e+00 -2.582083241130603835e-01 1.000000000000000000e+00
4.930295199880938561e+00 -1.805323908352816975e+00 -2.594236035682844776e-01 1.000000000000000000e+00
4.944627453368964254e+00 -1.713491535074506800e+00 -2.605611608152619829e-01 1.000000000000000000e+00
4.958959706856990834e+00 -1.621145807020123897e+00 -2.616206550466799730e-01 1.000000000000000000e+00
4.973291960345016527e+00 -1.528314390577027115e+00 -2.626017688425729135e-01 1.000000000000000000e+00
4.987624213833042219e+00 -1.435025097642756098e+00 -2.635042082654204254e-01 1.000000000000000000e+00
5.001956467321068800e+00 -1.341305877292682025e+00 -2.643277029482097307e-01 1.000000000000000000e+00
5.016288720809094492e+00 -1.247184807406632734e+00 -2.650720061754363033e-01 1.000000000000000000e+00
5.030620974297120185e+00 -1.152690086256815460e+00 -2.657368949570190209e-01 1.000000000000000000e+00
5.044953227785146765e+00 -1.057850024059785898e+00 -2.663221700951067805e-01 1.000000000000000000e+00
5.059285481273172458e+00 -9.626930344948038121e-01 -2.668276562437574828e-01 1.000000000000000000e+00
5.073617734761198150e+00 -8.672476261912250850e-01 -2.672532019614710097e-01 1.000000000000000000e+00
5.087949988249223843e+00 -7.715423941874235414e-01 -2.675986797565601538e-01 1.000000000000000000e+00
5.102282241737250423e+00 -6.756060113638437947e-01 -2.678639861253470089e-01 1.000000000000000000e+00
5.116614495225276116e+00 -5.794672198527618390e-01 -2.680490415831718320e-01 1.000000000000000000e+00
5.130946748713301808e+00 -4.831548224272014802e-01 -2.681537906882065503e-01 1.000000000000000000e+00
5.145279002201328389e+00 -3.866976738717995965e-01 -2.681782020580648629e-01 1.000000000000000000e+00
5.159611255689354081e+00 -2.901246723380112025e-01 -2.681222683792041095e-01 1.000000000000000000e+00
5.173943509177379774e+00 -1.934647506863557964e-01 -2.679860064091165728e-01 1.000000000000000000e+00
5.188275762665406354e+00 -9.674686781823052528e-02 -2.677694569713089945e-01 1.000000000000000000e+00
5.202608016153432047e+00 -1.369071733526500384e-15 -2.674726849430719144e-01 1.000000000000000000e+00
