% # columns="iter, evals, sigma, 0, fitness, xbest" seed=42, Mon Jun 30 21:18:23 2025, <python>{}</python>
1 24 0.6079066843808483 0 -0.45120945798113654 0.5530854868705384 -0.008866470754042233 0.3620460357976535 -0.19254836063629824
2 48 0.5266890308931993 0 -0.6366975829303814 0.13289461978942224 0.11926909423779453 0.520366974804932 -0.07003789571856883
3 72 0.567115444658169 0 -0.49594342858720086 0.6718029755453229 0.15337409463113694 -0.21601473820885353 -0.5822781249971096
4 96 0.5335455055458024 0 -0.39722739095842685 0.6867463588804228 0.1722721540626086 -0.1457672591774799 -0.43807061595946806
5 120 0.6300163813230379 0 -0.5129731744132965 0.7532387836596324 -0.28897062084841146 0.4550620982934883 -1.2056778954311802
6 144 0.6152962546727204 0 -0.44911918970492093 0.7745601923923436 -0.36880159776879984 0.5500996641362728 -1.1906069089526778
7 168 0.7114670590758995 0 -0.42510704567424235 0.83826512284548 -0.6788933028433259 1.078756889007763 -1.6190904460268056
8 192 0.7364247038264602 0 -0.778084006441465 0.25901331575953046 -0.1680353248920724 0.7416243180357359 -1.2059582334996537
9 216 0.6440138971493844 0 -0.5177545723826605 0.18136902176254244 0.13098198550716783 0.39408003286575755 -1.0293942172884412
10 240 0.6036008027513811 0 -0.8024832862501329 0.10158087971488265 0.026172881088308425 0.32337253129557314 -0.26545981804985286
11 264 0.7718985424358822 0 -0.8640689486450474 0.11389855777270612 -0.014833901836577179 0.6131189039904005 -2.1258816778781906
12 288 0.7526902015331943 0 -0.9038983505505903 0.36367173739648917 -0.4275589774012989 0.9261846291805613 -1.9418271219595455
13 312 0.6284684500384298 0 -0.7927959071413289 0.3386143606738056 -0.06770601655801842 0.29447198242429085 -1.6980601801889723
14 336 0.538666406789122 0 -0.7493807393839547 0.5605896651664939 -0.23322248386810188 0.4843107550203691 -1.7443756138247661
15 360 0.5212298461894596 0 -0.7915030248953633 0.3482654467237503 -0.1454860131899241 0.31069496739205277 -2.1632742187261664
16 384 0.5117106490021973 0 -0.9616028000181341 0.379363374927108 0.3481229852232264 -0.5659860223324744 -1.9179401241117235
17 408 0.5314034609387001 0 -0.9255802796119982 0.2742476348580587 -0.0284848861038283 0.07163085486546622 -1.7557003851861819
18 432 0.5631972329672077 0 -0.9154282521647022 0.3109404539541497 -0.511114677089199 1.225602160343476 -1.7465521365042926
19 456 0.4719081629717973 0 -0.9122927693799016 0.18715828385958147 -0.07114777262405736 0.3330760389592055 -1.7174305486188188
20 480 0.4418684026079677 0 -0.9729403567072916 0.24575656574462795 -0.3252636202182307 0.7852713186950987 -1.806001902634364
21 504 0.36524101897382816 0 -0.9224695788201086 0.23602353511231947 -0.1545426390763186 0.48183884934175675 -1.7181844982259749
22 528 0.35392535336056824 0 -0.9501645657419812 0.2260054361117095 -0.26244166473942676 0.7713326872172904 -1.803420931355651
23 552 0.3550121299358951 0 -0.9805185831713875 0.17335477206823702 -0.2512490098239671 0.8182454515661198 -1.766585083226299
24 576 0.4347285778599149 0 -0.9681018108791689 0.1328417009482338 -0.12607756632265632 0.5987537178833092 -1.7343937817202608
25 600 0.3629756583388973 0 -0.9813974745775214 0.18026662819549377 -0.2767916419641744 0.8591223193696139 -1.7716560349122448
26 624 0.3547564561065104 0 -0.9676110855717671 0.16330358564579586 -0.23274874630104875 0.8844494319987257 -1.738097762178569
27 648 0.31884480925279907 0 -0.9834947912671083 0.14321930051575893 -0.21134865819418783 0.8133523614357911 -1.7406485230047617
28 672 0.3254793818168403 0 -0.9852101540332687 0.10644871908603852 -0.15192227551101933 0.806715463909119 -1.6706739822129193
29 696 0.27499916081030534 0 -0.9869207360590952 0.12641369688123036 -0.19923178692092047 0.8725633316068087 -1.7176569294241688
30 720 0.24544229720974117 0 -0.9856354982263046 0.1353835605599601 -0.23210947652284472 0.9414904654295523 -1.7308218518653133
31 744 0.23263271321319973 0 -0.9899677644206966 0.11308626392203577 -0.19689251261022744 0.9492210285895706 -1.70248153438415
32 768 0.22667797335130002 0 -0.9901995510661371 0.13113503009822786 -0.21437845113006393 0.8885265203863509 -1.711688655946642
33 792 0.23541096148797463 0 -0.9933375127156634 0.10540943892526178 -0.1757340414871526 0.8913269406387927 -1.6856413491572593
34 816 0.21785670723537198 0 -0.9960272857926623 0.12549617773397878 -0.2120325003091159 0.8832636114470646 -1.6959779442264118
35 840 0.270750560559465 0 -0.9967125705309862 0.10376104040239292 -0.175814776668357 0.8809203260017777 -1.6796282013221786
36 864 0.237218741229127 0 -0.9929132442665206 0.11782998859262371 -0.2241641456629918 0.9911527814722861 -1.6974450308756355
37 888 0.22190823216416458 0 -0.9928773061410492 0.1154615611824183 -0.22069737548867568 1.0250018288722464 -1.696162457214052
38 912 0.18696269168148502 0 -0.9936208734269035 0.11971107807729794 -0.20062432463305024 0.890542404978734 -1.6990432913121247
39 936 0.18557054173524654 0 -0.9967126775073205 0.1226116864786337 -0.21315508350751355 0.902428706119356 -1.697315763244229
40 960 0.18457585386544154 0 -0.9960086860292673 0.10718327915658163 -0.18233520238754297 0.8903356929767086 -1.6818167431072066
41 984 0.21420931989033337 0 -0.9975168591472683 0.11209700799142763 -0.1955344227493568 0.8999762206534103 -1.6862037339547589
42 1008 0.22772511951012278 0 -0.9968779727503378 0.10956505310593108 -0.19206643808985105 0.911383143917265 -1.6831694035483606
43 1032 0.2110617117743382 0 -0.9972527038843534 0.10378637034180264 -0.18802050572990303 0.9363280330171024 -1.6740269573849418
44 1056 0.17438329230523159 0 -0.9979398234955803 0.11467251592952014 -0.20442074501272167 0.9194160340845746 -1.6864776225810425
45 1080 0.18703419822395806 0 -0.9975378218854208 0.11503069800533416 -0.22725505924536574 1.0240233584000102 -1.6876345517322824
46 1104 0.17593080182911244 0 -0.9981594445474812 0.11404004525484222 -0.2209200773031806 0.9982564218826248 -1.685648712731637
47 1128 0.15936288714008462 0 -0.9982121272458113 0.11122225408526841 -0.19781903149328695 0.9148417340127872 -1.6831388603428048
48 1152 0.19668453292116897 0 -0.9985892436515829 0.11180357645220353 -0.20923153823728627 0.9594410496646503 -1.682975880535671
49 1176 0.18064650287123882 0 -0.9986219426635526 0.10540601534982788 -0.19831258272112212 0.9621437059341116 -1.6755277318772823
50 1200 0.18299762650210785 0 -0.9986089316255237 0.10489580554862658 -0.19212891634224827 0.9384348097180775 -1.6758523929220732
51 1224 0.16540849749280317 0 -0.9984520575227627 0.10698634974933202 -0.1878765785597233 0.8998143201117914 -1.6773932538042
52 1248 0.13213293926953662 0 -0.9984162068876624 0.10605537345367921 -0.1976489813081816 0.9569769464397945 -1.678026978870538
53 1272 0.11634427238963949 0 -0.9987061359920549 0.1091155971025533 -0.20105063642645832 0.9423669793969969 -1.680607195885579
54 1296 0.11970025125463822 0 -0.9987457547734434 0.10691985399116008 -0.20277232100534426 0.9704129330293924 -1.6776411868488836
55 1320 0.11055723425797448 0 -0.9987506976073052 0.10569219394159746 -0.20290640803250357 0.9824336582656877 -1.6765990646831015
56 1344 0.09935381353357274 0 -0.9987621297386552 0.10774676649543533 -0.20091575589372832 0.953931573958884 -1.6786930451752413
57 1368 0.10197645270696168 0 -0.9987360046237825 0.107632787887751 -0.2030137900881394 0.9650471841999867 -1.678184766517417
58 1392 0.1105458954562752 0 -0.9987574575379861 0.10614445963123138 -0.2048441589234898 0.9872983192729675 -1.6774167992341042
59 1416 0.10010977761038106 0 -0.9987606965612565 0.10914127305263306 -0.20086121146143313 0.941295188892861 -1.679753256828468
60 1440 0.09338815195965056 0 -0.9987838852957256 0.10606418049994565 -0.20087013872110737 0.9686539439542137 -1.67708555349368
61 1464 0.13339542872019353 0 -0.9988197853215454 0.10608241730724699 -0.19767161658673965 0.9523095467483093 -1.6766646949067638
62 1488 0.17925756542587484 0 -0.9988950920096519 0.10686568056663606 -0.1840161220695306 0.8791333178116408 -1.6779355615360256
63 1512 0.17395203503638137 0 -0.9988777191415888 0.10753226320065726 -0.18895512560079475 0.8970869003274984 -1.6780211985729834
64 1536 0.19590414571771445 0 -0.9988877629561393 0.10693263777587574 -0.18004759334486667 0.8596192584852225 -1.6780097990491465
65 1560 0.2034467996545722 0 -0.99888360206633 0.10738749250298761 -0.18401592927503366 0.8747862734070679 -1.678687290202718
66 1584 0.22194683461102382 0 -0.9989340828110718 0.10603542847579832 -0.1702201262203138 0.8188062816295494 -1.677322282306433
67 1608 0.23937570511753167 0 -0.9989997608539388 0.10693840563650053 -0.17067596564808293 0.8134792966138067 -1.6778376273214115
68 1632 0.2738268856821059 0 -0.9989340330825858 0.10681231589128508 -0.1670044748424695 0.7969378975479912 -1.677282574888972
69 1656 0.3136956452722948 0 -0.9990327874964551 0.10658832480395924 -0.15273430936116275 0.7283900698681813 -1.6778682858040084
70 1680 0.27527655474410495 0 -0.9990982726381098 0.10624101065686437 -0.152157563848403 0.7280961687631108 -1.6766306030112768
71 1704 0.23781111178114464 0 -0.9991431013328835 0.10580210724291865 -0.14111306672345444 0.6778988369243097 -1.676575474552514
72 1728 0.23861527901296825 0 -0.9991669044854427 0.106393339140358 -0.14430341924155277 0.6893094674592993 -1.677277502001857
73 1752 0.19658274202966367 0 -0.9992059704374663 0.10653544212808252 -0.14583131346045608 0.6953814172662997 -1.677327621133746
74 1776 0.17564007406294915 0 -0.9991147370483903 0.10653006721913048 -0.14743098153717982 0.7036389340710484 -1.6770844888672725
