% # columns="iteration, evaluation, sigma, axis ratio, bestever, best, median, worst objective function value, interquartile range, further/more values", seed=42, Mon Jun 30 14:59:40 2025, <python>{}</python>
1 24 0.5748601892174786 1.0000375007031337 -0.5411579466830743 -5.4115794668307426e-01 1000000.0 1000000.0 0.0   
2 48 0.6923347108397951 1.5805002476436545 -0.7199059546148453 -7.1990595461484530e-01 1000000.0 1000000.0 0.0   
3 72 0.6270964026563598 2.0209558912142347 -0.7199059546148453 -5.6715218414276380e-01 1000000.0 1000000.0 0.0   
4 96 0.5693456515899934 2.1350274406488126 -0.7199059546148453 -5.3967582375315115e-01 1000000.0 1000000.0 0.0   
5 120 0.5322701576825026 2.3246541356926493 -0.7199059546148453 -5.4221996952748930e-01 1000000.0 1000000.0 0.0   
6 144 0.5456107569585157 2.8413133462603004 -0.7199059546148453 -6.4755955057472359e-01 1000000.0 1000000.0 0.0   
7 168 0.6312452739028384 2.8499465960926846 -0.7795858055365068 -7.7958580553650680e-01 1000000.0 1000000.0 500000.05686032656   
8 192 0.6323288357148906 2.6923415834143922 -0.7795858055365068 -6.5727156493495997e-01 1000000.0 1000000.0 0.0   
9 216 0.5264167172473607 3.213069087326715 -0.7795858055365068 -5.4684420667772971e-01 1000000.0 1000000.0 0.0   
