% # columns="iteration, evaluation, sigma, void, void,  stds==sigma*sigma_vec.scaling*sqrt(diag(C))", seed=42, Mon Jun 30 14:59:40 2025, <python>{}</python>
1 24 0.5748601892174786 0 0 0.3 0.738545353127694 0.3333333333333333 0.003307796883676122
2 48 0.6923347108397951 0 0 0.3 0.8144869842640204 0.33333333333333337 0.0033333333333333327
3 72 0.6270964026563598 0 0 0.2588650856722773 0.6858288905610475 0.3007456575999834 0.002749516515182706
4 96 0.5693456515899934 0 0 0.24522370576446126 0.5376570361355948 0.2972616164283972 0.002245996461557162
5 120 0.5322701576825026 0 0 0.25645235472379196 0.42618661504459315 0.307840386947058 0.0023218661472380695
6 144 0.5456107569585157 0 0 0.24688513236063403 0.38555321753454574 0.3185984816039833 0.002119594749615988
7 168 0.6312452739028384 0 0 0.2678320757028442 0.38159251591728943 0.33333333333333326 0.002875941601848297
8 192 0.6323288357148906 0 0 0.2820555251373601 0.33881520625383665 0.3333333333333333 0.0030248484358890554
9 216 0.5264167172473607 0 0 0.23679495996707836 0.23072778267396518 0.28133367041113283 0.002566392116144622
