% # columns="iter, evals, sigma, 0, fitness, xbest" seed=42, Mon Jun 30 14:59:40 2025, <python>{}</python>
1 24 0.5748601892174786 0 -0.5411579466830743 0.5530854868705384 -0.008866470754042233 0.308027989798265 -8.238242371701701e-05
2 48 0.6923347108397951 0 -0.7199059546148453 0.23214976070775345 0.01733999736075814 0.47594045057165607 -0.0002925434334030807
3 72 0.6270964026563598 0 -0.5671521841427638 0.5305112601558957 -0.02275894839836337 0.12288359808095847 -0.00029465414786004294
4 96 0.5693456515899934 0 -0.5396758237531512 0.3097405773783375 0.12638269488259374 -0.3400060893899197 -1.3882107171938733e-06
5 120 0.5322701576825026 0 -0.5422199695274893 0.3107828890591645 -0.12962275726133948 0.3822359464482495 -6.995303313317977e-05
6 144 0.5456107569585157 0 -0.6475595505747236 0.17660062214785305 -0.016318596737755334 0.0874140408596633 -1.9373792855311354e-06
7 168 0.6312452739028384 0 -0.7795858055365068 0.13570915532007488 -0.009294545808452237 -0.1571760633060076 -0.0013162757164534864
8 192 0.6323288357148906 0 -0.65727156493496 0.2634206481705556 0.09969002106106371 0.44239318466656946 -6.436974052712998e-05
9 216 0.5264167172473607 0 -0.5468442066777297 0.15072881002303762 0.07178022102992818 0.24507848866233536 -9.643216322053857e-05
